Page of the first C++ solution: 1
Page of the last C++ solution: 169
Number of solutions to gather: 100
6 25
8 7
8 17
10 21
13 1
13 10
16 23
16 28
25 13
25 16
25 20
27 22
30 12
30 13
30 18
31 27
32 9
39 28
40 8
40 15
41 3
44 11
45 7
45 24
48 15
53 11
53 12
53 27
55 30
56 23
58 3
59 25
61 11
61 14
61 22
65 29
69 8
70 8
72 1
74 4
74 28
76 18
80 28
82 13
83 5
83 6
83 29
87 16
90 4
91 12
91 27
92 18
94 14
95 27
100 3
100 13
103 24
105 17
106 1
108 8
109 9
111 9
111 10
114 11
115 5
116 2
118 1
120 19
121 12
121 18
124 15
126 3
128 12
128 27
130 30
132 10
135 5
135 11
137 3
140 24
141 18
142 2
142 7
145 11
145 22
147 29
149 1
151 12
154 13
154 20
156 6
159 28
160 2
162 8
162 19
163 5
165 5
166 1
167 3
167 9