Page of the first C++ solution: 1
Page of the last C++ solution: 440
Number of solutions to gather: 100
5 15
10 8
16 2
16 4
31 3
31 6
33 28
42 5
46 26
48 10
50 19
51 3
54 17
54 19
59 3
60 8
61 23
64 12
64 22
73 22
76 27
77 20
87 22
87 27
88 8
90 15
92 4
93 18
96 3
98 19
101 22
102 11
105 6
106 5
117 1
117 4
130 21
137 23
139 26
147 28
152 4
154 27
158 18
164 4
175 11
178 27
186 21
192 23
192 27
195 23
196 14
210 28
218 24
223 8
223 13
223 22
232 5
239 3
242 12
253 16
257 13
260 25
265 2
267 11
270 29
278 15
286 24
289 26
294 12
296 9
296 16
299 4
300 14
301 25
302 10
318 29
321 13
335 22
336 19
340 22
342 1
343 22
349 15
357 6
370 5
373 19
376 20
384 10
387 13
397 1
402 22
403 27
406 1
407 5
409 7
415 19
417 22
418 5
429 14
437 13