Page of the first C++ solution: 1
Page of the last C++ solution: 869
Number of solutions to gather: 100
31 23
44 10
56 29
61 26
67 27
83 11
90 16
97 2
111 25
118 21
128 12
130 18
140 18
144 26
145 2
145 4
148 15
152 20
154 30
158 4
172 26
176 20
187 4
187 21
193 10
196 10
211 20
216 29
222 19
239 2
245 24
258 19
268 12
285 10
292 8
297 5
302 13
321 14
352 1
356 12
361 24
377 21
379 1
409 27
425 24
452 24
461 10
464 8
480 12
493 25
501 21
502 28
504 4
532 4
546 26
589 17
593 7
605 25
607 7
607 9
634 8
641 10
645 1
651 3
656 22
662 20
664 24
667 26
686 20
691 21
694 17
697 13
698 9
701 10
702 12
702 26
719 28
721 27
746 4
748 6
751 6
752 4
767 26
769 19
779 25
788 26
794 9
795 20
799 28
802 23
812 24
823 26
829 23
833 30
834 19
836 15
852 24
852 28
853 28
864 8