Page of the first C++ solution: 1
Page of the last C++ solution: 697
Number of solutions to gather: 100
16 17
20 15
38 17
55 7
63 29
65 11
69 25
79 2
97 15
121 15
128 3
147 10
149 15
158 1
159 2
162 26
171 17
175 1
179 1
186 4
186 8
193 6
195 6
211 2
211 26
229 7
230 11
236 6
241 26
243 12
261 25
270 1
286 23
302 4
303 4
312 22
313 25
317 26
331 30
359 11
362 2
364 14
366 21
384 29
387 2
400 6
410 28
411 30
415 22
418 6
430 18
433 20
435 12
448 19
460 21
465 5
487 25
489 11
489 25
510 3
521 1
522 4
531 18
545 28
548 16
557 11
558 14
559 18
565 30
567 25
574 27
578 22
584 4
590 7
592 28
606 4
607 7
611 20
614 15
616 8
617 8
619 17
637 19
643 29
644 19
644 25
647 19
652 8
659 18
662 25
663 11
670 9
671 10
674 3
682 21
683 29
690 16
690 25
690 27
697 2