Page of the first C++ solution: 1
Page of the last C++ solution: 1042
Number of solutions to gather: 100
25 27
31 6
34 16
38 28
44 7
60 14
68 29
78 21
92 13
93 27
95 4
97 10
97 10 peguei o 11
106 25
107 6
112 21
125 18
132 20
133 2
143 4
154 12
158 13
175 16
178 19
200 18
214 30
215 13
244 10
249 9
261 15
270 6
271 11
281 4
318 29
347 9
350 13
355 4
357 25
369 27
379 11
386 11
394 3
422 5
425 21
430 1
431 8
475 30
477 24
478 16
505 10
505 24
508 21
522 19
538 7
560 15
567 4
569 20
569 25
613 22
619 21
651 20
652 7
656 15
661 30
664 11
693 13
702 9
706 17
707 22
712 21
739 19
758 22
801 13
803 22
805 5
813 20
829 25
837 16
839 9
843 2
924 10
928 16
931 16
934 9
935 2
939 30
943 14
949 3
952 21
960 12
967 17
975 19
994 20
999 22
1001 4
1019 11
1019 19
1021 23
1024 29
1031 15