Page of the first C++ solution: 1
Page of the last C++ solution: 1005
Number of solutions to gather: 100
6 27
18 26
25 14
30 15
34 14
38 13
47 27
71 1
79 21
98 14
122 11
145 15
153 20
161 6
190 13
198 22
202 3
209 10
221 24
232 22
269 30
284 1
285 23
306 2
319 3
333 16
336 30
362 10
363 11
379 28
381 21
386 4
387 16
387 23
389 15
393 19
396 12
396 24
412 24
414 27
416 28
420 2
420 12
422 7
424 11
441 2
442 13
453 1
454 1
454 5
466 30
474 20
480 11
500 14
516 16
522 9
558 6
564 13
572 8
587 11
591 28
607 8
640 11
644 25
646 22
653 6
673 29
680 30
689 8
696 16
704 23
709 25
717 26
732 13
744 19
757 7
769 14
781 3
803 26
812 22
847 15
857 3
861 11
861 29
871 7
872 30
879 18
912 29
913 19
919 8
928 1
928 16
942 1
943 26
957 30
966 18
971 27
984 10
1000 22
1003 1