Page of the first C++ solution: 1
Page of the last C++ solution: 617
Number of solutions to gather: 100
5 14
6 8
6 25
9 10
16 14
23 27
27 17
39 15
51 11
85 23
88 1
104 7
114 24
134 19
138 6
138 22
139 29
145 14
148 8
148 12
159 12
167 1
182 7
188 4
191 18
204 1
204 7
215 25
217 12
218 9
229 19
232 2
232 28
247 25
254 11
266 8
268 11
271 9
273 26
280 21
282 23
288 14
288 26
293 11
295 30
307 24
314 27
329 20
336 16
337 20
342 9
342 25
347 26
354 19
359 10
361 3
363 5
363 26
372 6
372 27
375 24
377 15
378 12
381 6
392 9
406 26
413 4
418 21
432 19
432 30
436 8
441 28
452 26
460 1
468 21
495 27
504 9
507 10
510 9
513 21
520 4
530 28
537 11
539 13
540 14
543 11
558 8
566 3
581 7
581 9
581 20
584 11
585 14
588 19
589 9
598 6
602 24
603 27
610 11
611 15