Page of the first C++ solution: 1
Page of the last C++ solution: 1253
Number of solutions to gather: 100
17 2
35 25
46 2
71 14
76 9
86 28
101 26
105 19
122 24
123 15
125 7
129 15
150 19
153 3
154 16
159 11
185 13
200 8
214 6
226 11
230 26
241 18
248 6
286 19
308 12
314 6
318 21
347 24
358 2
359 30
364 24
387 14
387 26
401 9
401 28
422 3
439 12
454 26
455 26
460 7
494 2
509 3
510 27
516 23
528 26
540 29
542 29
553 23
573 26
576 11
579 28
604 14
620 9
641 24
649 4
655 28
657 2
664 1
675 20
687 12
687 16
701 6
704 20
712 13
766 18
767 2
790 27
848 14
856 14
888 19
924 20
947 9
949 10
950 29
958 7
963 6
971 4
994 9
1016 3
1018 2
1039 11
1045 6
1062 4
1088 10
1097 19
1098 1
1115 21
1121 13
1127 15
1144 9
1171 26
1181 27
1189 29
1198 11
1214 10
1214 13
1222 14
1229 24
1233 5
1236 9