Page of the first C++ solution: 1
Page of the last C++ solution: 647
Number of solutions to gather: 100
16 24
21 8
22 26
33 16
60 7
62 13
77 17
83 9
95 13
100 4
100 24
105 8
111 25
113 11
118 6
119 3
119 30
134 16
141 8
145 19
152 22
184 26
189 14
190 15
210 17
222 1
233 2
233 27
244 14
260 23
261 23
264 28
265 7
269 10
269 10
272 30
275 9
278 22
287 18
291 10
299 17
299 26
300 25
308 18
310 3
315 9
324 24
328 28
334 12
339 7
340 17
341 18
357 18
362 11
369 29
370 18
376 7
392 5
400 13
411 3
415 5
440 11
443 26
453 17
454 22
462 6
472 28
481 17
489 22
496 17
499 30
501 9
504 3
508 26
525 12
525 17
528 3
530 3
534 2
536 26
537 20
546 13
548 27
554 21
558 30
570 3
570 16
576 14
578 1
581 15
584 28
603 21
613 19
618 2
620 22
621 18
625 14
627 4
635 23
638 17