Page of the first C++ solution: 1
Page of the last C++ solution: 155
Number of solutions to gather: 100
1 3
8 15
9 26
10 9
13 3
13 23
15 9
16 28
17 22
18 15
19 21
19 28
22 8
25 2
25 9
26 5
26 8
28 8
28 23
29 11
31 24
37 14
37 15
37 24
38 8
39 2
42 19
45 23
49 6
50 15
51 14
52 12
58 15
60 14
60 26
61 10
61 25
62 20
65 3
68 25
73 2
73 27
74 11
75 27
76 20
77 30
79 6
80 7
80 29
81 18
82 29
83 7
83 12
83 19
84 12
85 22
85 28
88 25
90 10
91 22
92 27
92 30
93 14
94 30
95 12
98 7
98 21
101 5
101 10
102 21
104 30
105 13
109 21
114 15
117 7
120 4
121 19
124 7
125 22
129 5
129 6
129 8
129 11
131 30
131 30
132 7
133 17
133 22
135 15
135 20
137 10
138 4
138 6
140 12
141 5
141 21
142 20
150 22
150 30
155 17
51 30
124 7
71 24

