Page of the first C++ solution: 1
Page of the last C++ solution: 450
Number of solutions to gather: 100
2 28
3 14
6 29
13 19
25 15
31 30
32 7
42 19
44 10
55 4
59 3
60 3
60 20
60 23
66 3
66 25
68 9
69 2
75 21
86 21
87 20
89 13
94 7
98 23
127 14
133 18
134 8
135 27
140 6
141 26
141 27
165 8
166 22
167 4
174 25
176 25
178 16
184 23
186 22
186 25
197 15
199 3
216 7
216 11
218 14
223 6
228 5
238 6
240 16
245 30
258 12
259 17
262 11
264 9
264 25
266 28
268 8
273 27
274 2
277 28
281 15
282 17
283 8
288 13
289 28
300 29
308 1
320 29
323 6
325 12
327 11
337 15
340 6
340 8
340 15
347 1
347 8
348 9
351 24
355 7
356 13
367 4
374 5
376 8
378 8
378 20
382 18
382 30
395 14
397 12
402 17
405 14
408 5
409 23
410 14
412 16
422 16
435 12
438 24
449 22