Page of the first C++ solution: 1
Page of the last C++ solution: 856
Number of solutions to gather: 100
3 11
4 17
9 25
12 2
19 14
22 10
43 17
52 3
59 25
60 8
72 1
89 17
91 14
107 26
114 19
152 23
154 8
166 7
198 29
200 24
201 3
204 7
210 23
224 25
229 13
232 12
244 25
255 14
256 24
258 18
265 7
281 3
303 6
309 18
320 22
329 19
332 12
332 21
335 30
345 8
365 18
388 2
405 28
412 30
421 21
425 26
430 10
431 26
433 22
449 23
455 5
462 22
472 8
479 19
481 23
486 16
492 11
498 25
507 20
507 30
532 11
554 7
579 9
586 12
586 26
587 30
591 6
608 28
612 6
641 26
642 12
657 22
659 4
669 16
670 3
684 4
686 23
704 1
722 30
739 24
741 24
741 30
749 1
749 10
752 9
755 12
767 3
787 5
787 6
794 7
801 30
803 25
814 12
816 19
819 5
820 27
842 5
844 21
851 20
853 10