Page of the first C++ solution: 1
Page of the last C++ solution: 338
Number of solutions to gather: 100
2 26
4 8
9 12
14 11
19 6
22 29
25 13
28 5
28 13
30 27
33 17
35 17
38 25
51 29
56 23
62 3
68 25
72 13
73 1
77 10
78 2
82 9
84 17
87 14
92 18
93 4
99 9
100 8
105 22
106 14
106 23
112 26
113 3
116 28
118 10
120 5
121 2
122 13
122 16
124 11
126 16
126 24
134 7
134 16
134 19
139 1
142 15
145 7
147 11
148 24
149 28
158 29
167 27
176 17
183 18
186 30
192 15
205 12
207 26
209 4
209 29
212 7
216 18
220 26
223 26
232 2
234 11
235 23
241 27
245 3
247 14
248 18
250 2
251 7
254 29
255 26
258 14
261 13
262 1
270 29
278 18
279 15
284 9
286 5
286 22
287 16
289 18
296 16
301 26
305 2
312 23
314 27
318 11
321 5
321 10
324 3
325 5
329 11
329 12
333 5