Page of the first C++ solution: 1
Page of the last C++ solution: 690
Number of solutions to gather: 100
13 15
31 9
39 2
62 8
64 10
70 19
73 30
74 10
74 24
75 30
78 7
80 27
91 2
92 3
93 12
103 7
103 26
107 8
114 16
119 30
121 10
126 6
136 27
138 11
150 18
152 19
154 26
158 3
174 26
180 2
193 17
203 21
207 4
211 10
241 5
245 4
256 2
256 26
258 30
263 15
269 17
269 29
273 10
281 9
282 14
284 9
294 17
300 10
301 10
304 14
307 25
314 12
316 5
331 2
332 11
338 5
340 16
347 6
348 30
351 3
369 18
379 3
415 14
445 16
447 25
466 12
473 23
485 17
489 19
494 15
503 21
508 30
510 22
512 6
517 20
524 17
534 3
539 9
539 27
564 2
571 28
581 12
582 20
584 20
589 19
592 21
612 19
613 6
621 11
628 17
632 15
640 11
650 1
650 9
659 24
668 1
668 29
669 26
672 14
686 30