Page of the first C++ solution: 1
Page of the last C++ solution: 1009
Number of solutions to gather: 100
3 12
7 24
12 30
21 11
21 12
23 3
27 21
30 30
31 9
37 13
41 4
45 23
46 3
48 5
50 21
54 28
60 4
64 29
66 17
91 9
91 22
91 29
93 21
102 30
119 19
160 8
165 16
166 8
192 3
193 18
195 21
226 16
261 12
264 9
274 13
274 16
302 28
305 10
308 19
310 20
323 23
327 5
330 10
350 22
357 11
387 1
431 26
447 5
470 18
473 19
476 24
484 2
496 24
507 14
525 9
570 24
577 23
581 22
593 7
612 13
612 24
620 28
633 29
667 4
673 24
678 12
701 14
706 10
724 3
737 22
751 20
752 8
755 9
762 5
764 8
794 10
800 17
818 19
823 22
826 30
841 7
864 16
867 3
886 22
893 11
894 19
907 14
923 11
927 7
935 20
945 25
947 4
948 13
952 23
960 4
963 16
967 28
988 12
990 15
1001 3