Page of the first C++ solution: 1
Page of the last C++ solution: 615
Number of solutions to gather: 100
6 17
16 8
28 9
36 14
54 18
55 5
66 20
68 17
70 21
72 25
73 10
81 13
83 7
86 25
92 5
95 9
102 6
102 7
106 17
106 25
118 19
123 29
146 27
163 11
164 8
197 21
203 8
203 19
221 24
223 16
231 1
236 5
241 19
247 13
248 27
250 17
253 11
253 19
254 20
254 30
255 20
260 11
260 27
275 9
286 18
289 13
292 19
301 18
313 2
329 6
329 27
329 30
339 22
345 2
360 7
383 8
384 27
385 28
392 1
394 21
409 15
424 2
427 27
432 2
434 19
436 5
443 18
448 13
463 25
463 26
464 30
475 21
476 5
476 20
489 12
489 29
496 18
501 3
502 25
510 26
518 11
530 7
540 24
541 10
541 25
543 26
545 10
545 27
553 20
560 28
560 30
569 9
572 2
573 22
577 29
579 19
589 3
597 21
602 12
610 11