Page of the first C++ solution: 1
Page of the last C++ solution: 845
Number of solutions to gather: 100
12 18
16 24
34 23
39 14
43 27
58 7
68 4
72 15
72 25
82 5
89 10
102 19
123 26
139 12
139 21
160 28
167 28
169 21
182 15
188 22
191 28
195 25
219 29
238 23
251 21
256 8
267 14
287 20
305 6
306 3
322 25
339 14
348 21
349 14
361 1
362 24
367 24
367 29
378 15
380 23
382 23
388 7
411 12
412 6
413 1
420 24
436 29
448 8
464 27
508 19
510 18
513 15
513 19
520 22
526 26
527 15
527 21
530 14
536 13
559 12
559 20
560 17
563 10
564 1
579 3
584 3
585 13
594 1
594 17
613 1
623 22
633 20
642 10
660 12
661 17
673 30
685 24
688 25
690 11
695 5
700 8
713 23
717 4
731 28
741 2
745 9
747 10
750 6
755 11
756 2
761 13
764 2
764 5
765 30
767 13
778 3
803 22
819 29
833 2
840 19