Page of the first C++ solution: 1
Page of the last C++ solution: 170
Number of solutions to gather: 100
2 10
3 19
4 2
4 12
5 21
7 8
8 13
10 11
10 15
12 13
13 7
14 25
17 6
17 8
19 4
21 28
23 10
27 8
27 18
29 28
31 30
35 22
38 13
39 18
39 18
40 25
40 30
41 25
43 3
44 5
44 28
46 6
48 29
49 13
51 16
51 28
52 9
52 29
53 15
56 19
64 24
76 8
79 19
79 29
80 28
82 2
82 23
83 18
84 8
86 18
86 30
91 27
92 19
94 4
94 22
95 13
96 21
96 24
96 26
97 25
102 4
104 18
105 5
105 7
106 23
107 16
112 8
113 20
114 2
115 19
116 13
116 20
117 24
119 9
121 13
122 1
123 22
126 20
128 13
130 25
131 12
131 20
133 1
134 6
142 3
142 28
143 5
143 19
145 27
146 3
146 17
150 8
154 19
156 16
157 27
163 22
166 10
166 24
167 8
168 19