1289148.exe, 0.0535, , 0.0015, , 310.45716
1289148.exe, 0.05483333333333333, , 0.0011666666666666668, , 274.825688
1289148.exe, 0.055, , 0.0013333333333333333, , 274.060117
1289148.exe, 0.05566666666666666, , 0.0011666666666666668, , 274.561062
1289148.exe, 0.05533333333333334, , 0.0011666666666666668, , 274.979548
1289148.exe, 0.05533333333333334, , 0.0013333333333333333, , 276.226152
1289148.exe, 0.0545, , 0.0013333333333333333, , 273.809242
1289148.exe, 0.05416666666666667, , 0.0013333333333333333, , 274.078924
1289148.exe, 0.055, , 0.0013333333333333333, , 274.26386
1289148.exe, 0.0555, , 0.0011666666666666668, , 274.395467
1751629.exe, 0.009166666666666667, , 0.0003333333333333333, , 52.221303
1751629.exe, 0.009166666666666667, , 0.0003333333333333333, , 52.455742
1751629.exe, 0.01, , 0.0003333333333333333, , 49.106948
1751629.exe, 0.010333333333333333, , 0.0003333333333333333, , 49.063816
1751629.exe, 0.009500000000000001, , 0.0003333333333333333, , 51.91222
1751629.exe, 0.009166666666666667, , 0.0003333333333333333, , 52.376591
1751629.exe, 0.009333333333333334, , 0.0003333333333333333, , 52.37694
1751629.exe, 0.009333333333333334, , 0.0003333333333333333, , 52.456937
1751629.exe, 0.009166666666666667, , 0.0003333333333333333, , 52.402003
1751629.exe, 0.008333333333333333, , 0.0003333333333333333, , 56.499556
2160567.exe, 0.05416666666666667, , 0.0013333333333333333, , 276.550919
2160567.exe, 0.05433333333333333, , 0.0011666666666666668, , 275.035228
2160567.exe, 0.055, , 0.0013333333333333333, , 275.694959
2160567.exe, 0.05466666666666666, , 0.0013333333333333333, , 277.506198
2160567.exe, 0.054000000000000006, , 0.0011666666666666668, , 275.328341
2160567.exe, 0.05483333333333333, , 0.0013333333333333333, , 275.331138
2160567.exe, 0.05466666666666666, , 0.0013333333333333333, , 275.379104
2160567.exe, 0.05433333333333333, , 0.0013333333333333333, , 276.037105
2160567.exe, 0.053, , 0.0013333333333333333, , 281.178785
2160567.exe, 0.055, , 0.0013333333333333333, , 275.429892
2219242.exe, 0.05533333333333333, , 0.0013333333333333333, , 276.407683
2219242.exe, 0.055, , 0.0013333333333333333, , 276.087685
2219242.exe, 0.05416666666666667, , 0.0013333333333333333, , 275.550986
2219242.exe, 0.05516666666666667, , 0.0011666666666666668, , 278.574714
2219242.exe, 0.0575, , 0.0013333333333333333, , 277.740493
2219242.exe, 0.05566666666666666, , 0.0011666666666666668, , 277.854436
2219242.exe, 0.05583333333333333, , 0.0013333333333333333, , 277.423343
2219242.exe, 0.055, , 0.0011666666666666668, , 275.751835
2219242.exe, 0.05516666666666667, , 0.0013333333333333333, , 276.27237
2219242.exe, 0.05533333333333334, , 0.0011666666666666668, , 276.160243
2346376.exe, 0.05466666666666666, , 0.0011666666666666668, , 276.504215
2346376.exe, 0.05516666666666666, , 0.0013333333333333333, , 275.90004
2346376.exe, 0.05433333333333333, , 0.0011666666666666668, , 275.17163
2346376.exe, 0.055833333333333325, , 0.0011666666666666668, , 275.291315
2346376.exe, 0.05566666666666666, , 0.0013333333333333333, , 275.541629
2346376.exe, 0.055, , 0.0013333333333333333, , 275.521671
2346376.exe, 0.054000000000000006, , 0.0011666666666666668, , 274.584244
2346376.exe, 0.05516666666666667, , 0.0013333333333333333, , 274.779782
2346376.exe, 0.05333333333333334, , 0.0013333333333333333, , 274.672009
2346376.exe, 0.05483333333333333, , 0.0013333333333333333, , 275.219974
2806108.exe, 0.035333333333333335, , 0.0008333333333333334, , 188.710638
2806108.exe, 0.035, , 0.0008333333333333334, , 189.487745
2806108.exe, 0.0355, , 0.0006666666666666666, , 189.10385
2806108.exe, 0.0355, , 0.0006666666666666666, , 188.985845
2806108.exe, 0.035666666666666666, , 0.0006666666666666666, , 189.527426
2806108.exe, 0.035333333333333335, , 0.0006666666666666666, , 189.056426
2806108.exe, 0.0355, , 0.0006666666666666666, , 189.027978
2806108.exe, 0.03516666666666667, , 0.0008333333333333334, , 189.085674
2806108.exe, 0.035333333333333335, , 0.0006666666666666666, , 188.550196
2806108.exe, 0.035333333333333335, , 0.0008333333333333334, , 189.465073
286654.exe, 0.05366666666666666, , 0.0011666666666666668, , 274.881262
286654.exe, 0.0545, , 0.0011666666666666668, , 275.159207
286654.exe, 0.05483333333333333, , 0.0013333333333333333, , 274.466
286654.exe, 0.05466666666666667, , 0.0013333333333333333, , 277.753875
286654.exe, 0.054000000000000006, , 0.0013333333333333333, , 273.479027
286654.exe, 0.05533333333333333, , 0.0013333333333333333, , 275.398361
286654.exe, 0.05449999999999999, , 0.0011666666666666668, , 274.021666
286654.exe, 0.05466666666666666, , 0.0013333333333333333, , 273.657525
286654.exe, 0.054000000000000006, , 0.0011666666666666668, , 275.094658
286654.exe, 0.055, , 0.0013333333333333333, , 275.257732
2920460.exe, 0.055, , 0.0011666666666666668, , 276.094396
2920460.exe, 0.05483333333333333, , 0.0013333333333333333, , 275.818659
2920460.exe, 0.05566666666666666, , 0.0013333333333333333, , 276.971152
2920460.exe, 0.05533333333333333, , 0.0013333333333333333, , 275.88091
2920460.exe, 0.05533333333333333, , 0.0013333333333333333, , 276.492584
2920460.exe, 0.05483333333333333, , 0.0011666666666666668, , 275.310296
2920460.exe, 0.05616666666666667, , 0.0013333333333333333, , 275.612914
2920460.exe, 0.05533333333333334, , 0.0013333333333333333, , 276.162266
2920460.exe, 0.05466666666666667, , 0.0013333333333333333, , 275.634957
2920460.exe, 0.0555, , 0.0013333333333333333, , 276.443355
302205.exe, 0.0545, , 0.0011666666666666668, , 273.783725
302205.exe, 0.05383333333333333, , 0.0013333333333333333, , 273.589917
302205.exe, 0.05383333333333333, , 0.0011666666666666668, , 272.700058
302205.exe, 0.05416666666666667, , 0.0013333333333333333, , 272.751415
302205.exe, 0.05433333333333333, , 0.0011666666666666668, , 273.167273
302205.exe, 0.05483333333333333, , 0.0013333333333333333, , 274.28801
302205.exe, 0.05433333333333333, , 0.0013333333333333333, , 274.292781
302205.exe, 0.05416666666666667, , 0.0013333333333333333, , 273.326605
302205.exe, 0.05416666666666667, , 0.0011666666666666668, , 273.446052
302205.exe, 0.05416666666666667, , 0.0013333333333333333, , 273.418537
3135280.exe, 0.010166666666666666, , 0.0003333333333333333, , 48.943923
3135280.exe, 0.01, , 0.0003333333333333333, , 50.431997
3135280.exe, 0.009166666666666667, , 0.0003333333333333333, , 52.306788
3135280.exe, 0.009166666666666667, , 0.0003333333333333333, , 52.291733
3135280.exe, 0.0085, , 0.0003333333333333333, , 57.218913
3135280.exe, 0.009500000000000001, , 0.0003333333333333333, , 50.842299
3135280.exe, 0.008666666666666666, , 0.0003333333333333333, , 54.682676
3135280.exe, 0.008666666666666666, , 0.0003333333333333333, , 55.602001
3135280.exe, 0.0085, , 0.0003333333333333333, , 55.427462
3135280.exe, 0.009833333333333333, , 0.0003333333333333333, , 50.026933
3439806.exe, 0.0545, , 0.0013333333333333333, , 274.20688
3439806.exe, 0.05416666666666667, , 0.0011666666666666668, , 274.795603
3439806.exe, 0.05566666666666666, , 0.0011666666666666668, , 277.272544
3439806.exe, 0.05466666666666667, , 0.0013333333333333333, , 275.011628
3439806.exe, 0.054000000000000006, , 0.0013333333333333333, , 274.677216
3439806.exe, 0.05566666666666666, , 0.0013333333333333333, , 275.268952
3439806.exe, 0.05466666666666666, , 0.0013333333333333333, , 276.937175
3439806.exe, 0.05483333333333333, , 0.0013333333333333333, , 276.016005
3439806.exe, 0.05433333333333333, , 0.0013333333333333333, , 274.885652
3439806.exe, 0.05483333333333333, , 0.0013333333333333333, , 275.421991
346060.exe, 0.009666666666666665, , 0.0003333333333333333, , 50.399547
346060.exe, 0.009000000000000001, , 0.0003333333333333333, , 52.258182
346060.exe, 0.01, , 0.0003333333333333333, , 49.568241
346060.exe, 0.010166666666666666, , 0.0003333333333333333, , 49.074931
346060.exe, 0.009333333333333334, , 0.0003333333333333333, , 51.842881
346060.exe, 0.009166666666666667, , 0.0003333333333333333, , 52.38333
346060.exe, 0.008333333333333333, , 0.0003333333333333333, , 56.567935
346060.exe, 0.008333333333333333, , 0.0003333333333333333, , 57.119861
346060.exe, 0.01, , 0.0003333333333333333, , 49.353479
346060.exe, 0.010166666666666666, , 0.0003333333333333333, , 48.916606
3974796.exe, 0.05383333333333333, , 0.0011666666666666668, , 275.645349
3974796.exe, 0.05483333333333333, , 0.0013333333333333333, , 276.0831
3974796.exe, 0.05483333333333333, , 0.0011666666666666668, , 274.20166
3974796.exe, 0.05533333333333334, , 0.0013333333333333333, , 274.742603
3974796.exe, 0.05633333333333333, , 0.0013333333333333333, , 278.012207
3974796.exe, 0.05566666666666666, , 0.0011666666666666668, , 276.969905
3974796.exe, 0.05533333333333334, , 0.0011666666666666668, , 275.532685
3974796.exe, 0.0545, , 0.0011666666666666668, , 274.65786
3974796.exe, 0.05416666666666667, , 0.0013333333333333333, , 275.043232
3974796.exe, 0.05416666666666667, , 0.0013333333333333333, , 274.729243
4656783.exe, 0.05416666666666667, , 0.0013333333333333333, , 275.357711
4656783.exe, 0.05383333333333333, , 0.0011666666666666668, , 274.819237
4656783.exe, 0.0545, , 0.0011666666666666668, , 274.57667
4656783.exe, 0.05483333333333333, , 0.0013333333333333333, , 275.583723
4656783.exe, 0.055, , 0.0013333333333333333, , 276.21572
4656783.exe, 0.052333333333333336, , 0.0011666666666666668, , 295.987956
4656783.exe, 0.0545, , 0.0011666666666666668, , 274.491356
4656783.exe, 0.05483333333333333, , 0.0013333333333333333, , 275.700806
4656783.exe, 0.05483333333333333, , 0.0013333333333333333, , 275.250079
4656783.exe, 0.0545, , 0.0011666666666666668, , 274.324392
4925138.exe, 0.009666666666666665, , 0.0003333333333333333, , 50.588802
4925138.exe, 0.008666666666666666, , 0.0003333333333333333, , 54.668903
4925138.exe, 0.008666666666666666, , 0.0003333333333333333, , 55.244216
4925138.exe, 0.010333333333333333, , 0.0003333333333333333, , 48.759921
4925138.exe, 0.009500000000000001, , 0.0003333333333333333, , 50.798432
4925138.exe, 0.0105, , 0.0003333333333333333, , 49.021405
4925138.exe, 0.009166666666666667, , 0.0003333333333333333, , 51.878581
4925138.exe, 0.009000000000000001, , 0.0003333333333333333, , 52.328009
4925138.exe, 0.009500000000000001, , 0.0003333333333333333, , 52.366707
4925138.exe, 0.009166666666666667, , 0.0003333333333333333, , 52.269579
5013886.exe, 0.029666666666666668, , 0.0006666666666666666, , 137.608271
5013886.exe, 0.029333333333333333, , 0.0006666666666666666, , 138.597178
5013886.exe, 0.030000000000000002, , 0.0006666666666666666, , 137.125922
5013886.exe, 0.029166666666666667, , 0.0006666666666666666, , 137.873911
5013886.exe, 0.029166666666666667, , 0.0006666666666666666, , 137.868253
5013886.exe, 0.030166666666666668, , 0.0006666666666666666, , 137.095252
5013886.exe, 0.029333333333333333, , 0.0006666666666666666, , 140.099469
5013886.exe, 0.029166666666666667, , 0.0006666666666666666, , 138.60581
5013886.exe, 0.029666666666666668, , 0.0006666666666666666, , 137.788675
5013886.exe, 0.029333333333333333, , 0.0006666666666666666, , 137.575621
5293957.exe, 0.05366666666666667, , 0.0013333333333333333, , 275.098484
5293957.exe, 0.053166666666666675, , 0.0013333333333333333, , 275.25247
5293957.exe, 0.05416666666666667, , 0.0013333333333333333, , 276.437839
5293957.exe, 0.0535, , 0.0011666666666666668, , 274.392278
5293957.exe, 0.05466666666666667, , 0.0011666666666666668, , 274.740693
5293957.exe, 0.053166666666666675, , 0.0013333333333333333, , 274.985501
5293957.exe, 0.05366666666666667, , 0.0013333333333333333, , 277.523261
5293957.exe, 0.05283333333333333, , 0.0013333333333333333, , 275.623111
5293957.exe, 0.0535, , 0.0013333333333333333, , 275.275888
5293957.exe, 0.05366666666666667, , 0.0013333333333333333, , 274.951086
640956.exe, 0.05483333333333333, , 0.0011666666666666668, , 282.611673
640956.exe, 0.0555, , 0.0013333333333333333, , 275.671661
640956.exe, 0.05433333333333333, , 0.0013333333333333333, , 276.560667
640956.exe, 0.05466666666666667, , 0.0013333333333333333, , 275.894228
640956.exe, 0.05416666666666667, , 0.0013333333333333333, , 275.324544
640956.exe, 0.054000000000000006, , 0.0013333333333333333, , 275.619638
640956.exe, 0.05483333333333333, , 0.0013333333333333333, , 279.114239
640956.exe, 0.05533333333333334, , 0.0013333333333333333, , 276.357471
640956.exe, 0.05416666666666667, , 0.0013333333333333333, , 276.338557
640956.exe, 0.05533333333333334, , 0.0013333333333333333, , 280.279052
668883.exe, 0.054000000000000006, , 0.0011666666666666668, , 275.948164
668883.exe, 0.05466666666666667, , 0.0013333333333333333, , 276.718458
668883.exe, 0.055, , 0.0013333333333333333, , 275.947902
668883.exe, 0.05383333333333333, , 0.0011666666666666668, , 275.01125
668883.exe, 0.0535, , 0.0013333333333333333, , 275.524749
668883.exe, 0.05483333333333333, , 0.0011666666666666668, , 275.348892
668883.exe, 0.0535, , 0.0013333333333333333, , 275.261798
668883.exe, 0.05366666666666667, , 0.0013333333333333333, , 276.35069
668883.exe, 0.05433333333333333, , 0.0013333333333333333, , 277.478418
668883.exe, 0.05333333333333334, , 0.0013333333333333333, , 275.410492
81481.exe, 0.052000000000000005, , 0.0011666666666666668, , 277.622795
81481.exe, 0.05416666666666667, , 0.0013333333333333333, , 274.458202
81481.exe, 0.05416666666666667, , 0.0013333333333333333, , 273.744241
81481.exe, 0.05333333333333334, , 0.0011666666666666668, , 274.570431
81481.exe, 0.05333333333333334, , 0.0011666666666666668, , 273.901635
81481.exe, 0.0535, , 0.0011666666666666668, , 273.890557
81481.exe, 0.0535, , 0.0011666666666666668, , 273.433988
81481.exe, 0.05383333333333333, , 0.0011666666666666668, , 273.757867
81481.exe, 0.0535, , 0.0013333333333333333, , 273.47156
81481.exe, 0.05333333333333334, , 0.0011666666666666668, , 273.89574
