1095744.exe, 0.05633333333333333, , 0.0013333333333333333, , 284.033709
1095744.exe, 0.056, , 0.0013333333333333333, , 276.978181
1095744.exe, 0.05566666666666666, , 0.0011666666666666668, , 275.149304
1095744.exe, 0.0555, , 0.0013333333333333333, , 275.091312
1095744.exe, 0.05566666666666666, , 0.0013333333333333333, , 275.034225
1095744.exe, 0.05533333333333333, , 0.0013333333333333333, , 276.10088
1095744.exe, 0.055, , 0.0013333333333333333, , 275.649815
1095744.exe, 0.05483333333333333, , 0.0013333333333333333, , 275.410075
1095744.exe, 0.05466666666666666, , 0.0013333333333333333, , 274.945828
1095744.exe, 0.05516666666666666, , 0.0013333333333333333, , 275.534342
1201761.exe, 0.05316666666666667, , 0.0011666666666666668, , 273.115165
1201761.exe, 0.05383333333333333, , 0.0013333333333333333, , 272.684942
1201761.exe, 0.05316666666666667, , 0.0011666666666666668, , 273.039832
1201761.exe, 0.05333333333333334, , 0.0013333333333333333, , 272.625707
1201761.exe, 0.053000000000000005, , 0.0013333333333333333, , 272.871051
1201761.exe, 0.054000000000000006, , 0.0013333333333333333, , 273.153306
1201761.exe, 0.05366666666666667, , 0.0013333333333333333, , 274.952128
1201761.exe, 0.05366666666666666, , 0.0013333333333333333, , 273.13876
1201761.exe, 0.05383333333333333, , 0.0013333333333333333, , 273.22725
1201761.exe, 0.053166666666666675, , 0.0011666666666666668, , 273.126106
1322833.exe, 0.054000000000000006, , 0.0013333333333333333, , 277.784332
1322833.exe, 0.05433333333333333, , 0.0011666666666666668, , 275.815802
1322833.exe, 0.05416666666666667, , 0.0013333333333333333, , 275.293463
1322833.exe, 0.05483333333333333, , 0.0013333333333333333, , 275.589677
1322833.exe, 0.05416666666666667, , 0.0013333333333333333, , 274.625201
1322833.exe, 0.05383333333333333, , 0.0011666666666666668, , 274.794087
1322833.exe, 0.054000000000000006, , 0.0011666666666666668, , 274.504118
1322833.exe, 0.057666666666666665, , 0.0011666666666666668, , 275.916513
1322833.exe, 0.05416666666666667, , 0.0011666666666666668, , 275.434296
1322833.exe, 0.054000000000000006, , 0.0013333333333333333, , 276.993817
1343819.exe, 0.053166666666666675, , 0.0013333333333333333, , 275.502163
1343819.exe, 0.0535, , 0.0013333333333333333, , 276.080498
1343819.exe, 0.0535, , 0.0013333333333333333, , 274.283536
1343819.exe, 0.05366666666666666, , 0.0013333333333333333, , 276.015044
1343819.exe, 0.05366666666666667, , 0.0013333333333333333, , 276.191383
1343819.exe, 0.053000000000000005, , 0.0013333333333333333, , 275.645217
1343819.exe, 0.05366666666666666, , 0.0013333333333333333, , 277.597507
1343819.exe, 0.053000000000000005, , 0.0011666666666666668, , 276.109339
1343819.exe, 0.053000000000000005, , 0.0013333333333333333, , 275.476788
1343819.exe, 0.0535, , 0.0013333333333333333, , 276.564403
1349457.exe, 0.05516666666666666, , 0.0013333333333333333, , 276.515998
1349457.exe, 0.05383333333333334, , 0.0013333333333333333, , 276.085011
1349457.exe, 0.0535, , 0.0013333333333333333, , 276.128942
1349457.exe, 0.05483333333333333, , 0.0013333333333333333, , 276.570364
1349457.exe, 0.0535, , 0.0013333333333333333, , 275.405742
1349457.exe, 0.05466666666666667, , 0.0013333333333333333, , 282.034134
1349457.exe, 0.055, , 0.0011666666666666668, , 275.673815
1349457.exe, 0.05383333333333333, , 0.0011666666666666668, , 275.673186
1349457.exe, 0.05433333333333333, , 0.0011666666666666668, , 275.474256
1349457.exe, 0.05483333333333333, , 0.0011666666666666668, , 274.947668
1368556.exe, 0.05366666666666666, , 0.0013333333333333333, , 275.738853
1368556.exe, 0.05383333333333333, , 0.0011666666666666668, , 275.426891
1368556.exe, 0.05366666666666666, , 0.0013333333333333333, , 276.145465
1368556.exe, 0.0535, , 0.0013333333333333333, , 277.067724
1368556.exe, 0.0535, , 0.0013333333333333333, , 275.852187
1368556.exe, 0.05383333333333334, , 0.0013333333333333333, , 275.861131
1368556.exe, 0.05383333333333334, , 0.0013333333333333333, , 276.984577
1368556.exe, 0.05366666666666667, , 0.0013333333333333333, , 277.538396
1368556.exe, 0.05416666666666667, , 0.0013333333333333333, , 279.825747
1368556.exe, 0.05483333333333333, , 0.0013333333333333333, , 276.447612
1417617.exe, 0.01, , 0.0003333333333333333, , 48.964217
1417617.exe, 0.009833333333333333, , 0.0003333333333333333, , 48.632707
1417617.exe, 0.010166666666666666, , 0.0003333333333333333, , 49.313184
1417617.exe, 0.009833333333333333, , 0.0003333333333333333, , 49.448802
1417617.exe, 0.01, , 0.0003333333333333333, , 48.659243
1417617.exe, 0.009833333333333333, , 0.0003333333333333333, , 48.625914
1417617.exe, 0.010166666666666666, , 0.0003333333333333333, , 49.400285
1417617.exe, 0.009333333333333334, , 0.0003333333333333333, , 50.968796
1417617.exe, 0.008, , 0.0003333333333333333, , 58.177465
1417617.exe, 0.009166666666666667, , 0.0003333333333333333, , 52.081248
1449665.exe, 0.03383333333333334, , 0.0006666666666666666, , 186.863256
1449665.exe, 0.034666666666666665, , 0.0006666666666666666, , 186.812734
1449665.exe, 0.0345, , 0.0006666666666666666, , 186.753127
1449665.exe, 0.034333333333333334, , 0.0006666666666666666, , 186.702073
1449665.exe, 0.034333333333333334, , 0.0006666666666666666, , 186.988462
1449665.exe, 0.034, , 0.0008333333333333334, , 187.940292
1449665.exe, 0.034, , 0.0006666666666666666, , 187.27827
1449665.exe, 0.03383333333333334, , 0.0006666666666666666, , 187.217145
1449665.exe, 0.03383333333333334, , 0.0006666666666666666, , 186.64673
1449665.exe, 0.034, , 0.0006666666666666666, , 186.94917
1563740.exe, 0.05216666666666667, , 0.0013333333333333333, , 277.628961
1563740.exe, 0.05383333333333333, , 0.0013333333333333333, , 277.322228
1563740.exe, 0.05433333333333333, , 0.0013333333333333333, , 276.221498
1563740.exe, 0.0535, , 0.0011666666666666668, , 276.629434
1563740.exe, 0.0535, , 0.0013333333333333333, , 275.591404
1563740.exe, 0.05366666666666667, , 0.0013333333333333333, , 277.15453
1563740.exe, 0.053166666666666675, , 0.0013333333333333333, , 276.315459
1563740.exe, 0.053000000000000005, , 0.0013333333333333333, , 276.03464
1563740.exe, 0.053166666666666675, , 0.0013333333333333333, , 277.272067
1563740.exe, 0.053166666666666675, , 0.0013333333333333333, , 275.970525
1568383.exe, 0.05366666666666666, , 0.0013333333333333333, , 275.606297
1568383.exe, 0.05283333333333333, , 0.0013333333333333333, , 276.080572
1568383.exe, 0.05283333333333333, , 0.0013333333333333333, , 275.734408
1568383.exe, 0.05283333333333333, , 0.0013333333333333333, , 275.573534
1568383.exe, 0.053166666666666675, , 0.0013333333333333333, , 275.644086
1568383.exe, 0.05283333333333333, , 0.0013333333333333333, , 276.017359
1568383.exe, 0.053166666666666675, , 0.0013333333333333333, , 277.178874
1568383.exe, 0.05333333333333334, , 0.0013333333333333333, , 276.374592
1568383.exe, 0.05433333333333333, , 0.0013333333333333333, , 277.914814
1568383.exe, 0.054000000000000006, , 0.0013333333333333333, , 276.404817
1600646.exe, 0.0545, , 0.0013333333333333333, , 278.539491
1600646.exe, 0.053000000000000005, , 0.0013333333333333333, , 275.37826
1600646.exe, 0.05283333333333333, , 0.0013333333333333333, , 276.04208
1600646.exe, 0.05316666666666667, , 0.0013333333333333333, , 276.23702
1600646.exe, 0.052500000000000005, , 0.0013333333333333333, , 275.598116
1600646.exe, 0.05333333333333334, , 0.0011666666666666668, , 274.864944
1600646.exe, 0.05416666666666667, , 0.0013333333333333333, , 276.500212
1600646.exe, 0.052500000000000005, , 0.0011666666666666668, , 275.332436
1600646.exe, 0.05283333333333333, , 0.0011666666666666668, , 276.186723
1600646.exe, 0.05366666666666667, , 0.0013333333333333333, , 275.26688
1607191.exe, 0.0021666666666666666, , 0.0, , 13.688132
1607191.exe, 0.002, , 0.0, , 14.92718
1607191.exe, 0.002, , 0.0, , 14.948018
1607191.exe, 0.002, , 0.0, , 14.941751
1607191.exe, 0.0018333333333333333, , 0.0, , 16.461505
1607191.exe, 0.0016666666666666668, , 0.0, , 17.409051
1607191.exe, 0.0015, , 0.0, , 23.580989
1607191.exe, 0.0015, , 0.0, , 25.752066
1607191.exe, 0.0015, , 0.0, , 27.600412
1607191.exe, 0.0013333333333333333, , 0.0, , 27.698013
1623932.exe, 0.009500000000000001, , 0.0003333333333333333, , 49.565834
1623932.exe, 0.009000000000000001, , 0.0003333333333333333, , 51.485535
1623932.exe, 0.008833333333333334, , 0.0003333333333333333, , 51.62745
1623932.exe, 0.009500000000000001, , 0.0003333333333333333, , 49.721767
1623932.exe, 0.009833333333333333, , 0.0003333333333333333, , 48.40384
1623932.exe, 0.009833333333333333, , 0.0003333333333333333, , 48.220076
1623932.exe, 0.009833333333333333, , 0.0003333333333333333, , 49.220393
1623932.exe, 0.01, , 0.0003333333333333333, , 48.621764
1623932.exe, 0.009500000000000001, , 0.0003333333333333333, , 49.455577
1623932.exe, 0.007666666666666666, , 0.0003333333333333333, , 57.896875
163578.exe, 0.01, , 0.0003333333333333333, , 48.583947
163578.exe, 0.009833333333333333, , 0.0003333333333333333, , 49.377827
163578.exe, 0.01, , 0.0003333333333333333, , 48.497746
163578.exe, 0.009833333333333335, , 0.0003333333333333333, , 49.068067
163578.exe, 0.009666666666666665, , 0.0003333333333333333, , 49.524456
163578.exe, 0.007833333333333335, , 0.0003333333333333333, , 66.871717
163578.exe, 0.009666666666666665, , 0.0003333333333333333, , 49.956176
163578.exe, 0.009000000000000001, , 0.0003333333333333333, , 52.909718
163578.exe, 0.007499999999999999, , 0.0003333333333333333, , 60.263065
163578.exe, 0.007833333333333333, , 0.0003333333333333333, , 56.810428
1658193.exe, 0.009833333333333333, , 0.0003333333333333333, , 48.520059
1658193.exe, 0.009833333333333333, , 0.0003333333333333333, , 49.444893
1658193.exe, 0.009000000000000001, , 0.0003333333333333333, , 52.8447
1658193.exe, 0.008, , 0.0003333333333333333, , 58.134213
1658193.exe, 0.008333333333333333, , 0.0003333333333333333, , 55.134025
1658193.exe, 0.009333333333333334, , 0.0003333333333333333, , 49.955227
1658193.exe, 0.009833333333333333, , 0.0003333333333333333, , 48.467306
1658193.exe, 0.01, , 0.0003333333333333333, , 48.51344
1658193.exe, 0.009833333333333335, , 0.0003333333333333333, , 49.027077
1658193.exe, 0.009833333333333333, , 0.0003333333333333333, , 49.120681
1799592.exe, 0.05216666666666667, , 0.0013333333333333333, , 275.461577
1799592.exe, 0.052500000000000005, , 0.0011666666666666668, , 274.925889
1799592.exe, 0.05283333333333333, , 0.0013333333333333333, , 275.623442
1799592.exe, 0.052500000000000005, , 0.0011666666666666668, , 274.959259
1799592.exe, 0.052333333333333336, , 0.0013333333333333333, , 275.042828
1799592.exe, 0.052333333333333336, , 0.0013333333333333333, , 275.362248
1799592.exe, 0.052500000000000005, , 0.0013333333333333333, , 274.823853
1799592.exe, 0.05266666666666667, , 0.0013333333333333333, , 275.923278
1799592.exe, 0.052500000000000005, , 0.0013333333333333333, , 274.898117
1799592.exe, 0.053166666666666675, , 0.0013333333333333333, , 275.19367
180566.exe, 0.010666666666666666, , 0.0003333333333333333, , 55.004849
180566.exe, 0.01, , 0.0003333333333333333, , 57.385814
180566.exe, 0.010666666666666666, , 0.0003333333333333333, , 55.003489
180566.exe, 0.011000000000000001, , 0.0003333333333333333, , 53.833899
180566.exe, 0.011000000000000001, , 0.0003333333333333333, , 53.601698
180566.exe, 0.01, , 0.0003333333333333333, , 56.86403
180566.exe, 0.011000000000000001, , 0.0003333333333333333, , 53.913265
180566.exe, 0.011166666666666667, , 0.0003333333333333333, , 53.683548
180566.exe, 0.011333333333333334, , 0.0003333333333333333, , 54.801388
180566.exe, 0.011000000000000001, , 0.0003333333333333333, , 53.830589
182761.exe, 0.0535, , 0.0013333333333333333, , 277.184055
182761.exe, 0.053166666666666675, , 0.0013333333333333333, , 275.537402
182761.exe, 0.05283333333333333, , 0.0013333333333333333, , 275.19966
182761.exe, 0.05316666666666667, , 0.0013333333333333333, , 275.885973
182761.exe, 0.05266666666666667, , 0.0013333333333333333, , 275.619699
182761.exe, 0.0535, , 0.0013333333333333333, , 275.630905
182761.exe, 0.05316666666666667, , 0.0011666666666666668, , 275.611601
182761.exe, 0.053, , 0.0013333333333333333, , 275.427703
182761.exe, 0.0535, , 0.0013333333333333333, , 275.786423
182761.exe, 0.05283333333333333, , 0.0013333333333333333, , 276.276653
1873684.exe, 0.033166666666666664, , 0.0006666666666666666, , 185.529596
1873684.exe, 0.033499999999999995, , 0.0006666666666666666, , 185.247856
1873684.exe, 0.03333333333333333, , 0.0006666666666666666, , 185.051406
1873684.exe, 0.033666666666666664, , 0.0006666666666666666, , 185.397496
1873684.exe, 0.033166666666666664, , 0.0006666666666666666, , 184.51225
1873684.exe, 0.033499999999999995, , 0.0006666666666666666, , 185.037137
1873684.exe, 0.034166666666666665, , 0.0006666666666666666, , 184.951066
1873684.exe, 0.033499999999999995, , 0.0006666666666666666, , 185.399156
1873684.exe, 0.03383333333333334, , 0.0006666666666666666, , 185.0004
1873684.exe, 0.03333333333333333, , 0.0006666666666666666, , 184.895539
1931123.exe, 0.052500000000000005, , 0.0013333333333333333, , 276.428038
1931123.exe, 0.053000000000000005, , 0.0013333333333333333, , 275.477918
1931123.exe, 0.053, , 0.0013333333333333333, , 275.435172
1931123.exe, 0.05283333333333333, , 0.0013333333333333333, , 275.964833
1931123.exe, 0.053, , 0.0013333333333333333, , 275.119924
1931123.exe, 0.05266666666666667, , 0.0013333333333333333, , 275.858868
1931123.exe, 0.052500000000000005, , 0.0013333333333333333, , 275.882547
1931123.exe, 0.053166666666666675, , 0.0013333333333333333, , 276.289493
1931123.exe, 0.053000000000000005, , 0.0013333333333333333, , 276.385332
1931123.exe, 0.05266666666666667, , 0.0013333333333333333, , 276.02598
1950101.exe, 0.053000000000000005, , 0.0011666666666666668, , 275.62687
1950101.exe, 0.053166666666666675, , 0.0013333333333333333, , 275.490277
1950101.exe, 0.053000000000000005, , 0.0013333333333333333, , 275.793476
1950101.exe, 0.05216666666666667, , 0.0013333333333333333, , 275.100739
1950101.exe, 0.052500000000000005, , 0.0013333333333333333, , 275.341644
1950101.exe, 0.052500000000000005, , 0.0013333333333333333, , 275.622173
1950101.exe, 0.05316666666666667, , 0.0013333333333333333, , 275.86852
1950101.exe, 0.053166666666666675, , 0.0013333333333333333, , 275.548625
1950101.exe, 0.052500000000000005, , 0.0011666666666666668, , 276.0516
1950101.exe, 0.05283333333333333, , 0.0013333333333333333, , 275.845683
2102452.exe, 0.053166666666666675, , 0.0013333333333333333, , 275.636052
2102452.exe, 0.05333333333333334, , 0.0013333333333333333, , 276.911101
2102452.exe, 0.053000000000000005, , 0.0013333333333333333, , 275.345164
2102452.exe, 0.05366666666666667, , 0.0013333333333333333, , 276.522054
2102452.exe, 0.053166666666666675, , 0.0011666666666666668, , 275.174957
2102452.exe, 0.053166666666666675, , 0.0013333333333333333, , 275.403116
2102452.exe, 0.05283333333333333, , 0.0013333333333333333, , 275.906215
2102452.exe, 0.053000000000000005, , 0.0013333333333333333, , 275.422884
2102452.exe, 0.053000000000000005, , 0.0013333333333333333, , 274.727594
2102452.exe, 0.053000000000000005, , 0.0013333333333333333, , 276.385235
2157682.exe, 0.05316666666666667, , 0.0013333333333333333, , 276.487072
2157682.exe, 0.053166666666666675, , 0.0013333333333333333, , 277.786709
2157682.exe, 0.053166666666666675, , 0.0013333333333333333, , 276.424825
2157682.exe, 0.05266666666666667, , 0.0013333333333333333, , 274.993991
2157682.exe, 0.053166666666666675, , 0.0013333333333333333, , 275.822386
2157682.exe, 0.05583333333333333, , 0.0013333333333333333, , 277.019491
2157682.exe, 0.052500000000000005, , 0.0013333333333333333, , 276.226247
2157682.exe, 0.052500000000000005, , 0.0013333333333333333, , 275.978515
2157682.exe, 0.05283333333333333, , 0.0013333333333333333, , 275.473526
2157682.exe, 0.053000000000000005, , 0.0011666666666666668, , 275.452736
2349630.exe, 0.053, , 0.0011666666666666668, , 276.07436
2349630.exe, 0.0535, , 0.0013333333333333333, , 275.358824
2349630.exe, 0.0535, , 0.0013333333333333333, , 276.040363
2349630.exe, 0.05333333333333334, , 0.0011666666666666668, , 276.075555
2349630.exe, 0.053000000000000005, , 0.0013333333333333333, , 276.166283
2349630.exe, 0.05283333333333333, , 0.0011666666666666668, , 275.873472
2349630.exe, 0.053166666666666675, , 0.0013333333333333333, , 275.807336
2349630.exe, 0.053166666666666675, , 0.0013333333333333333, , 275.893453
2349630.exe, 0.05333333333333334, , 0.0013333333333333333, , 275.535102
2349630.exe, 0.05266666666666667, , 0.0013333333333333333, , 275.603658
