1230547.exe, 0.044333333333333336, , 0.0011666666666666668, , 315.585675
1230547.exe, 0.04566666666666667, , 0.001, , 278.105176
1230547.exe, 0.0455, , 0.001, , 277.618496
1230547.exe, 0.04516666666666667, , 0.001, , 277.840644
1230547.exe, 0.04583333333333333, , 0.001, , 278.267651
1230547.exe, 0.04566666666666667, , 0.001, , 278.217851
1230547.exe, 0.045166666666666674, , 0.001, , 277.753894
1230547.exe, 0.04533333333333334, , 0.001, , 278.068344
1230547.exe, 0.0455, , 0.001, , 278.42926
1230547.exe, 0.045500000000000006, , 0.001, , 278.163056
1647016.exe, 0.185, , 0.005166666666666667, , 1209.244942
1647016.exe, 0.1846666666666667, , 0.005166666666666667, , 1209.524124
1647016.exe, 0.18466666666666667, , 0.005166666666666667, , 1208.911616
1647016.exe, 0.18383333333333335, , 0.005166666666666667, , 1209.653432
1647016.exe, 0.183, , 0.005166666666666667, , 1209.080568
1647016.exe, 0.183, , 0.005166666666666667, , 1209.99612
1647016.exe, 0.18533333333333332, , 0.005333333333333333, , 1210.721016
1647016.exe, 0.18216666666666667, , 0.005166666666666667, , 1209.498353
1647016.exe, 0.18333333333333332, , 0.005166666666666667, , 1208.88665
1647016.exe, 0.18233333333333332, , 0.005166666666666667, , 1208.455485
1983458.exe, 0.3368333333333334, , 0.009500000000000001, , 2236.901646
1983458.exe, 0.3373333333333333, , 0.009333333333333334, , 2237.658563
1983458.exe, 0.33516666666666667, , 0.009500000000000001, , 2236.975094
1983458.exe, 0.33699999999999997, , 0.009333333333333334, , 2238.11546
1983458.exe, 0.336, , 0.009500000000000001, , 2236.806718
1983458.exe, 0.3376666666666666, , 0.009500000000000001, , 2237.783457
1983458.exe, 0.336, , 0.009500000000000001, , 2238.793234
1983458.exe, 0.3363333333333333, , 0.009500000000000001, , 2238.248263
1983458.exe, 0.33716666666666667, , 0.009500000000000001, , 2237.508194
1983458.exe, 0.3365, , 0.009500000000000001, , 2237.55133
2344548.exe, 0.027833333333333335, , 0.001, , 171.914676
2344548.exe, 0.02816666666666667, , 0.001, , 169.694873
2344548.exe, 0.02716666666666667, , 0.001, , 175.5156
2344548.exe, 0.027833333333333335, , 0.001, , 172.404946
2344548.exe, 0.028000000000000004, , 0.001, , 168.9164
2344548.exe, 0.027833333333333335, , 0.001, , 171.409425
2344548.exe, 0.027500000000000004, , 0.001, , 172.275497
2344548.exe, 0.027500000000000004, , 0.001, , 172.340812
2344548.exe, 0.027833333333333335, , 0.001, , 170.954373
2344548.exe, 0.027500000000000004, , 0.001, , 172.195571
2492423.exe, 0.04533333333333333, , 0.001, , 280.912742
2492423.exe, 0.044666666666666674, , 0.001, , 280.577283
2492423.exe, 0.044166666666666674, , 0.001, , 281.34094
2492423.exe, 0.045000000000000005, , 0.001, , 280.845436
2492423.exe, 0.045166666666666674, , 0.001, , 280.92266
2492423.exe, 0.0445, , 0.001, , 280.745967
2492423.exe, 0.04466666666666667, , 0.001, , 280.509109
2492423.exe, 0.045000000000000005, , 0.001, , 280.617326
2492423.exe, 0.04483333333333334, , 0.001, , 280.650324
2492423.exe, 0.0445, , 0.001, , 280.72627
2708553.exe, 0.3343333333333333, , 0.009333333333333334, , 2237.022912
2708553.exe, 0.3358333333333334, , 0.009500000000000001, , 2239.101571
2708553.exe, 0.33266666666666667, , 0.009500000000000001, , 2238.084244
2708553.exe, 0.33549999999999996, , 0.009333333333333334, , 2238.080739
2708553.exe, 0.3368333333333334, , 0.009500000000000001, , 2237.762876
2708553.exe, 0.33766666666666667, , 0.009500000000000001, , 2239.639529
2708553.exe, 0.33799999999999997, , 0.009666666666666667, , 2239.33127
2708553.exe, 0.337, , 0.009500000000000001, , 2239.125871
2708553.exe, 0.3373333333333333, , 0.009500000000000001, , 2237.816814
2708553.exe, 0.3383333333333333, , 0.009333333333333334, , 2237.570573
3942378.exe, 0.045000000000000005, , 0.001, , 276.409521
3942378.exe, 0.045000000000000005, , 0.001, , 276.144509
3942378.exe, 0.044333333333333336, , 0.001, , 276.09982
3942378.exe, 0.04516666666666667, , 0.001, , 276.492893
3942378.exe, 0.044333333333333336, , 0.001, , 275.404924
3942378.exe, 0.04483333333333334, , 0.001, , 276.123439
3942378.exe, 0.044333333333333336, , 0.001, , 276.30807
3942378.exe, 0.04533333333333333, , 0.0011666666666666668, , 276.235848
3942378.exe, 0.04283333333333334, , 0.0011666666666666668, , 299.871514
3942378.exe, 0.04483333333333334, , 0.001, , 275.837263
4162716.exe, 0.04533333333333333, , 0.001, , 283.075129
4162716.exe, 0.046000000000000006, , 0.001, , 281.649704
4162716.exe, 0.046, , 0.001, , 281.948862
4162716.exe, 0.046, , 0.001, , 281.917591
4162716.exe, 0.04583333333333333, , 0.001, , 281.318847
4162716.exe, 0.04583333333333333, , 0.001, , 281.418094
4162716.exe, 0.04566666666666666, , 0.001, , 281.116103
4162716.exe, 0.04566666666666667, , 0.001, , 281.705363
4162716.exe, 0.04566666666666667, , 0.001, , 281.215819
4162716.exe, 0.0455, , 0.001, , 282.023403
5070692.exe, 0.02816666666666667, , 0.001, , 170.630077
5070692.exe, 0.02816666666666667, , 0.001, , 171.395771
5070692.exe, 0.028333333333333335, , 0.001, , 173.404367
5070692.exe, 0.02666666666666667, , 0.001, , 177.678458
5070692.exe, 0.027833333333333335, , 0.001, , 172.88734
5070692.exe, 0.027333333333333334, , 0.001, , 175.049718
5070692.exe, 0.027000000000000003, , 0.001, , 175.557689
5070692.exe, 0.026833333333333334, , 0.001, , 175.392323
5070692.exe, 0.027333333333333334, , 0.001, , 174.769372
5070692.exe, 0.02766666666666667, , 0.001, , 173.188216
5111284.exe, 0.0415, , 0.001, , 279.638874
5111284.exe, 0.041999999999999996, , 0.001, , 280.010718
5111284.exe, 0.04183333333333334, , 0.001, , 279.052577
5111284.exe, 0.0415, , 0.001, , 279.458959
5111284.exe, 0.041666666666666664, , 0.001, , 278.866888
5111284.exe, 0.042, , 0.001, , 277.358144
5111284.exe, 0.04216666666666667, , 0.001, , 277.022172
5111284.exe, 0.04183333333333333, , 0.001, , 276.822675
5111284.exe, 0.04200000000000001, , 0.001, , 277.302312
5111284.exe, 0.042, , 0.001, , 277.1685
5466468.exe, 0.04316666666666667, , 0.001, , 278.494151
5466468.exe, 0.043333333333333335, , 0.001, , 277.744759
5466468.exe, 0.04333333333333334, , 0.001, , 276.945407
5466468.exe, 0.04333333333333334, , 0.001, , 276.781573
5466468.exe, 0.04316666666666667, , 0.001, , 277.523139
5466468.exe, 0.043666666666666666, , 0.001, , 277.218069
5466468.exe, 0.043500000000000004, , 0.001, , 277.092087
5466468.exe, 0.043166666666666666, , 0.001, , 277.357638
5466468.exe, 0.043333333333333335, , 0.001, , 277.614121
5466468.exe, 0.04283333333333333, , 0.001, , 277.104192
5474729.exe, 0.087, , 0.0023333333333333335, , 523.161911
5474729.exe, 0.0875, , 0.0021666666666666666, , 523.192295
5474729.exe, 0.08683333333333333, , 0.0023333333333333335, , 523.606164
5474729.exe, 0.08783333333333333, , 0.0023333333333333335, , 522.977596
5474729.exe, 0.08766666666666666, , 0.0023333333333333335, , 522.957869
5474729.exe, 0.087, , 0.0023333333333333335, , 523.282546
5474729.exe, 0.08716666666666666, , 0.0023333333333333335, , 522.884281
5474729.exe, 0.0865, , 0.0023333333333333335, , 522.899298
5474729.exe, 0.08600000000000001, , 0.0025000000000000005, , 523.525433
5474729.exe, 0.08566666666666668, , 0.0023333333333333335, , 522.770403
5598721.exe, 0.015166666666666667, , 0.0006666666666666666, , 105.001645
5598721.exe, 0.013833333333333335, , 0.0006666666666666666, , 112.271526
5598721.exe, 0.014166666666666668, , 0.0005, , 111.877781
5598721.exe, 0.013833333333333335, , 0.0008333333333333334, , 121.269132
5598721.exe, 0.012333333333333333, , 0.0006666666666666666, , 130.921022
5598721.exe, 0.010333333333333333, , 0.001, , 169.288707
5598721.exe, 0.013500000000000002, , 0.0006666666666666666, , 129.89028
5598721.exe, 0.012333333333333333, , 0.0008333333333333334, , 128.356812
5598721.exe, 0.012166666666666666, , 0.0008333333333333334, , 130.0162
5598721.exe, 0.014000000000000002, , 0.0006666666666666666, , 122.831922
5722411.exe, 0.024833333333333332, , 0.001, , 156.862661
5722411.exe, 0.025666666666666667, , 0.001, , 153.579672
5722411.exe, 0.026000000000000002, , 0.001, , 151.679064
5722411.exe, 0.024666666666666667, , 0.001, , 158.874917
5722411.exe, 0.024000000000000004, , 0.001, , 163.088608
5722411.exe, 0.025166666666666667, , 0.001, , 156.259442
5722411.exe, 0.025833333333333333, , 0.001, , 152.373671
5722411.exe, 0.025, , 0.001, , 155.50623
5722411.exe, 0.025833333333333333, , 0.001, , 152.777451
5722411.exe, 0.024166666666666666, , 0.001, , 160.336317
5999868.exe, 0.04583333333333333, , 0.001, , 290.477609
5999868.exe, 0.04616666666666667, , 0.001, , 290.571406
5999868.exe, 0.046, , 0.001, , 290.344651
5999868.exe, 0.046, , 0.001, , 291.111767
5999868.exe, 0.046, , 0.001, , 290.352471
5999868.exe, 0.04566666666666666, , 0.001, , 290.173481
5999868.exe, 0.04616666666666667, , 0.001, , 290.135218
5999868.exe, 0.04616666666666667, , 0.001, , 290.062627
5999868.exe, 0.045500000000000006, , 0.001, , 289.989537
5999868.exe, 0.045500000000000006, , 0.001, , 292.288223
6578108.exe, 0.326, , 0.009666666666666667, , 2253.548785
6578108.exe, 0.328, , 0.009666666666666667, , 2254.492953
6578108.exe, 0.328, , 0.009833333333333333, , 2254.21373
6578108.exe, 0.32749999999999996, , 0.009666666666666667, , 2254.562446
6578108.exe, 0.32816666666666666, , 0.009833333333333333, , 2254.946259
6578108.exe, 0.3276666666666666, , 0.009666666666666667, , 2254.576461
6578108.exe, 0.32749999999999996, , 0.009666666666666667, , 2253.742518
6578108.exe, 0.32749999999999996, , 0.009666666666666667, , 2255.285197
6578108.exe, 0.32766666666666666, , 0.009500000000000001, , 2254.591277
6578108.exe, 0.32783333333333337, , 0.009666666666666667, , 2254.643752
7823228.exe, 0.04533333333333333, , 0.001, , 269.392785
7823228.exe, 0.04583333333333333, , 0.001, , 269.573005
7823228.exe, 0.04566666666666666, , 0.001, , 269.652305
7823228.exe, 0.046, , 0.001, , 269.246412
7823228.exe, 0.0465, , 0.001, , 268.903369
7823228.exe, 0.046833333333333345, , 0.001, , 269.585688
7823228.exe, 0.04666666666666666, , 0.001, , 268.946144
7823228.exe, 0.046, , 0.001, , 270.766524
7823228.exe, 0.04616666666666667, , 0.001, , 269.370119
7823228.exe, 0.04583333333333333, , 0.001, , 269.527165
8001049.exe, 0.04700000000000001, , 0.001, , 288.800585
8001049.exe, 0.04766666666666667, , 0.001, , 288.589676
8001049.exe, 0.048, , 0.001, , 288.371794
8001049.exe, 0.04766666666666666, , 0.001, , 288.752856
8001049.exe, 0.04716666666666667, , 0.001, , 288.66014
8001049.exe, 0.04783333333333333, , 0.001, , 288.528862
8001049.exe, 0.047499999999999994, , 0.001, , 288.912477
8001049.exe, 0.04816666666666666, , 0.001, , 288.790103
8001049.exe, 0.04766666666666667, , 0.001, , 288.546577
8001049.exe, 0.048, , 0.001, , 289.338502
8588479.exe, 0.04583333333333333, , 0.001, , 269.223105
8588479.exe, 0.04566666666666666, , 0.001, , 268.822493
8588479.exe, 0.04566666666666666, , 0.001, , 268.610457
8588479.exe, 0.04583333333333333, , 0.001, , 268.742744
8588479.exe, 0.04583333333333333, , 0.001, , 268.835321
8588479.exe, 0.04566666666666667, , 0.001, , 268.589599
8588479.exe, 0.04566666666666667, , 0.001, , 268.968275
8588479.exe, 0.04533333333333334, , 0.001, , 268.787613
8588479.exe, 0.04566666666666667, , 0.001, , 268.993176
8588479.exe, 0.0455, , 0.001, , 269.019109
941239.exe, 0.018333333333333333, , 0.001, , 161.355175
941239.exe, 0.018500000000000003, , 0.001, , 156.704505
941239.exe, 0.022166666666666664, , 0.001, , 138.998054
941239.exe, 0.017833333333333333, , 0.001, , 167.257784
941239.exe, 0.018166666666666664, , 0.001, , 158.734114
941239.exe, 0.0195, , 0.001, , 155.3615
941239.exe, 0.018166666666666668, , 0.001, , 162.670225
941239.exe, 0.0195, , 0.0008333333333333334, , 153.276778
941239.exe, 0.017666666666666667, , 0.001, , 166.766345
941239.exe, 0.02283333333333333, , 0.001, , 135.8722
