120780.exe, 0.24883333333333332, , 0.006666666666666667, , 1581.130044
120780.exe, 0.2518333333333333, , 0.006166666666666667, , 1516.756031
120780.exe, 0.24983333333333332, , 0.006166666666666667, , 1518.989166
120780.exe, 0.24966666666666668, , 0.006166666666666667, , 1516.696825
120780.exe, 0.2505, , 0.006166666666666667, , 1516.740197
120780.exe, 0.25016666666666665, , 0.006333333333333333, , 1516.687391
120780.exe, 0.249, , 0.006166666666666667, , 1517.676294
120780.exe, 0.254, , 0.006333333333333333, , 1519.142495
120780.exe, 0.24833333333333335, , 0.006333333333333333, , 1531.223144
120780.exe, 0.25033333333333335, , 0.006333333333333333, , 1517.537304
1231818.exe, 0.039, , 0.001, , 233.850605
1231818.exe, 0.03866666666666666, , 0.001, , 234.674235
1231818.exe, 0.03916666666666667, , 0.001, , 233.262042
1231818.exe, 0.03916666666666667, , 0.001, , 232.99097
1231818.exe, 0.03883333333333334, , 0.001, , 233.75746
1231818.exe, 0.03983333333333334, , 0.001, , 233.038709
1231818.exe, 0.037000000000000005, , 0.0011666666666666668, , 248.448813
1231818.exe, 0.03916666666666667, , 0.001, , 232.992034
1231818.exe, 0.039, , 0.001, , 233.651455
1231818.exe, 0.03866666666666666, , 0.001, , 234.763823
1290864.exe, 0.025, , 0.001, , 150.584193
1290864.exe, 0.023000000000000003, , 0.001, , 158.957146
1290864.exe, 0.024, , 0.001, , 156.452487
1290864.exe, 0.023166666666666665, , 0.001, , 158.367029
1290864.exe, 0.025500000000000002, , 0.001, , 150.945825
1290864.exe, 0.023000000000000003, , 0.001, , 157.092528
1290864.exe, 0.024833333333333332, , 0.001, , 150.474257
1290864.exe, 0.025166666666666667, , 0.001, , 150.627786
1290864.exe, 0.0235, , 0.001, , 157.150593
1290864.exe, 0.021666666666666667, , 0.001, , 168.48465
1318308.exe, 0.06366666666666668, , 0.0016666666666666668, , 364.999895
1318308.exe, 0.06366666666666668, , 0.0016666666666666668, , 364.782673
1318308.exe, 0.06299999999999999, , 0.0016666666666666668, , 365.387776
1318308.exe, 0.06316666666666666, , 0.0016666666666666668, , 364.772247
1318308.exe, 0.0635, , 0.0016666666666666668, , 364.832685
1318308.exe, 0.06316666666666666, , 0.0016666666666666668, , 365.808898
1318308.exe, 0.06366666666666666, , 0.0016666666666666668, , 366.020856
1318308.exe, 0.06333333333333332, , 0.0016666666666666668, , 364.948673
1318308.exe, 0.06333333333333332, , 0.0016666666666666668, , 365.053
1318308.exe, 0.0635, , 0.0016666666666666668, , 364.975284
1340102.exe, 0.13066666666666665, , 0.0035000000000000005, , 764.945204
1340102.exe, 0.1295, , 0.0035000000000000005, , 764.603075
1340102.exe, 0.13, , 0.0035000000000000005, , 764.673739
1340102.exe, 0.13099999999999998, , 0.0035000000000000005, , 764.601752
1340102.exe, 0.13083333333333333, , 0.0035000000000000005, , 765.173619
1340102.exe, 0.13183333333333333, , 0.0035000000000000005, , 764.581611
1340102.exe, 0.132, , 0.0035000000000000005, , 764.40457
1340102.exe, 0.13216666666666665, , 0.0035000000000000005, , 765.020586
1340102.exe, 0.13183333333333333, , 0.0035000000000000005, , 764.78154
1340102.exe, 0.1315, , 0.0035000000000000005, , 764.545613
1570142.exe, 0.012166666666666666, , 0.0003333333333333333, , 94.347333
1570142.exe, 0.009666666666666665, , 0.0008333333333333334, , 116.566059
1570142.exe, 0.009333333333333334, , 0.0008333333333333334, , 121.579959
1570142.exe, 0.008666666666666666, , 0.001, , 155.431331
1570142.exe, 0.009000000000000001, , 0.001, , 157.764535
1570142.exe, 0.009000000000000001, , 0.001, , 144.220959
1570142.exe, 0.008833333333333334, , 0.001, , 144.683961
1570142.exe, 0.009166666666666667, , 0.001, , 144.627641
1570142.exe, 0.008833333333333334, , 0.001, , 144.630633
1570142.exe, 0.010666666666666666, , 0.0005, , 112.636675
1751912.exe, 0.12000000000000001, , 0.0035000000000000005, , 810.722982
1751912.exe, 0.12066666666666667, , 0.003666666666666667, , 810.606441
1751912.exe, 0.12183333333333331, , 0.0035000000000000005, , 810.497637
1751912.exe, 0.12216666666666667, , 0.0035000000000000005, , 810.473652
1751912.exe, 0.12266666666666669, , 0.0035000000000000005, , 810.2344
1751912.exe, 0.12283333333333335, , 0.0035000000000000005, , 810.176166
1751912.exe, 0.1225, , 0.0035000000000000005, , 810.768807
1751912.exe, 0.12216666666666667, , 0.0035000000000000005, , 810.430655
1751912.exe, 0.12283333333333334, , 0.003666666666666667, , 810.518966
1751912.exe, 0.1225, , 0.0035000000000000005, , 810.125126
