1374738.exe, 0.07899999999999999, , 0.0023333333333333335, , 467.475455
1374738.exe, 0.07949999999999999, , 0.0021666666666666666, , 402.779516
1374738.exe, 0.07966666666666669, , 0.0021666666666666666, , 402.881863
1374738.exe, 0.07949999999999999, , 0.0021666666666666666, , 405.074508
1374738.exe, 0.0785, , 0.0021666666666666666, , 406.015207
1374738.exe, 0.079, , 0.0021666666666666666, , 404.228115
1374738.exe, 0.08016666666666666, , 0.0021666666666666666, , 402.861397
1374738.exe, 0.07883333333333332, , 0.0021666666666666666, , 402.804279
1374738.exe, 0.079, , 0.0021666666666666666, , 403.999559
1374738.exe, 0.1125, , 0.003, , 423.943345
2951063.exe, 0.07783333333333334, , 0.0021666666666666666, , 397.384775
2951063.exe, 0.07783333333333334, , 0.0021666666666666666, , 396.629956
2951063.exe, 0.07733333333333334, , 0.0021666666666666666, , 395.198581
2951063.exe, 0.07716666666666668, , 0.0021666666666666666, , 395.566998
2951063.exe, 0.07683333333333334, , 0.0021666666666666666, , 397.864981
2951063.exe, 0.07716666666666668, , 0.0021666666666666666, , 395.394404
2951063.exe, 0.0775, , 0.0021666666666666666, , 394.931764
2951063.exe, 0.07716666666666668, , 0.0021666666666666666, , 395.262498
2951063.exe, 0.07683333333333332, , 0.0021666666666666666, , 398.762679
2951063.exe, 0.0765, , 0.0021666666666666666, , 397.814059
2961600.exe, 0.07283333333333333, , 0.0021666666666666666, , 380.682122
2961600.exe, 0.07333333333333332, , 0.0021666666666666666, , 381.059987
2961600.exe, 0.07433333333333333, , 0.0021666666666666666, , 380.498537
2961600.exe, 0.07400000000000001, , 0.0021666666666666666, , 379.694697
2961600.exe, 0.07366666666666667, , 0.0021666666666666666, , 380.662114
2961600.exe, 0.07183333333333335, , 0.0021666666666666666, , 386.535521
2961600.exe, 0.074, , 0.0021666666666666666, , 379.971144
2961600.exe, 0.07316666666666667, , 0.0021666666666666666, , 381.003734
2961600.exe, 0.07366666666666667, , 0.0021666666666666666, , 381.674396
2961600.exe, 0.07333333333333333, , 0.0021666666666666666, , 379.056289
3122929.exe, 0.17966666666666667, , 0.004166666666666667, , 860.38152
3122929.exe, 0.18116666666666664, , 0.004166666666666667, , 859.853551
3122929.exe, 0.18066666666666667, , 0.004166666666666667, , 860.052342
3122929.exe, 0.18033333333333335, , 0.004166666666666667, , 862.542951
3122929.exe, 0.18183333333333335, , 0.004166666666666667, , 864.754566
3122929.exe, 0.18016666666666667, , 0.004166666666666667, , 859.10606
3122929.exe, 0.18083333333333335, , 0.004166666666666667, , 859.687462
3122929.exe, 0.17983333333333335, , 0.004166666666666667, , 861.349762
3122929.exe, 0.18000000000000002, , 0.004166666666666667, , 861.042644
3122929.exe, 0.17883333333333334, , 0.004166666666666667, , 861.79005
3698143.exe, 0.07366666666666667, , 0.0021666666666666666, , 398.504012
3698143.exe, 0.075, , 0.0021666666666666666, , 396.746498
3698143.exe, 0.075, , 0.0021666666666666666, , 395.569173
3698143.exe, 0.07433333333333333, , 0.0021666666666666666, , 395.63663
3698143.exe, 0.07433333333333333, , 0.0021666666666666666, , 395.817793
3698143.exe, 0.07583333333333334, , 0.0021666666666666666, , 395.330062
3698143.exe, 0.07516666666666667, , 0.0021666666666666666, , 399.895434
3698143.exe, 0.07616666666666666, , 0.0021666666666666666, , 392.410222
3698143.exe, 0.07566666666666667, , 0.0021666666666666666, , 393.474948
3698143.exe, 0.07533333333333332, , 0.0021666666666666666, , 392.99558
4488347.exe, 0.07733333333333332, , 0.0021666666666666666, , 408.077533
4488347.exe, 0.07783333333333334, , 0.0021666666666666666, , 404.751313
4488347.exe, 0.07633333333333332, , 0.0021666666666666666, , 408.168521
4488347.exe, 0.07733333333333332, , 0.0021666666666666666, , 406.542421
4488347.exe, 0.07616666666666666, , 0.0021666666666666666, , 407.411587
4488347.exe, 0.07800000000000001, , 0.0021666666666666666, , 404.016126
4488347.exe, 0.07783333333333334, , 0.0021666666666666666, , 405.146527
4488347.exe, 0.07816666666666668, , 0.0021666666666666666, , 405.180077
4488347.exe, 0.07783333333333335, , 0.0021666666666666666, , 405.85946
4488347.exe, 0.07816666666666666, , 0.0021666666666666666, , 404.921936
4622641.exe, 0.18483333333333332, , 0.004166666666666667, , 886.739291
4622641.exe, 0.1845, , 0.004166666666666667, , 888.179709
4622641.exe, 0.18466666666666665, , 0.004166666666666667, , 887.167239
4622641.exe, 0.18400000000000002, , 0.004333333333333333, , 887.995101
4622641.exe, 0.18416666666666662, , 0.004166666666666667, , 887.272806
4622641.exe, 0.185, , 0.004166666666666667, , 889.280867
4622641.exe, 0.18383333333333332, , 0.004166666666666667, , 886.54114
4622641.exe, 0.18449999999999997, , 0.004166666666666667, , 889.115352
4622641.exe, 0.18666666666666665, , 0.004166666666666667, , 889.324652
4622641.exe, 0.1863333333333333, , 0.004333333333333333, , 885.982643
533881.exe, 0.17699999999999996, , 0.004166666666666667, , 843.603664
533881.exe, 0.17683333333333331, , 0.004166666666666667, , 841.981455
533881.exe, 0.17566666666666667, , 0.004166666666666667, , 842.039697
533881.exe, 0.1765, , 0.004166666666666667, , 843.821533
533881.exe, 0.1758333333333333, , 0.004166666666666667, , 841.850757
533881.exe, 0.1765, , 0.004166666666666667, , 842.541665
533881.exe, 0.17733333333333334, , 0.004166666666666667, , 842.454423
533881.exe, 0.1768333333333333, , 0.004166666666666667, , 841.419023
533881.exe, 0.17483333333333334, , 0.004166666666666667, , 842.554169
533881.exe, 0.17566666666666667, , 0.004166666666666667, , 843.395837
552105.exe, 0.0765, , 0.0021666666666666666, , 415.991578
552105.exe, 0.07816666666666668, , 0.0021666666666666666, , 402.34536
552105.exe, 0.07850000000000001, , 0.0021666666666666666, , 402.862185
552105.exe, 0.07783333333333334, , 0.0021666666666666666, , 402.041565
552105.exe, 0.07850000000000001, , 0.0021666666666666666, , 402.322905
552105.exe, 0.07833333333333334, , 0.0021666666666666666, , 402.02942
552105.exe, 0.07783333333333334, , 0.0021666666666666666, , 404.154471
552105.exe, 0.07833333333333334, , 0.0021666666666666666, , 402.126176
552105.exe, 0.07866666666666668, , 0.0021666666666666666, , 402.920386
552105.exe, 0.07816666666666668, , 0.0021666666666666666, , 404.124231
5722253.exe, 0.17466666666666664, , 0.008166666666666666, , 990.072282
5722253.exe, 0.175, , 0.008166666666666666, , 987.36342
5722253.exe, 0.17716666666666664, , 0.008166666666666666, , 989.251851
5722253.exe, 0.17983333333333332, , 0.008333333333333333, , 989.777612
5722253.exe, 0.1758333333333333, , 0.008166666666666666, , 985.030851
5722253.exe, 0.17733333333333332, , 0.008166666666666666, , 985.985038
5722253.exe, 0.17516666666666666, , 0.008166666666666666, , 982.670144
5722253.exe, 0.17433333333333334, , 0.008166666666666666, , 983.923313
5722253.exe, 0.17566666666666667, , 0.008166666666666666, , 986.268077
5722253.exe, 0.1748333333333333, , 0.008166666666666666, , 985.177219
5840366.exe, 0.17833333333333334, , 0.004166666666666667, , 848.559879
5840366.exe, 0.17866666666666667, , 0.004166666666666667, , 848.968359
5840366.exe, 0.17950000000000002, , 0.004166666666666667, , 851.615121
5840366.exe, 0.17866666666666664, , 0.004166666666666667, , 849.646125
5840366.exe, 0.18050000000000002, , 0.004166666666666667, , 851.470897
5840366.exe, 0.17916666666666667, , 0.004166666666666667, , 848.939497
5840366.exe, 0.1795, , 0.004166666666666667, , 850.101274
5840366.exe, 0.17833333333333332, , 0.004166666666666667, , 850.341191
5840366.exe, 0.178, , 0.004166666666666667, , 849.429649
5840366.exe, 0.1801666666666667, , 0.004166666666666667, , 853.708829
5842855.exe, 0.18466666666666667, , 0.004166666666666667, , 873.931736
5842855.exe, 0.18283333333333332, , 0.004166666666666667, , 873.260358
5842855.exe, 0.18366666666666667, , 0.004166666666666667, , 873.764128
5842855.exe, 0.18283333333333335, , 0.004166666666666667, , 873.31205
5842855.exe, 0.18299999999999997, , 0.004166666666666667, , 874.509892
5842855.exe, 0.18366666666666667, , 0.004166666666666667, , 875.061454
5842855.exe, 0.1835, , 0.004166666666666667, , 872.919939
5842855.exe, 0.18383333333333332, , 0.004333333333333333, , 872.026456
5842855.exe, 0.18466666666666667, , 0.004333333333333333, , 876.713656
5842855.exe, 0.18233333333333335, , 0.004166666666666667, , 873.790427
6024175.exe, 0.07250000000000001, , 0.0021666666666666666, , 382.332896
6024175.exe, 0.07400000000000001, , 0.0021666666666666666, , 382.112966
6024175.exe, 0.07383333333333335, , 0.0021666666666666666, , 382.787565
6024175.exe, 0.07333333333333333, , 0.0021666666666666666, , 382.102912
6024175.exe, 0.07383333333333333, , 0.0021666666666666666, , 382.213152
6024175.exe, 0.07383333333333335, , 0.0021666666666666666, , 383.616428
6024175.exe, 0.0735, , 0.0021666666666666666, , 386.24489
6024175.exe, 0.07333333333333333, , 0.0021666666666666666, , 382.658343
6024175.exe, 0.07266666666666667, , 0.0021666666666666666, , 383.831665
6024175.exe, 0.07283333333333333, , 0.0021666666666666666, , 383.93511
6028032.exe, 0.17683333333333334, , 0.004166666666666667, , 851.617607
6028032.exe, 0.1773333333333333, , 0.004166666666666667, , 851.276605
6028032.exe, 0.17783333333333337, , 0.004166666666666667, , 851.640811
6028032.exe, 0.17716666666666664, , 0.004166666666666667, , 851.671418
6028032.exe, 0.17833333333333332, , 0.004166666666666667, , 852.384045
6028032.exe, 0.17783333333333337, , 0.004166666666666667, , 849.824488
6028032.exe, 0.17883333333333334, , 0.004166666666666667, , 851.70956
6028032.exe, 0.17916666666666667, , 0.004166666666666667, , 851.080923
6028032.exe, 0.1766666666666667, , 0.004166666666666667, , 871.419156
6028032.exe, 0.17600000000000005, , 0.004166666666666667, , 856.063102
6073943.exe, 0.17700000000000002, , 0.004166666666666667, , 858.463791
6073943.exe, 0.17666666666666667, , 0.004166666666666667, , 861.691037
6073943.exe, 0.1758333333333333, , 0.004333333333333333, , 873.368572
6073943.exe, 0.1781666666666667, , 0.004166666666666667, , 861.168001
6073943.exe, 0.17883333333333334, , 0.004166666666666667, , 856.855358
6073943.exe, 0.17983333333333335, , 0.004166666666666667, , 857.965663
6073943.exe, 0.17866666666666664, , 0.004166666666666667, , 855.537964
6073943.exe, 0.17883333333333334, , 0.004166666666666667, , 856.772559
6073943.exe, 0.17699999999999996, , 0.004166666666666667, , 857.01388
6073943.exe, 0.17733333333333334, , 0.004166666666666667, , 855.903407
6487463.exe, 0.17716666666666672, , 0.004166666666666667, , 851.307915
6487463.exe, 0.17466666666666664, , 0.004166666666666667, , 861.910643
6487463.exe, 0.1766666666666667, , 0.004166666666666667, , 849.445036
6487463.exe, 0.17750000000000002, , 0.004166666666666667, , 848.512902
6487463.exe, 0.1765, , 0.004166666666666667, , 847.775391
6487463.exe, 0.17749999999999996, , 0.004166666666666667, , 852.676577
6487463.exe, 0.17800000000000002, , 0.004166666666666667, , 852.9695
6487463.exe, 0.17716666666666667, , 0.004166666666666667, , 847.697125
6487463.exe, 0.178, , 0.004166666666666667, , 849.080402
6487463.exe, 0.1795, , 0.004166666666666667, , 850.729138
6818440.exe, 0.17633333333333334, , 0.004166666666666667, , 842.263457
6818440.exe, 0.17633333333333334, , 0.004166666666666667, , 842.885144
6818440.exe, 0.17616666666666667, , 0.004166666666666667, , 841.477421
6818440.exe, 0.17633333333333331, , 0.004166666666666667, , 842.041823
6818440.exe, 0.1765, , 0.004166666666666667, , 841.08916
6818440.exe, 0.17666666666666667, , 0.004166666666666667, , 844.468711
6818440.exe, 0.1758333333333333, , 0.004, , 841.666203
6818440.exe, 0.17549999999999996, , 0.004, , 840.925779
6818440.exe, 0.1765, , 0.004166666666666667, , 847.324827
6818440.exe, 0.17666666666666664, , 0.004166666666666667, , 847.862052
6890460.exe, 0.08166666666666665, , 0.0021666666666666666, , 427.87182
6890460.exe, 0.08216666666666667, , 0.0021666666666666666, , 427.75577
6890460.exe, 0.082, , 0.0021666666666666666, , 427.135226
6890460.exe, 0.08266666666666667, , 0.0021666666666666666, , 427.588916
6890460.exe, 0.082, , 0.0021666666666666666, , 427.209826
6890460.exe, 0.08266666666666667, , 0.0021666666666666666, , 426.661143
6890460.exe, 0.08233333333333334, , 0.0021666666666666666, , 427.048799
6890460.exe, 0.08166666666666668, , 0.0021666666666666666, , 427.557297
6890460.exe, 0.08233333333333333, , 0.0021666666666666666, , 429.598893
6890460.exe, 0.08233333333333334, , 0.0021666666666666666, , 429.513004
772253.exe, 0.14666666666666667, , 0.005333333333333334, , 820.914508
772253.exe, 0.14716666666666667, , 0.005333333333333334, , 823.658264
772253.exe, 0.14716666666666664, , 0.005333333333333334, , 820.356073
772253.exe, 0.1438333333333333, , 0.005333333333333334, , 841.110904
772253.exe, 0.14616666666666667, , 0.005333333333333334, , 821.991504
772253.exe, 0.14699999999999996, , 0.005333333333333334, , 822.182483
772253.exe, 0.146, , 0.005333333333333334, , 822.24328
772253.exe, 0.14866666666666664, , 0.005333333333333334, , 820.490873
772253.exe, 0.14633333333333332, , 0.005333333333333334, , 825.743858
772253.exe, 0.14516666666666664, , 0.005333333333333334, , 821.83505
8036296.exe, 0.17833333333333332, , 0.004166666666666667, , 863.437584
8036296.exe, 0.18583333333333335, , 0.004333333333333333, , 861.743103
8036296.exe, 0.17883333333333334, , 0.004166666666666667, , 861.564044
8036296.exe, 0.18250000000000002, , 0.004166666666666667, , 864.537712
8036296.exe, 0.17883333333333337, , 0.004166666666666667, , 860.654848
8036296.exe, 0.18666666666666665, , 0.004166666666666667, , 861.546499
8036296.exe, 0.18000000000000002, , 0.004166666666666667, , 858.538865
8036296.exe, 0.18016666666666667, , 0.004166666666666667, , 859.231547
8036296.exe, 0.18016666666666667, , 0.004333333333333333, , 859.518218
8036296.exe, 0.18133333333333335, , 0.004166666666666667, , 859.086239
