1172589.exe, 0.18066666666666667, , 0.004333333333333333, , 896.043369
1172589.exe, 0.18116666666666667, , 0.004166666666666667, , 851.302794
1172589.exe, 0.18033333333333335, , 0.004166666666666667, , 846.138099
1172589.exe, 0.17899999999999996, , 0.004166666666666667, , 848.429198
1172589.exe, 0.17750000000000005, , 0.004166666666666667, , 863.324548
1172589.exe, 0.17950000000000002, , 0.004166666666666667, , 849.569598
1172589.exe, 0.1786666666666667, , 0.004166666666666667, , 849.309697
1172589.exe, 0.17883333333333337, , 0.004166666666666667, , 847.265687
1172589.exe, 0.18116666666666664, , 0.004166666666666667, , 851.905491
1172589.exe, 0.17883333333333334, , 0.004166666666666667, , 850.3795
126726.exe, 0.18100000000000002, , 0.004166666666666667, , 868.087013
126726.exe, 0.18516666666666665, , 0.004166666666666667, , 864.653463
126726.exe, 0.1795, , 0.004166666666666667, , 861.001413
126726.exe, 0.17900000000000002, , 0.004166666666666667, , 861.252467
126726.exe, 0.17983333333333335, , 0.004166666666666667, , 863.423246
126726.exe, 0.18016666666666667, , 0.004166666666666667, , 861.448152
126726.exe, 0.18016666666666667, , 0.004166666666666667, , 862.274727
126726.exe, 0.1795, , 0.004166666666666667, , 860.838221
126726.exe, 0.1808333333333333, , 0.004166666666666667, , 860.735543
126726.exe, 0.17950000000000002, , 0.004166666666666667, , 860.722124
1342186.exe, 0.15316666666666665, , 0.005333333333333334, , 849.455926
1342186.exe, 0.15383333333333335, , 0.005333333333333334, , 848.240238
1342186.exe, 0.15266666666666667, , 0.0055, , 850.459534
1342186.exe, 0.15416666666666667, , 0.0055, , 855.732925
1342186.exe, 0.152, , 0.005333333333333334, , 851.165107
1342186.exe, 0.15266666666666667, , 0.0055, , 858.159307
1342186.exe, 0.15216666666666667, , 0.005333333333333334, , 852.789344
1342186.exe, 0.15183333333333335, , 0.0055, , 852.919458
1342186.exe, 0.15266666666666667, , 0.0055, , 858.58099
1342186.exe, 0.15416666666666667, , 0.0055, , 857.022275
1409011.exe, 0.18100000000000002, , 0.004166666666666667, , 872.456341
1409011.exe, 0.18200000000000002, , 0.004166666666666667, , 869.491236
1409011.exe, 0.18183333333333335, , 0.004166666666666667, , 869.604463
1409011.exe, 0.18016666666666667, , 0.004166666666666667, , 867.383017
1409011.exe, 0.18150000000000002, , 0.004166666666666667, , 871.81685
1409011.exe, 0.1806666666666667, , 0.004166666666666667, , 870.572668
1409011.exe, 0.18066666666666667, , 0.004166666666666667, , 870.592164
1409011.exe, 0.179, , 0.004166666666666667, , 867.098989
1409011.exe, 0.18033333333333337, , 0.004166666666666667, , 869.143901
1409011.exe, 0.18100000000000002, , 0.004166666666666667, , 868.689108
1690595.exe, 0.08733333333333333, , 0.0021666666666666666, , 444.766041
1690595.exe, 0.08616666666666668, , 0.0021666666666666666, , 444.69938
1690595.exe, 0.08733333333333332, , 0.0021666666666666666, , 442.906532
1690595.exe, 0.08716666666666666, , 0.0021666666666666666, , 444.62498
1690595.exe, 0.08683333333333335, , 0.0021666666666666666, , 445.074384
1690595.exe, 0.08666666666666667, , 0.0021666666666666666, , 443.634416
1690595.exe, 0.0865, , 0.0021666666666666666, , 443.497767
1690595.exe, 0.0865, , 0.0021666666666666666, , 444.960396
1690595.exe, 0.08700000000000001, , 0.0021666666666666666, , 443.623611
1690595.exe, 0.08683333333333332, , 0.0021666666666666666, , 443.832721
1825983.exe, 0.1743333333333333, , 0.004166666666666667, , 847.645543
1825983.exe, 0.17633333333333334, , 0.004166666666666667, , 848.545281
1825983.exe, 0.17633333333333334, , 0.004166666666666667, , 848.966946
1825983.exe, 0.1756666666666666, , 0.004166666666666667, , 847.599847
1825983.exe, 0.17616666666666667, , 0.004166666666666667, , 848.517672
1825983.exe, 0.17700000000000002, , 0.004166666666666667, , 847.350844
1825983.exe, 0.17750000000000005, , 0.004166666666666667, , 848.692901
1825983.exe, 0.17933333333333337, , 0.004166666666666667, , 854.328288
1825983.exe, 0.17733333333333334, , 0.004166666666666667, , 846.124818
1825983.exe, 0.17833333333333332, , 0.004166666666666667, , 848.928141
1883504.exe, 0.18466666666666667, , 0.004166666666666667, , 883.81446
1883504.exe, 0.1848333333333333, , 0.004166666666666667, , 883.699965
1883504.exe, 0.18449999999999997, , 0.004166666666666667, , 882.030503
1883504.exe, 0.18516666666666667, , 0.004166666666666667, , 885.299545
1883504.exe, 0.18583333333333332, , 0.004166666666666667, , 883.625932
1883504.exe, 0.18433333333333332, , 0.004166666666666667, , 882.166429
1883504.exe, 0.1853333333333333, , 0.004166666666666667, , 880.884928
1883504.exe, 0.18366666666666667, , 0.004166666666666667, , 882.069297
1883504.exe, 0.18316666666666664, , 0.004166666666666667, , 881.054007
1883504.exe, 0.185, , 0.004166666666666667, , 883.622268
201747.exe, 0.1796666666666667, , 0.004166666666666667, , 861.856886
201747.exe, 0.17933333333333332, , 0.004166666666666667, , 861.388641
201747.exe, 0.17933333333333332, , 0.004166666666666667, , 872.668568
201747.exe, 0.18083333333333335, , 0.004166666666666667, , 863.216169
201747.exe, 0.18216666666666667, , 0.004166666666666667, , 862.05078
201747.exe, 0.18083333333333335, , 0.004166666666666667, , 861.707331
201747.exe, 0.1795, , 0.004166666666666667, , 861.382178
201747.exe, 0.18066666666666667, , 0.004166666666666667, , 862.497564
201747.exe, 0.18083333333333332, , 0.004166666666666667, , 862.34255
201747.exe, 0.17983333333333335, , 0.004166666666666667, , 862.897766
2024997.exe, 0.07716666666666668, , 0.0021666666666666666, , 398.45414
2024997.exe, 0.07683333333333332, , 0.0021666666666666666, , 396.844028
2024997.exe, 0.077, , 0.0021666666666666666, , 398.259222
2024997.exe, 0.07716666666666668, , 0.0021666666666666666, , 397.61514
2024997.exe, 0.07666666666666666, , 0.0021666666666666666, , 398.854185
2024997.exe, 0.07650000000000001, , 0.0021666666666666666, , 397.499227
2024997.exe, 0.07666666666666666, , 0.0021666666666666666, , 397.508045
2024997.exe, 0.07699999999999999, , 0.0021666666666666666, , 397.475148
2024997.exe, 0.077, , 0.0021666666666666666, , 399.658702
2024997.exe, 0.07633333333333334, , 0.0021666666666666666, , 397.620726
2094555.exe, 0.0775, , 0.0021666666666666666, , 400.303643
2094555.exe, 0.07683333333333334, , 0.0021666666666666666, , 403.951049
2094555.exe, 0.07733333333333334, , 0.0021666666666666666, , 400.722914
2094555.exe, 0.07666666666666667, , 0.0021666666666666666, , 400.593889
2094555.exe, 0.07616666666666666, , 0.0021666666666666666, , 405.183349
2094555.exe, 0.0775, , 0.0021666666666666666, , 400.897663
2094555.exe, 0.077, , 0.0021666666666666666, , 400.663732
2094555.exe, 0.0775, , 0.0021666666666666666, , 400.43276
2094555.exe, 0.0775, , 0.0021666666666666666, , 401.399725
2094555.exe, 0.07766666666666668, , 0.0021666666666666666, , 401.383364
2131253.exe, 0.1205, , 0.003, , 631.374364
2131253.exe, 0.12083333333333333, , 0.003, , 631.983513
2131253.exe, 0.12066666666666667, , 0.002833333333333333, , 631.424538
2131253.exe, 0.1215, , 0.003, , 633.100121
2131253.exe, 0.12050000000000001, , 0.003, , 631.406127
2131253.exe, 0.12033333333333335, , 0.003, , 632.465647
2131253.exe, 0.11999999999999998, , 0.002833333333333333, , 632.498971
2131253.exe, 0.11999999999999998, , 0.002833333333333333, , 631.713719
2131253.exe, 0.11916666666666667, , 0.002833333333333333, , 631.61713
2131253.exe, 0.1195, , 0.003, , 632.878798
229437.exe, 0.17766666666666667, , 0.004, , 853.205278
229437.exe, 0.17616666666666667, , 0.004166666666666667, , 851.584668
229437.exe, 0.1765, , 0.004166666666666667, , 851.180607
229437.exe, 0.17549999999999996, , 0.004166666666666667, , 849.853958
229437.exe, 0.1758333333333333, , 0.004166666666666667, , 850.7211
229437.exe, 0.1741666666666667, , 0.004166666666666667, , 849.299338
229437.exe, 0.17700000000000002, , 0.004166666666666667, , 852.622716
229437.exe, 0.17666666666666664, , 0.004166666666666667, , 850.367085
229437.exe, 0.17583333333333334, , 0.004166666666666667, , 850.238021
229437.exe, 0.17916666666666667, , 0.004166666666666667, , 854.278636
230403.exe, 0.18116666666666667, , 0.004166666666666667, , 870.786883
230403.exe, 0.1805, , 0.004166666666666667, , 874.406256
230403.exe, 0.1816666666666667, , 0.004166666666666667, , 873.282821
230403.exe, 0.18100000000000002, , 0.004166666666666667, , 873.366106
230403.exe, 0.1806666666666667, , 0.004166666666666667, , 874.988988
230403.exe, 0.18133333333333335, , 0.004166666666666667, , 873.821907
230403.exe, 0.18033333333333332, , 0.004166666666666667, , 872.247047
230403.exe, 0.18066666666666667, , 0.004166666666666667, , 872.348147
230403.exe, 0.181, , 0.004166666666666667, , 878.584318
230403.exe, 0.18133333333333335, , 0.004166666666666667, , 877.564107
2616722.exe, 0.17950000000000002, , 0.004166666666666667, , 873.467696
2616722.exe, 0.1806666666666667, , 0.004166666666666667, , 869.056554
2616722.exe, 0.1805, , 0.004166666666666667, , 869.186631
2616722.exe, 0.18083333333333335, , 0.004166666666666667, , 867.861568
2616722.exe, 0.18183333333333335, , 0.004166666666666667, , 867.58978
2616722.exe, 0.18033333333333335, , 0.004166666666666667, , 865.641494
2616722.exe, 0.17950000000000002, , 0.004166666666666667, , 866.402984
2616722.exe, 0.1796666666666667, , 0.004166666666666667, , 867.01197
2616722.exe, 0.17783333333333334, , 0.004166666666666667, , 886.046259
2616722.exe, 0.17966666666666667, , 0.004166666666666667, , 865.879315
2631785.exe, 0.07416666666666667, , 0.0021666666666666666, , 389.488419
2631785.exe, 0.07466666666666667, , 0.0021666666666666666, , 388.132107
2631785.exe, 0.07433333333333333, , 0.0021666666666666666, , 387.445096
2631785.exe, 0.07483333333333334, , 0.0021666666666666666, , 388.607132
2631785.exe, 0.07466666666666666, , 0.0021666666666666666, , 388.013856
2631785.exe, 0.07383333333333333, , 0.0021666666666666666, , 391.392251
2631785.exe, 0.07483333333333332, , 0.0021666666666666666, , 388.077907
2631785.exe, 0.07466666666666666, , 0.0021666666666666666, , 387.759502
2631785.exe, 0.07483333333333332, , 0.0021666666666666666, , 389.597662
2631785.exe, 0.07333333333333333, , 0.0021666666666666666, , 388.199851
2642820.exe, 0.07316666666666667, , 0.0021666666666666666, , 384.655024
2642820.exe, 0.07333333333333332, , 0.0021666666666666666, , 382.933284
2642820.exe, 0.07333333333333332, , 0.0021666666666666666, , 385.850259
2642820.exe, 0.07333333333333332, , 0.0021666666666666666, , 382.830473
2642820.exe, 0.07333333333333332, , 0.0021666666666666666, , 384.115364
2642820.exe, 0.07333333333333332, , 0.0021666666666666666, , 384.171579
2642820.exe, 0.073, , 0.0021666666666666666, , 383.947786
2642820.exe, 0.07266666666666666, , 0.0021666666666666666, , 385.520673
2642820.exe, 0.07216666666666667, , 0.0021666666666666666, , 387.719433
2642820.exe, 0.07366666666666667, , 0.0021666666666666666, , 384.580339
2657371.exe, 0.0775, , 0.0021666666666666666, , 409.580357
2657371.exe, 0.07600000000000001, , 0.0021666666666666666, , 409.086641
2657371.exe, 0.07733333333333334, , 0.0021666666666666666, , 406.432486
2657371.exe, 0.07733333333333334, , 0.0021666666666666666, , 406.224166
2657371.exe, 0.07783333333333335, , 0.0021666666666666666, , 406.085723
2657371.exe, 0.078, , 0.0021666666666666666, , 406.570179
2657371.exe, 0.07783333333333334, , 0.0021666666666666666, , 408.653388
2657371.exe, 0.078, , 0.0021666666666666666, , 406.814094
2657371.exe, 0.07716666666666666, , 0.0021666666666666666, , 408.522711
2657371.exe, 0.07816666666666668, , 0.0021666666666666666, , 406.077625
2781088.exe, 0.17583333333333334, , 0.004166666666666667, , 843.475095
2781088.exe, 0.175, , 0.004166666666666667, , 841.063851
2781088.exe, 0.17533333333333329, , 0.004166666666666667, , 840.671913
2781088.exe, 0.17466666666666666, , 0.004, , 839.907664
2781088.exe, 0.17216666666666666, , 0.004, , 851.372912
2781088.exe, 0.1756666666666667, , 0.004166666666666667, , 840.748174
2781088.exe, 0.17733333333333334, , 0.004166666666666667, , 841.417678
2781088.exe, 0.17616666666666664, , 0.004166666666666667, , 839.01669
2781088.exe, 0.17683333333333334, , 0.004166666666666667, , 844.892052
2781088.exe, 0.175, , 0.004166666666666667, , 839.026118
2923923.exe, 0.07316666666666667, , 0.0021666666666666666, , 379.314733
2923923.exe, 0.07283333333333333, , 0.0021666666666666666, , 382.340499
2923923.exe, 0.07266666666666667, , 0.0021666666666666666, , 381.474356
2923923.exe, 0.07283333333333333, , 0.0021666666666666666, , 379.563335
2923923.exe, 0.07316666666666666, , 0.0021666666666666666, , 379.761253
2923923.exe, 0.0745, , 0.0021666666666666666, , 380.338603
2923923.exe, 0.07333333333333333, , 0.0021666666666666666, , 379.823819
2923923.exe, 0.07316666666666667, , 0.0021666666666666666, , 379.186879
2923923.exe, 0.07250000000000001, , 0.0021666666666666666, , 382.981894
2923923.exe, 0.07416666666666667, , 0.0021666666666666666, , 379.728492
2946862.exe, 0.07200000000000001, , 0.0021666666666666666, , 378.963836
2946862.exe, 0.07283333333333333, , 0.0021666666666666666, , 382.149642
2946862.exe, 0.07200000000000001, , 0.0021666666666666666, , 385.782638
2946862.exe, 0.07916666666666666, , 0.0021666666666666666, , 382.303999
2946862.exe, 0.073, , 0.0021666666666666666, , 379.191512
2946862.exe, 0.07300000000000001, , 0.0021666666666666666, , 379.450097
2946862.exe, 0.07316666666666667, , 0.0021666666666666666, , 378.649879
2946862.exe, 0.07316666666666666, , 0.0021666666666666666, , 379.574124
2946862.exe, 0.07483333333333334, , 0.0021666666666666666, , 380.11355
2946862.exe, 0.07366666666666669, , 0.0021666666666666666, , 379.429104
3025699.exe, 0.20916666666666664, , 0.005166666666666667, , 981.89734
3025699.exe, 0.22299999999999998, , 0.008833333333333334, , 999.571844
3025699.exe, 0.21966666666666665, , 0.008, , 996.913894
3025699.exe, 0.21800000000000003, , 0.007333333333333332, , 991.273065
3025699.exe, 0.21499999999999997, , 0.006999999999999998, , 991.180358
3025699.exe, 0.21433333333333335, , 0.006833333333333332, , 991.620661
3025699.exe, 0.208, , 0.006500000000000001, , 982.195376
3025699.exe, 0.2085, , 0.006, , 984.274678
3025699.exe, 0.20633333333333334, , 0.005333333333333333, , 982.284483
3025699.exe, 0.20383333333333334, , 0.004833333333333333, , 980.071095
3098869.exe, 0.17383333333333334, , 0.004166666666666667, , 850.81993
3098869.exe, 0.1748333333333333, , 0.004166666666666667, , 849.625722
3098869.exe, 0.1725, , 0.004166666666666667, , 860.303726
3098869.exe, 0.17466666666666664, , 0.004166666666666667, , 849.559893
3098869.exe, 0.17633333333333337, , 0.004166666666666667, , 854.673341
3098869.exe, 0.1765, , 0.004166666666666667, , 850.530338
3098869.exe, 0.17516666666666664, , 0.004166666666666667, , 848.884873
3098869.exe, 0.1751666666666667, , 0.004166666666666667, , 848.483577
3098869.exe, 0.17533333333333337, , 0.004166666666666667, , 848.981962
3098869.exe, 0.1758333333333333, , 0.004166666666666667, , 850.427106
336539.exe, 0.17216666666666666, , 0.004166666666666667, , 850.423639
336539.exe, 0.174, , 0.004166666666666667, , 844.99711
336539.exe, 0.17466666666666664, , 0.004166666666666667, , 844.979111
336539.exe, 0.1743333333333333, , 0.004166666666666667, , 845.169427
336539.exe, 0.17466666666666666, , 0.004166666666666667, , 847.468518
336539.exe, 0.17316666666666664, , 0.004166666666666667, , 844.890386
336539.exe, 0.174, , 0.004166666666666667, , 845.102831
336539.exe, 0.1753333333333333, , 0.004166666666666667, , 848.429597
336539.exe, 0.17633333333333331, , 0.004166666666666667, , 848.21665
336539.exe, 0.17383333333333337, , 0.004, , 845.334698
338328.exe, 0.18233333333333332, , 0.004166666666666667, , 850.004524
338328.exe, 0.17516666666666666, , 0.004166666666666667, , 842.501075
338328.exe, 0.1743333333333333, , 0.004166666666666667, , 842.072476
338328.exe, 0.17483333333333337, , 0.004166666666666667, , 844.822996
338328.exe, 0.17383333333333334, , 0.004166666666666667, , 844.677264
338328.exe, 0.17216666666666666, , 0.004166666666666667, , 869.797925
338328.exe, 0.173, , 0.004, , 844.289784
338328.exe, 0.17149999999999999, , 0.004166666666666667, , 847.250563
338328.exe, 0.17133333333333328, , 0.004166666666666667, , 847.078716
338328.exe, 0.17216666666666666, , 0.004166666666666667, , 843.289263
3457445.exe, 0.07883333333333334, , 0.0021666666666666666, , 419.540991
3457445.exe, 0.079, , 0.0021666666666666666, , 418.993866
3457445.exe, 0.07933333333333333, , 0.0021666666666666666, , 418.991351
3457445.exe, 0.07916666666666666, , 0.0021666666666666666, , 421.689424
3457445.exe, 0.07933333333333333, , 0.0021666666666666666, , 420.009427
3457445.exe, 0.07983333333333334, , 0.0021666666666666666, , 417.458502
3457445.exe, 0.07966666666666665, , 0.0021666666666666666, , 419.806255
3457445.exe, 0.0805, , 0.0021666666666666666, , 420.636447
3457445.exe, 0.08, , 0.0021666666666666666, , 417.36885
3457445.exe, 0.07916666666666666, , 0.0021666666666666666, , 418.070559
3461403.exe, 0.1733333333333333, , 0.004166666666666667, , 838.226929
3461403.exe, 0.1733333333333333, , 0.004, , 839.874586
3461403.exe, 0.17416666666666666, , 0.004166666666666667, , 838.432062
3461403.exe, 0.17466666666666664, , 0.004166666666666667, , 838.736337
3461403.exe, 0.175, , 0.004, , 842.990024
3461403.exe, 0.17399999999999996, , 0.004166666666666667, , 842.151408
3461403.exe, 0.1825, , 0.004166666666666667, , 841.1822
3461403.exe, 0.17516666666666664, , 0.004, , 840.051691
3461403.exe, 0.17433333333333334, , 0.0038333333333333336, , 839.7736
3461403.exe, 0.17416666666666666, , 0.004166666666666667, , 840.095454
3515653.exe, 0.174, , 0.004166666666666667, , 843.835354
3515653.exe, 0.175, , 0.004166666666666667, , 844.201424
3515653.exe, 0.17499999999999996, , 0.004166666666666667, , 842.073729
3515653.exe, 0.17516666666666666, , 0.004, , 843.380201
3515653.exe, 0.17366666666666666, , 0.004166666666666667, , 841.503109
3515653.exe, 0.17349999999999996, , 0.004, , 843.521147
3515653.exe, 0.1745, , 0.004166666666666667, , 841.608581
3515653.exe, 0.1733333333333333, , 0.004166666666666667, , 841.689485
3515653.exe, 0.17416666666666666, , 0.004166666666666667, , 843.891571
3515653.exe, 0.17383333333333334, , 0.004166666666666667, , 842.964852
3605312.exe, 0.22849999999999998, , 0.006500000000000001, , 1160.745499
3605312.exe, 0.22816666666666668, , 0.006500000000000001, , 1160.959791
3605312.exe, 0.229, , 0.006500000000000001, , 1161.661888
3605312.exe, 0.23050000000000004, , 0.006500000000000001, , 1165.544502
3605312.exe, 0.22966666666666669, , 0.006500000000000001, , 1161.791479
3605312.exe, 0.22916666666666666, , 0.006500000000000001, , 1164.311498
3605312.exe, 0.22966666666666666, , 0.006500000000000001, , 1167.184121
3605312.exe, 0.23733333333333334, , 0.006500000000000001, , 1167.206555
3605312.exe, 0.22866666666666668, , 0.006500000000000001, , 1164.626029
3605312.exe, 0.2285, , 0.006500000000000001, , 1167.42687
3632999.exe, 0.17666666666666664, , 0.004166666666666667, , 857.176002
3632999.exe, 0.17683333333333331, , 0.004166666666666667, , 858.259329
3632999.exe, 0.17716666666666667, , 0.004166666666666667, , 857.445135
3632999.exe, 0.17716666666666664, , 0.004166666666666667, , 855.548027
3632999.exe, 0.17633333333333337, , 0.004166666666666667, , 856.195633
3632999.exe, 0.18416666666666667, , 0.004166666666666667, , 861.082116
3632999.exe, 0.17600000000000005, , 0.004166666666666667, , 856.323707
3632999.exe, 0.17633333333333337, , 0.004166666666666667, , 856.086868
3632999.exe, 0.17700000000000002, , 0.004166666666666667, , 858.177167
3632999.exe, 0.17583333333333334, , 0.004166666666666667, , 857.914187
3703754.exe, 0.2935, , 0.005833333333333334, , 1376.850332
3703754.exe, 0.2924999999999999, , 0.005833333333333334, , 1374.317545
3703754.exe, 0.2906666666666667, , 0.005833333333333334, , 1398.925757
3703754.exe, 0.29433333333333334, , 0.005833333333333334, , 1383.626626
3703754.exe, 0.2946666666666667, , 0.005833333333333334, , 1378.944905
3703754.exe, 0.2933333333333333, , 0.005833333333333334, , 1373.647222
3703754.exe, 0.2941666666666667, , 0.005833333333333334, , 1381.115433
3703754.exe, 0.292, , 0.005833333333333334, , 1375.859258
3703754.exe, 0.2951666666666667, , 0.005833333333333334, , 1381.430285
3703754.exe, 0.29983333333333334, , 0.006000000000000001, , 1401.288215
3837785.exe, 0.18033333333333335, , 0.004166666666666667, , 867.073243
3837785.exe, 0.17966666666666667, , 0.004166666666666667, , 864.196358
3837785.exe, 0.17883333333333334, , 0.004166666666666667, , 864.951826
3837785.exe, 0.17916666666666664, , 0.004166666666666667, , 864.993631
3837785.exe, 0.17950000000000002, , 0.004166666666666667, , 864.717039
3837785.exe, 0.18066666666666667, , 0.004166666666666667, , 863.940208
3837785.exe, 0.18233333333333335, , 0.004166666666666667, , 870.375754
3837785.exe, 0.1791666666666667, , 0.004166666666666667, , 863.269465
3837785.exe, 0.17916666666666667, , 0.004166666666666667, , 864.358004
3837785.exe, 0.17833333333333332, , 0.004166666666666667, , 864.544207
3893727.exe, 0.14866666666666667, , 0.0055, , 842.337787
3893727.exe, 0.14866666666666667, , 0.0055, , 841.488341
3893727.exe, 0.1501666666666667, , 0.0055, , 844.747313
3893727.exe, 0.14966666666666667, , 0.005666666666666666, , 846.91794
3893727.exe, 0.14716666666666667, , 0.0055, , 841.378499
3893727.exe, 0.14849999999999997, , 0.0055, , 842.154251
3893727.exe, 0.1486666666666667, , 0.0055, , 842.741489
3893727.exe, 0.14983333333333337, , 0.005666666666666666, , 848.09306
3893727.exe, 0.15, , 0.0055, , 843.188243
3893727.exe, 0.149, , 0.0055, , 845.970375
3997375.exe, 0.1786666666666667, , 0.004166666666666667, , 867.824752
3997375.exe, 0.1781666666666667, , 0.004166666666666667, , 869.611247
3997375.exe, 0.1786666666666667, , 0.004166666666666667, , 867.590907
3997375.exe, 0.17750000000000002, , 0.004166666666666667, , 867.110702
3997375.exe, 0.18666666666666662, , 0.004166666666666667, , 872.356289
3997375.exe, 0.179, , 0.004166666666666667, , 868.249051
3997375.exe, 0.17883333333333334, , 0.004166666666666667, , 867.584954
3997375.exe, 0.1795, , 0.004166666666666667, , 867.090543
3997375.exe, 0.17866666666666667, , 0.004166666666666667, , 867.224261
3997375.exe, 0.17833333333333334, , 0.004166666666666667, , 866.502327
4005226.exe, 0.07200000000000001, , 0.0021666666666666666, , 378.447289
4005226.exe, 0.072, , 0.0021666666666666666, , 378.011067
4005226.exe, 0.07166666666666667, , 0.0021666666666666666, , 379.005864
4005226.exe, 0.07250000000000001, , 0.0021666666666666666, , 379.066454
4005226.exe, 0.07166666666666667, , 0.0021666666666666666, , 380.383422
4005226.exe, 0.07200000000000001, , 0.0021666666666666666, , 377.749844
4005226.exe, 0.07200000000000001, , 0.0021666666666666666, , 380.08547
4005226.exe, 0.07216666666666667, , 0.0021666666666666666, , 380.00361
4005226.exe, 0.07316666666666667, , 0.0021666666666666666, , 379.706568
4005226.exe, 0.07233333333333333, , 0.0021666666666666666, , 378.956931
4027093.exe, 0.07200000000000001, , 0.0021666666666666666, , 379.681447
4027093.exe, 0.07116666666666667, , 0.0021666666666666666, , 378.367373
4027093.exe, 0.07133333333333333, , 0.0021666666666666666, , 379.259272
4027093.exe, 0.0715, , 0.0021666666666666666, , 379.549168
4027093.exe, 0.07166666666666667, , 0.0021666666666666666, , 380.006103
4027093.exe, 0.0715, , 0.0021666666666666666, , 380.006519
4027093.exe, 0.07233333333333335, , 0.0021666666666666666, , 379.339834
4027093.exe, 0.07216666666666667, , 0.0021666666666666666, , 378.974806
4027093.exe, 0.07166666666666668, , 0.0021666666666666666, , 379.495358
4027093.exe, 0.07183333333333335, , 0.0021666666666666666, , 380.630626
4261206.exe, 0.07266666666666667, , 0.0021666666666666666, , 381.081332
4261206.exe, 0.07266666666666666, , 0.0021666666666666666, , 381.134752
4261206.exe, 0.073, , 0.0021666666666666666, , 380.257752
4261206.exe, 0.073, , 0.0021666666666666666, , 381.627208
4261206.exe, 0.07316666666666666, , 0.0021666666666666666, , 380.355879
4261206.exe, 0.07350000000000002, , 0.0021666666666666666, , 381.610827
4261206.exe, 0.08033333333333334, , 0.0021666666666666666, , 383.884252
4261206.exe, 0.07266666666666667, , 0.0021666666666666666, , 380.395015
4261206.exe, 0.07233333333333335, , 0.0021666666666666666, , 384.490357
4261206.exe, 0.07283333333333335, , 0.0021666666666666666, , 380.846454
4306462.exe, 0.07349999999999998, , 0.0021666666666666666, , 387.987369
4306462.exe, 0.07416666666666667, , 0.0021666666666666666, , 386.96427
4306462.exe, 0.07366666666666667, , 0.0021666666666666666, , 387.149946
4306462.exe, 0.07366666666666667, , 0.0021666666666666666, , 386.941923
4306462.exe, 0.07383333333333333, , 0.0021666666666666666, , 389.932437
4306462.exe, 0.07433333333333333, , 0.0021666666666666666, , 387.558513
4306462.exe, 0.07366666666666669, , 0.0021666666666666666, , 386.97136
4306462.exe, 0.07366666666666667, , 0.0021666666666666666, , 387.327038
4306462.exe, 0.07366666666666664, , 0.0021666666666666666, , 388.089805
4306462.exe, 0.073, , 0.0021666666666666666, , 387.145858
4307955.exe, 0.17866666666666667, , 0.004166666666666667, , 866.535442
4307955.exe, 0.17750000000000002, , 0.004166666666666667, , 866.435611
4307955.exe, 0.17816666666666667, , 0.004166666666666667, , 871.509141
4307955.exe, 0.179, , 0.004166666666666667, , 864.625422
4307955.exe, 0.1806666666666667, , 0.004166666666666667, , 865.775908
4307955.exe, 0.18466666666666667, , 0.004166666666666667, , 867.77464
4307955.exe, 0.1805, , 0.004166666666666667, , 865.168985
4307955.exe, 0.17900000000000002, , 0.004166666666666667, , 863.982606
4307955.exe, 0.17933333333333332, , 0.004166666666666667, , 864.615079
4307955.exe, 0.1801666666666667, , 0.004166666666666667, , 866.958966
4312536.exe, 0.18816666666666665, , 0.004166666666666667, , 908.782662
4312536.exe, 0.18816666666666665, , 0.004166666666666667, , 906.644303
4312536.exe, 0.18833333333333332, , 0.004166666666666667, , 905.872342
4312536.exe, 0.18783333333333332, , 0.004166666666666667, , 904.775003
4312536.exe, 0.18783333333333335, , 0.004166666666666667, , 904.161122
4312536.exe, 0.18766666666666668, , 0.004166666666666667, , 903.986637
4312536.exe, 0.18816666666666668, , 0.004166666666666667, , 904.182307
4312536.exe, 0.19033333333333333, , 0.004166666666666667, , 908.787955
4312536.exe, 0.18866666666666665, , 0.004166666666666667, , 904.639969
4312536.exe, 0.18883333333333333, , 0.004166666666666667, , 907.19513
4320720.exe, 0.18233333333333332, , 0.004166666666666667, , 870.570135
4320720.exe, 0.182, , 0.004166666666666667, , 867.355169
4320720.exe, 0.18133333333333335, , 0.004166666666666667, , 866.76985
4320720.exe, 0.18033333333333335, , 0.004166666666666667, , 867.334295
4320720.exe, 0.18150000000000005, , 0.004166666666666667, , 867.656951
4320720.exe, 0.18616666666666667, , 0.004166666666666667, , 871.061831
4320720.exe, 0.18383333333333332, , 0.004166666666666667, , 868.562729
4320720.exe, 0.182, , 0.004166666666666667, , 867.645153
4320720.exe, 0.18, , 0.004166666666666667, , 890.072672
4320720.exe, 0.18116666666666664, , 0.004166666666666667, , 865.471047
4419376.exe, 0.07683333333333332, , 0.0021666666666666666, , 400.868291
4419376.exe, 0.07749999999999999, , 0.0021666666666666666, , 400.491923
4419376.exe, 0.07683333333333332, , 0.0021666666666666666, , 400.801704
4419376.exe, 0.07616666666666667, , 0.0021666666666666666, , 405.358053
4419376.exe, 0.07633333333333334, , 0.0021666666666666666, , 401.90341
4419376.exe, 0.077, , 0.0021666666666666666, , 399.93492
4419376.exe, 0.07683333333333334, , 0.0021666666666666666, , 400.5139
4419376.exe, 0.07666666666666667, , 0.0021666666666666666, , 402.73883
4419376.exe, 0.07733333333333332, , 0.0021666666666666666, , 400.52975
4419376.exe, 0.07633333333333334, , 0.0021666666666666666, , 400.719333
4455035.exe, 0.178, , 0.004166666666666667, , 849.75054
4455035.exe, 0.1786666666666667, , 0.004166666666666667, , 852.97683
4455035.exe, 0.17833333333333332, , 0.004166666666666667, , 850.13747
4455035.exe, 0.178, , 0.004166666666666667, , 850.386286
4455035.exe, 0.178, , 0.004166666666666667, , 851.068364
4455035.exe, 0.1781666666666667, , 0.004166666666666667, , 850.875494
4455035.exe, 0.17750000000000002, , 0.004166666666666667, , 850.014675
4455035.exe, 0.17783333333333334, , 0.004166666666666667, , 849.109659
4455035.exe, 0.17900000000000002, , 0.004166666666666667, , 852.95052
4455035.exe, 0.17833333333333332, , 0.004166666666666667, , 849.319112
4458794.exe, 0.08883333333333335, , 0.0021666666666666666, , 426.254364
4458794.exe, 0.08266666666666667, , 0.0021666666666666666, , 424.930368
4458794.exe, 0.08333333333333333, , 0.0021666666666666666, , 425.120841
4458794.exe, 0.08216666666666668, , 0.0021666666666666666, , 425.34278
4458794.exe, 0.0825, , 0.0021666666666666666, , 425.736452
4458794.exe, 0.08266666666666668, , 0.0021666666666666666, , 424.700133
4458794.exe, 0.082, , 0.0021666666666666666, , 425.71692
4458794.exe, 0.08266666666666667, , 0.0021666666666666666, , 424.440055
4458794.exe, 0.082, , 0.0021666666666666666, , 425.19984
4458794.exe, 0.083, , 0.0021666666666666666, , 424.374078
459141.exe, 0.07316666666666666, , 0.0021666666666666666, , 386.236045
459141.exe, 0.07433333333333333, , 0.0021666666666666666, , 386.472342
459141.exe, 0.07283333333333335, , 0.0021666666666666666, , 385.423764
459141.exe, 0.07416666666666666, , 0.0021666666666666666, , 385.394942
459141.exe, 0.0745, , 0.0021666666666666666, , 384.356887
459141.exe, 0.07349999999999998, , 0.0021666666666666666, , 386.066684
459141.exe, 0.0735, , 0.0021666666666666666, , 387.001402
459141.exe, 0.07300000000000001, , 0.0021666666666666666, , 389.401351
459141.exe, 0.076, , 0.0021666666666666666, , 390.366716
459141.exe, 0.07266666666666666, , 0.0021666666666666666, , 390.503513
4612168.exe, 0.17866666666666667, , 0.004166666666666667, , 859.041922
4612168.exe, 0.17833333333333334, , 0.004166666666666667, , 862.14792
4612168.exe, 0.18266666666666667, , 0.004166666666666667, , 856.427425
4612168.exe, 0.1783333333333333, , 0.004166666666666667, , 856.984394
4612168.exe, 0.17883333333333334, , 0.004166666666666667, , 858.989228
4612168.exe, 0.17833333333333334, , 0.004166666666666667, , 854.070126
4612168.exe, 0.17700000000000002, , 0.004166666666666667, , 852.515513
4612168.exe, 0.17833333333333337, , 0.004166666666666667, , 853.893337
4612168.exe, 0.17983333333333335, , 0.004166666666666667, , 855.486451
4612168.exe, 0.18000000000000002, , 0.004166666666666667, , 854.056482
4689992.exe, 0.07533333333333334, , 0.0021666666666666666, , 395.018888
4689992.exe, 0.07533333333333332, , 0.0021666666666666666, , 393.499406
4689992.exe, 0.0755, , 0.0021666666666666666, , 395.001289
4689992.exe, 0.07516666666666667, , 0.0021666666666666666, , 397.207807
4689992.exe, 0.07499999999999998, , 0.0021666666666666666, , 394.736384
4689992.exe, 0.07366666666666667, , 0.0021666666666666666, , 395.576664
4689992.exe, 0.07483333333333332, , 0.0021666666666666666, , 393.408741
4689992.exe, 0.07466666666666666, , 0.0021666666666666666, , 393.725769
4689992.exe, 0.07533333333333332, , 0.0021666666666666666, , 394.389536
4689992.exe, 0.07549999999999998, , 0.0021666666666666666, , 395.166569
4766440.exe, 0.07233333333333333, , 0.0021666666666666666, , 378.380972
4766440.exe, 0.07233333333333333, , 0.0021666666666666666, , 378.222058
4766440.exe, 0.07216666666666667, , 0.0021666666666666666, , 377.989356
4766440.exe, 0.07183333333333335, , 0.0021666666666666666, , 381.985042
4766440.exe, 0.0725, , 0.0021666666666666666, , 379.029354
4766440.exe, 0.07216666666666668, , 0.0021666666666666666, , 380.348072
4766440.exe, 0.07216666666666667, , 0.0021666666666666666, , 377.92738
4766440.exe, 0.07149999999999998, , 0.0021666666666666666, , 384.37456
4766440.exe, 0.07250000000000001, , 0.0021666666666666666, , 380.331111
4766440.exe, 0.07216666666666667, , 0.0021666666666666666, , 381.573803
4817246.exe, 0.07766666666666668, , 0.0021666666666666666, , 412.742481
4817246.exe, 0.0785, , 0.0021666666666666666, , 410.313529
4817246.exe, 0.07833333333333334, , 0.0021666666666666666, , 410.755335
4817246.exe, 0.0855, , 0.0021666666666666666, , 416.947869
4817246.exe, 0.07916666666666665, , 0.0021666666666666666, , 411.353088
4817246.exe, 0.07933333333333334, , 0.0021666666666666666, , 411.950404
4817246.exe, 0.07833333333333334, , 0.0021666666666666666, , 411.371804
4817246.exe, 0.0785, , 0.0021666666666666666, , 411.767713
4817246.exe, 0.07916666666666666, , 0.0021666666666666666, , 412.863354
4817246.exe, 0.07783333333333334, , 0.0021666666666666666, , 413.583245
5272843.exe, 0.26016666666666666, , 0.008166666666666666, , 1354.603028
5272843.exe, 0.26016666666666666, , 0.008333333333333333, , 1356.105336
5272843.exe, 0.26, , 0.008166666666666666, , 1355.438439
5272843.exe, 0.2615, , 0.008166666666666666, , 1360.222298
5272843.exe, 0.25949999999999995, , 0.008333333333333333, , 1355.147209
5272843.exe, 0.2598333333333333, , 0.008333333333333333, , 1356.071156
5272843.exe, 0.26166666666666666, , 0.008333333333333333, , 1358.187734
5272843.exe, 0.26216666666666666, , 0.008166666666666666, , 1358.281609
5272843.exe, 0.26016666666666666, , 0.008333333333333333, , 1357.564047
5272843.exe, 0.26033333333333336, , 0.008166666666666666, , 1359.722048
548972.exe, 0.17466666666666664, , 0.004166666666666667, , 848.731425
548972.exe, 0.18249999999999997, , 0.004166666666666667, , 850.345167
548972.exe, 0.17600000000000002, , 0.004166666666666667, , 846.193772
548972.exe, 0.17783333333333334, , 0.004166666666666667, , 850.436838
548972.exe, 0.1753333333333333, , 0.004166666666666667, , 845.44057
548972.exe, 0.17600000000000002, , 0.004166666666666667, , 844.475181
548972.exe, 0.17816666666666667, , 0.004166666666666667, , 849.761513
548972.exe, 0.17633333333333337, , 0.004166666666666667, , 844.696536
548972.exe, 0.1753333333333333, , 0.004166666666666667, , 846.549921
548972.exe, 0.1743333333333333, , 0.004166666666666667, , 844.659825
549722.exe, 0.07616666666666667, , 0.0021666666666666666, , 403.624482
549722.exe, 0.07716666666666666, , 0.0021666666666666666, , 402.026257
549722.exe, 0.0775, , 0.0021666666666666666, , 402.270677
549722.exe, 0.076, , 0.0021666666666666666, , 403.425803
549722.exe, 0.07666666666666666, , 0.0021666666666666666, , 402.317879
549722.exe, 0.07616666666666666, , 0.0021666666666666666, , 403.051979
549722.exe, 0.07733333333333334, , 0.0021666666666666666, , 402.919734
549722.exe, 0.07666666666666666, , 0.0021666666666666666, , 401.618765
549722.exe, 0.07749999999999999, , 0.0021666666666666666, , 402.815045
549722.exe, 0.07716666666666666, , 0.0021666666666666666, , 401.684357
5569370.exe, 0.1941666666666667, , 0.004166666666666667, , 852.120289
5569370.exe, 0.19016666666666668, , 0.004166666666666667, , 850.063584
5569370.exe, 0.1758333333333333, , 0.004, , 848.425331
5569370.exe, 0.18383333333333335, , 0.004166666666666667, , 861.054027
5569370.exe, 0.18683333333333335, , 0.004666666666666666, , 860.22664
5569370.exe, 0.24100000000000005, , 0.008833333333333334, , 871.879893
5569370.exe, 0.28, , 0.004333333333333333, , 868.71076
5569370.exe, 0.2773333333333333, , 0.004333333333333333, , 865.315874
5569370.exe, 0.21899999999999997, , 0.004166666666666667, , 855.215459
5569370.exe, 0.22116666666666665, , 0.004666666666666666, , 870.389352
5747289.exe, 0.20066666666666666, , 0.004833333333333334, , 883.16796
5747289.exe, 0.22733333333333333, , 0.004833333333333333, , 869.829241
5747289.exe, 0.17716666666666672, , 0.004166666666666667, , 851.719551
5747289.exe, 0.17683333333333334, , 0.004166666666666667, , 852.001256
5747289.exe, 0.17666666666666664, , 0.004166666666666667, , 850.925175
5747289.exe, 0.1758333333333333, , 0.004166666666666667, , 852.58054
5747289.exe, 0.17683333333333331, , 0.004166666666666667, , 853.980524
5747289.exe, 0.17633333333333331, , 0.004166666666666667, , 850.527749
5747289.exe, 0.17633333333333331, , 0.004166666666666667, , 854.171621
5747289.exe, 0.17683333333333331, , 0.004166666666666667, , 849.937684
5879064.exe, 0.17883333333333334, , 0.004166666666666667, , 849.699427
5879064.exe, 0.17800000000000002, , 0.004166666666666667, , 850.930326
5879064.exe, 0.17733333333333334, , 0.004166666666666667, , 847.720764
5879064.exe, 0.1768333333333333, , 0.004166666666666667, , 846.42484
5879064.exe, 0.17833333333333332, , 0.004166666666666667, , 851.674775
5879064.exe, 0.17716666666666664, , 0.004166666666666667, , 848.615104
5879064.exe, 0.17633333333333334, , 0.004166666666666667, , 849.06355
5879064.exe, 0.17733333333333334, , 0.004166666666666667, , 849.780841
5879064.exe, 0.17800000000000002, , 0.004166666666666667, , 852.157633
5879064.exe, 0.17850000000000002, , 0.004166666666666667, , 852.735058
5879463.exe, 0.07283333333333333, , 0.0021666666666666666, , 390.480959
5879463.exe, 0.07283333333333333, , 0.0021666666666666666, , 387.964873
5879463.exe, 0.07183333333333335, , 0.0021666666666666666, , 388.812821
5879463.exe, 0.073, , 0.0021666666666666666, , 386.851946
5879463.exe, 0.07316666666666667, , 0.0021666666666666666, , 385.699194
5879463.exe, 0.07333333333333333, , 0.0021666666666666666, , 387.671256
5879463.exe, 0.07266666666666667, , 0.0021666666666666666, , 386.564496
5879463.exe, 0.07233333333333333, , 0.0021666666666666666, , 385.304716
5879463.exe, 0.07316666666666666, , 0.0021666666666666666, , 384.163761
5879463.exe, 0.073, , 0.0021666666666666666, , 382.981205
5885275.exe, 0.07616666666666666, , 0.0021666666666666666, , 402.053102
5885275.exe, 0.07716666666666668, , 0.0021666666666666666, , 401.333616
5885275.exe, 0.0755, , 0.0021666666666666666, , 405.946649
5885275.exe, 0.07649999999999998, , 0.0021666666666666666, , 403.53617
5885275.exe, 0.07666666666666667, , 0.0021666666666666666, , 400.640079
5885275.exe, 0.076, , 0.0021666666666666666, , 402.293052
5885275.exe, 0.07616666666666667, , 0.0021666666666666666, , 402.081365
5885275.exe, 0.08449999999999999, , 0.0021666666666666666, , 407.635056
5885275.exe, 0.07633333333333332, , 0.0021666666666666666, , 400.765885
5885275.exe, 0.07583333333333334, , 0.0021666666666666666, , 402.838249
6024714.exe, 0.2571666666666667, , 0.008166666666666666, , 1330.212018
6024714.exe, 0.2558333333333333, , 0.008166666666666666, , 1329.701475
6024714.exe, 0.25833333333333336, , 0.008166666666666666, , 1334.178369
6024714.exe, 0.25683333333333336, , 0.008166666666666666, , 1337.56134
6024714.exe, 0.2571666666666667, , 0.008166666666666666, , 1331.451786
6024714.exe, 0.2601666666666667, , 0.008166666666666666, , 1340.661989
6024714.exe, 0.25816666666666666, , 0.008333333333333333, , 1336.499751
6024714.exe, 0.25716666666666665, , 0.008166666666666666, , 1334.622288
6024714.exe, 0.2613333333333333, , 0.008166666666666666, , 1338.975862
6024714.exe, 0.25750000000000006, , 0.008166666666666666, , 1338.112393
6049676.exe, 0.17766666666666664, , 0.004166666666666667, , 857.787591
6049676.exe, 0.178, , 0.004166666666666667, , 852.074136
6049676.exe, 0.17783333333333334, , 0.004166666666666667, , 852.265351
6049676.exe, 0.17716666666666672, , 0.004166666666666667, , 851.984289
6049676.exe, 0.17750000000000005, , 0.004166666666666667, , 850.927603
6049676.exe, 0.17816666666666667, , 0.004166666666666667, , 851.523547
6049676.exe, 0.17883333333333334, , 0.004166666666666667, , 853.138564
6049676.exe, 0.17833333333333334, , 0.004166666666666667, , 852.962709
6049676.exe, 0.17800000000000002, , 0.004166666666666667, , 850.344566
6049676.exe, 0.1776666666666667, , 0.004166666666666667, , 851.375229
6068580.exe, 0.18716666666666668, , 0.004333333333333333, , 923.301676
6068580.exe, 0.17600000000000002, , 0.004166666666666667, , 845.111173
6068580.exe, 0.1765, , 0.004166666666666667, , 845.506306
6068580.exe, 0.1755, , 0.004166666666666667, , 843.93873
6068580.exe, 0.17616666666666667, , 0.004166666666666667, , 844.140151
6068580.exe, 0.17566666666666667, , 0.004166666666666667, , 843.803921
6068580.exe, 0.1753333333333333, , 0.004166666666666667, , 845.528176
6068580.exe, 0.1795, , 0.004166666666666667, , 847.205344
6068580.exe, 0.17783333333333334, , 0.004166666666666667, , 843.447268
6068580.exe, 0.17683333333333331, , 0.004, , 846.489346
6077826.exe, 0.17516666666666664, , 0.004, , 840.407702
6077826.exe, 0.1755, , 0.004, , 841.477671
6077826.exe, 0.17583333333333334, , 0.004166666666666667, , 843.535525
6077826.exe, 0.17350000000000002, , 0.004166666666666667, , 841.566222
6077826.exe, 0.17466666666666664, , 0.004166666666666667, , 844.228966
6077826.exe, 0.17450000000000002, , 0.004166666666666667, , 841.460794
6077826.exe, 0.1753333333333333, , 0.004166666666666667, , 839.868704
6077826.exe, 0.17499999999999996, , 0.004166666666666667, , 844.822834
6077826.exe, 0.17683333333333331, , 0.004166666666666667, , 847.885259
6077826.exe, 0.1755, , 0.004166666666666667, , 842.134827
6082113.exe, 0.08366666666666668, , 0.0021666666666666666, , 445.20072
6082113.exe, 0.08366666666666668, , 0.0021666666666666666, , 443.622298
6082113.exe, 0.08366666666666665, , 0.0021666666666666666, , 443.603038
6082113.exe, 0.08349999999999999, , 0.0021666666666666666, , 443.836713
6082113.exe, 0.08416666666666667, , 0.0021666666666666666, , 444.40342
6082113.exe, 0.08416666666666665, , 0.0021666666666666666, , 443.707239
6082113.exe, 0.084, , 0.0021666666666666666, , 444.257101
6082113.exe, 0.08416666666666667, , 0.0021666666666666666, , 443.671513
6082113.exe, 0.08466666666666665, , 0.0021666666666666666, , 446.085344
6082113.exe, 0.08499999999999999, , 0.0021666666666666666, , 444.171358
6124881.exe, 0.073, , 0.0021666666666666666, , 380.698736
6124881.exe, 0.073, , 0.0021666666666666666, , 379.977228
6124881.exe, 0.073, , 0.0021666666666666666, , 379.8426
6124881.exe, 0.07966666666666665, , 0.0021666666666666666, , 382.789941
6124881.exe, 0.073, , 0.0021666666666666666, , 379.492109
6124881.exe, 0.0725, , 0.0021666666666666666, , 379.43366
6124881.exe, 0.07316666666666666, , 0.0021666666666666666, , 380.418601
6124881.exe, 0.07283333333333333, , 0.0021666666666666666, , 380.82477
6124881.exe, 0.07333333333333332, , 0.0021666666666666666, , 381.126072
6124881.exe, 0.073, , 0.0021666666666666666, , 382.116085
6178134.exe, 0.17733333333333334, , 0.004166666666666667, , 845.772211
6178134.exe, 0.17683333333333331, , 0.004, , 845.330183
6178134.exe, 0.17750000000000002, , 0.004166666666666667, , 844.550167
6178134.exe, 0.1786666666666667, , 0.004166666666666667, , 846.741949
6178134.exe, 0.17833333333333334, , 0.004166666666666667, , 850.609369
6178134.exe, 0.17616666666666667, , 0.004166666666666667, , 845.283276
6178134.exe, 0.1765, , 0.004166666666666667, , 844.886906
6178134.exe, 0.17533333333333337, , 0.004166666666666667, , 845.018434
6178134.exe, 0.176, , 0.004166666666666667, , 846.25848
6178134.exe, 0.17733333333333334, , 0.004166666666666667, , 847.082186
6322015.exe, 0.179, , 0.004166666666666667, , 846.274227
6322015.exe, 0.17666666666666667, , 0.004166666666666667, , 844.085273
6322015.exe, 0.17750000000000005, , 0.004166666666666667, , 845.655762
6322015.exe, 0.1751666666666667, , 0.004166666666666667, , 859.609289
6322015.exe, 0.17716666666666664, , 0.004166666666666667, , 844.409197
6322015.exe, 0.1781666666666667, , 0.004166666666666667, , 850.290685
6322015.exe, 0.17750000000000002, , 0.004166666666666667, , 845.650857
6322015.exe, 0.17716666666666667, , 0.004, , 844.644254
6322015.exe, 0.17666666666666667, , 0.004166666666666667, , 848.176398
6322015.exe, 0.17750000000000002, , 0.004166666666666667, , 847.195375
6467813.exe, 0.08766666666666668, , 0.0021666666666666666, , 451.045095
6467813.exe, 0.08683333333333335, , 0.0021666666666666666, , 453.773702
6467813.exe, 0.08766666666666666, , 0.0021666666666666666, , 452.687863
6467813.exe, 0.08683333333333332, , 0.0021666666666666666, , 454.646623
6467813.exe, 0.08766666666666666, , 0.0021666666666666666, , 450.877435
6467813.exe, 0.08766666666666666, , 0.0021666666666666666, , 450.256094
6467813.exe, 0.08833333333333335, , 0.0021666666666666666, , 450.47615
6467813.exe, 0.08733333333333333, , 0.0021666666666666666, , 449.03547
6467813.exe, 0.08766666666666666, , 0.0021666666666666666, , 447.916723
6467813.exe, 0.08700000000000001, , 0.0021666666666666666, , 449.219389
6585390.exe, 0.07416666666666667, , 0.0021666666666666666, , 416.171396
6585390.exe, 0.07600000000000001, , 0.0021666666666666666, , 403.551323
6585390.exe, 0.07583333333333334, , 0.0021666666666666666, , 402.268992
6585390.exe, 0.07633333333333335, , 0.0021666666666666666, , 402.398153
6585390.exe, 0.0765, , 0.0021666666666666666, , 402.005822
6585390.exe, 0.07683333333333332, , 0.0021666666666666666, , 403.118569
6585390.exe, 0.0775, , 0.0021666666666666666, , 401.839376
6585390.exe, 0.077, , 0.0021666666666666666, , 402.04078
6585390.exe, 0.07650000000000001, , 0.0021666666666666666, , 404.482013
6585390.exe, 0.08416666666666667, , 0.0021666666666666666, , 405.75267
6612008.exe, 0.07383333333333333, , 0.0021666666666666666, , 387.252027
6612008.exe, 0.07366666666666667, , 0.0021666666666666666, , 387.159446
6612008.exe, 0.07416666666666667, , 0.0021666666666666666, , 387.594341
6612008.exe, 0.07466666666666666, , 0.0021666666666666666, , 386.849948
6612008.exe, 0.07433333333333333, , 0.0021666666666666666, , 386.38358
6612008.exe, 0.07500000000000001, , 0.0021666666666666666, , 386.278554
6612008.exe, 0.07416666666666667, , 0.0021666666666666666, , 387.988834
6612008.exe, 0.0745, , 0.0021666666666666666, , 387.113304
6612008.exe, 0.07349999999999998, , 0.0021666666666666666, , 392.370322
6612008.exe, 0.07416666666666667, , 0.0021666666666666666, , 386.708821
6616216.exe, 0.18433333333333335, , 0.004166666666666667, , 884.741188
6616216.exe, 0.1836666666666667, , 0.004166666666666667, , 881.664705
6616216.exe, 0.18433333333333335, , 0.004166666666666667, , 883.774081
6616216.exe, 0.18483333333333332, , 0.004166666666666667, , 883.437294
6616216.exe, 0.1835, , 0.004166666666666667, , 883.480734
6616216.exe, 0.185, , 0.004166666666666667, , 886.090846
6616216.exe, 0.18416666666666667, , 0.004166666666666667, , 882.53273
6616216.exe, 0.184, , 0.004166666666666667, , 883.346526
6616216.exe, 0.18583333333333335, , 0.004166666666666667, , 884.055126
6616216.exe, 0.18533333333333335, , 0.004166666666666667, , 885.885223
6674693.exe, 0.07483333333333334, , 0.0021666666666666666, , 392.388146
6674693.exe, 0.07466666666666667, , 0.0021666666666666666, , 391.34218
6674693.exe, 0.0745, , 0.0021666666666666666, , 390.793892
6674693.exe, 0.07483333333333332, , 0.0021666666666666666, , 392.582746
6674693.exe, 0.07466666666666666, , 0.0021666666666666666, , 390.502154
6674693.exe, 0.07466666666666666, , 0.0021666666666666666, , 392.103623
6674693.exe, 0.08, , 0.0021666666666666666, , 392.900647
6674693.exe, 0.07416666666666667, , 0.0021666666666666666, , 391.252701
6674693.exe, 0.07466666666666666, , 0.0021666666666666666, , 391.27253
6674693.exe, 0.07466666666666666, , 0.0021666666666666666, , 390.729432
6808918.exe, 0.1806666666666667, , 0.004166666666666667, , 863.717425
6808918.exe, 0.18033333333333335, , 0.004166666666666667, , 864.328891
6808918.exe, 0.1796666666666667, , 0.004166666666666667, , 865.047369
6808918.exe, 0.18000000000000002, , 0.004166666666666667, , 863.281716
6808918.exe, 0.18050000000000002, , 0.004166666666666667, , 864.005778
6808918.exe, 0.18133333333333335, , 0.004166666666666667, , 865.332263
6808918.exe, 0.18100000000000002, , 0.004166666666666667, , 861.534245
6808918.exe, 0.18066666666666667, , 0.004166666666666667, , 866.047301
6808918.exe, 0.1805, , 0.004166666666666667, , 863.253949
6808918.exe, 0.18400000000000002, , 0.004166666666666667, , 867.221158
6888530.exe, 0.14699999999999996, , 0.005333333333333334, , 817.962292
6888530.exe, 0.14483333333333331, , 0.0055, , 814.888623
6888530.exe, 0.143, , 0.005333333333333334, , 815.346176
6888530.exe, 0.14466666666666667, , 0.005333333333333334, , 815.81846
6888530.exe, 0.14433333333333334, , 0.005333333333333334, , 815.36717
6888530.exe, 0.14466666666666667, , 0.005333333333333334, , 814.460365
6888530.exe, 0.14433333333333334, , 0.005333333333333334, , 815.562632
6888530.exe, 0.145, , 0.005333333333333334, , 815.226628
6888530.exe, 0.1451666666666667, , 0.005333333333333334, , 813.472789
6888530.exe, 0.14566666666666667, , 0.005333333333333334, , 820.668957
719640.exe, 0.15883333333333335, , 0.005666666666666666, , 907.230607
719640.exe, 0.15833333333333333, , 0.0055, , 903.195772
719640.exe, 0.158, , 0.0055, , 903.72002
719640.exe, 0.15949999999999998, , 0.0055, , 905.794511
719640.exe, 0.15899999999999997, , 0.0055, , 903.784168
719640.exe, 0.15899999999999997, , 0.0055, , 907.150724
719640.exe, 0.16033333333333333, , 0.005666666666666666, , 904.837491
719640.exe, 0.1593333333333333, , 0.0055, , 904.742904
719640.exe, 0.161, , 0.0055, , 904.708669
719640.exe, 0.16099999999999998, , 0.0055, , 904.712258
736324.exe, 0.17683333333333331, , 0.004166666666666667, , 847.560925
736324.exe, 0.18416666666666665, , 0.004166666666666667, , 853.364065
736324.exe, 0.17683333333333334, , 0.004, , 847.34087
736324.exe, 0.17733333333333332, , 0.004166666666666667, , 844.283897
736324.exe, 0.17766666666666667, , 0.004166666666666667, , 846.148252
736324.exe, 0.17733333333333334, , 0.004166666666666667, , 847.688901
736324.exe, 0.17683333333333331, , 0.004, , 845.625644
736324.exe, 0.17766666666666667, , 0.004166666666666667, , 844.322629
736324.exe, 0.17750000000000002, , 0.004166666666666667, , 845.242461
736324.exe, 0.17750000000000005, , 0.004166666666666667, , 846.926758
7398850.exe, 0.1791666666666667, , 0.004166666666666667, , 859.259015
7398850.exe, 0.17950000000000002, , 0.004166666666666667, , 856.398901
7398850.exe, 0.17983333333333337, , 0.004166666666666667, , 855.278918
7398850.exe, 0.17933333333333337, , 0.004166666666666667, , 854.496441
7398850.exe, 0.179, , 0.004166666666666667, , 856.223865
7398850.exe, 0.17916666666666667, , 0.004166666666666667, , 855.357646
7398850.exe, 0.17933333333333337, , 0.004166666666666667, , 871.133924
7398850.exe, 0.181, , 0.004166666666666667, , 856.728022
7398850.exe, 0.18116666666666667, , 0.004166666666666667, , 857.667987
7398850.exe, 0.18033333333333337, , 0.004166666666666667, , 854.796539
7740449.exe, 0.08699999999999998, , 0.0021666666666666666, , 423.579111
7740449.exe, 0.08149999999999999, , 0.0021666666666666666, , 422.323909
7740449.exe, 0.08099999999999999, , 0.0021666666666666666, , 425.05783
7740449.exe, 0.08149999999999999, , 0.0021666666666666666, , 426.414089
7740449.exe, 0.081, , 0.0021666666666666666, , 425.405288
7740449.exe, 0.08099999999999999, , 0.0021666666666666666, , 425.734084
7740449.exe, 0.08066666666666666, , 0.0021666666666666666, , 427.648316
7740449.exe, 0.08066666666666666, , 0.0021666666666666666, , 426.820507
7740449.exe, 0.08083333333333334, , 0.0021666666666666666, , 427.089651
7740449.exe, 0.08016666666666666, , 0.0021666666666666666, , 427.907345
7765486.exe, 0.07433333333333333, , 0.0021666666666666666, , 392.859705
7765486.exe, 0.07499999999999998, , 0.0021666666666666666, , 391.739695
7765486.exe, 0.0745, , 0.0021666666666666666, , 392.567011
7765486.exe, 0.07400000000000001, , 0.0021666666666666666, , 391.597447
7765486.exe, 0.07433333333333333, , 0.0021666666666666666, , 391.893437
7765486.exe, 0.07416666666666667, , 0.0021666666666666666, , 391.137223
7765486.exe, 0.0745, , 0.0021666666666666666, , 390.389398
7765486.exe, 0.07400000000000001, , 0.0021666666666666666, , 392.700699
7765486.exe, 0.07533333333333334, , 0.0021666666666666666, , 390.587827
7765486.exe, 0.075, , 0.0021666666666666666, , 390.707566
8210107.exe, 0.17900000000000002, , 0.004166666666666667, , 853.439975
8210107.exe, 0.1781666666666667, , 0.004166666666666667, , 850.845666
8210107.exe, 0.17883333333333334, , 0.004166666666666667, , 849.946312
8210107.exe, 0.179, , 0.004166666666666667, , 851.726303
8210107.exe, 0.18183333333333335, , 0.004166666666666667, , 850.755299
8210107.exe, 0.17866666666666667, , 0.004166666666666667, , 849.25236
8210107.exe, 0.17833333333333332, , 0.004166666666666667, , 851.130415
8210107.exe, 0.17733333333333334, , 0.004166666666666667, , 849.471638
8210107.exe, 0.17633333333333334, , 0.004166666666666667, , 850.027621
8210107.exe, 0.17866666666666664, , 0.004166666666666667, , 850.143741
8223643.exe, 0.07683333333333332, , 0.0021666666666666666, , 405.44721
8223643.exe, 0.077, , 0.0021666666666666666, , 406.737194
8223643.exe, 0.07666666666666666, , 0.0021666666666666666, , 407.365153
8223643.exe, 0.07749999999999999, , 0.0021666666666666666, , 405.175493
8223643.exe, 0.07766666666666668, , 0.0021666666666666666, , 406.726633
8223643.exe, 0.07783333333333335, , 0.0021666666666666666, , 406.319185
8223643.exe, 0.07766666666666668, , 0.0021666666666666666, , 405.962232
8223643.exe, 0.07833333333333334, , 0.0021666666666666666, , 406.812477
8223643.exe, 0.07833333333333334, , 0.0021666666666666666, , 406.680075
8223643.exe, 0.07866666666666666, , 0.0021666666666666666, , 407.676575
8482488.exe, 0.11149999999999999, , 0.002333333333333333, , 569.460965
8482488.exe, 0.11183333333333331, , 0.002333333333333333, , 569.63995
8482488.exe, 0.11116666666666666, , 0.0023333333333333335, , 570.862457
8482488.exe, 0.11149999999999999, , 0.0023333333333333335, , 569.082732
8482488.exe, 0.11066666666666668, , 0.0025000000000000005, , 568.838765
8482488.exe, 0.11033333333333331, , 0.0025, , 569.545535
8482488.exe, 0.10933333333333332, , 0.0021666666666666666, , 568.872509
8482488.exe, 0.11083333333333333, , 0.0023333333333333335, , 568.549835
8482488.exe, 0.10983333333333331, , 0.0025, , 575.233724
8482488.exe, 0.11033333333333334, , 0.0025, , 569.073641
8589353.exe, 0.31899999999999995, , 0.013833333333333335, , 1732.5723
8589353.exe, 0.3075, , 0.013833333333333335, , 1740.192995
8589353.exe, 0.3103333333333333, , 0.013500000000000002, , 1729.490648
8589353.exe, 0.30850000000000005, , 0.013666666666666667, , 1729.392991
8589353.exe, 0.3093333333333333, , 0.013666666666666667, , 1730.127463
8589353.exe, 0.30850000000000005, , 0.013666666666666667, , 1729.710424
8589353.exe, 0.3091666666666667, , 0.013500000000000002, , 1722.007653
8589353.exe, 0.3143333333333333, , 0.013666666666666667, , 1726.971536
8589353.exe, 0.31283333333333335, , 0.013666666666666667, , 1723.855235
8589353.exe, 0.3143333333333333, , 0.013666666666666667, , 1728.855545
