1016334.exe, 0.12716666666666668, , 0.005, , 732.104019
1016334.exe, 0.12583333333333332, , 0.004666666666666666, , 683.041361
1016334.exe, 0.12699999999999997, , 0.004666666666666666, , 682.680863
1016334.exe, 0.12483333333333334, , 0.0045000000000000005, , 671.884844
1016334.exe, 0.12433333333333334, , 0.004666666666666667, , 673.460419
1016334.exe, 0.12366666666666665, , 0.004666666666666667, , 666.962119
1016334.exe, 0.12383333333333334, , 0.0045000000000000005, , 675.220357
1016334.exe, 0.12266666666666667, , 0.004666666666666667, , 671.073969
1016334.exe, 0.1255, , 0.004666666666666666, , 684.894435
1016334.exe, 0.12316666666666665, , 0.004666666666666667, , 676.425094
1135440.exe, 0.11333333333333334, , 0.0038333333333333336, , 597.355099
1135440.exe, 0.11383333333333336, , 0.0038333333333333336, , 604.027658
1135440.exe, 0.11366666666666667, , 0.0038333333333333336, , 599.931234
1135440.exe, 0.11316666666666667, , 0.0038333333333333336, , 602.763985
1135440.exe, 0.11733333333333333, , 0.004, , 607.635552
1135440.exe, 0.113, , 0.0038333333333333336, , 598.169802
1135440.exe, 0.11166666666666668, , 0.004, , 624.828153
1135440.exe, 0.11283333333333334, , 0.0038333333333333336, , 597.915223
1135440.exe, 0.113, , 0.0038333333333333336, , 598.188102
1135440.exe, 0.11216666666666666, , 0.0038333333333333336, , 596.918097
1147117.exe, 0.22583333333333336, , 0.006833333333333333, , 1259.970536
1147117.exe, 0.2258333333333333, , 0.006833333333333333, , 1261.514993
1147117.exe, 0.22650000000000003, , 0.006833333333333333, , 1264.524906
1147117.exe, 0.22733333333333333, , 0.006666666666666666, , 1258.134338
1147117.exe, 0.22383333333333333, , 0.006666666666666666, , 1256.480918
1147117.exe, 0.22366666666666662, , 0.006666666666666666, , 1259.287941
1147117.exe, 0.2245, , 0.006666666666666666, , 1257.765535
1147117.exe, 0.22633333333333336, , 0.006666666666666666, , 1255.842244
1147117.exe, 0.22383333333333333, , 0.0065, , 1253.435046
1147117.exe, 0.2255, , 0.006666666666666666, , 1259.987743
1199099.exe, 0.11666666666666668, , 0.004, , 642.323657
1199099.exe, 0.11733333333333333, , 0.004, , 645.154659
1199099.exe, 0.1175, , 0.004, , 647.970516
1199099.exe, 0.11833333333333333, , 0.004166666666666667, , 647.312602
1199099.exe, 0.11666666666666667, , 0.004, , 644.333702
1199099.exe, 0.11666666666666668, , 0.004, , 640.882164
1199099.exe, 0.11683333333333332, , 0.004, , 641.336012
1199099.exe, 0.11716666666666666, , 0.004, , 647.007411
1199099.exe, 0.11683333333333333, , 0.004, , 645.2938
1199099.exe, 0.11683333333333333, , 0.004166666666666667, , 645.073908
1379278.exe, 0.27183333333333337, , 0.007833333333333335, , 1531.760196
1379278.exe, 0.27266666666666667, , 0.007833333333333335, , 1537.696101
1379278.exe, 0.2721666666666666, , 0.007833333333333335, , 1532.438028
1379278.exe, 0.2703333333333333, , 0.007833333333333335, , 1526.708348
1379278.exe, 0.27283333333333337, , 0.007833333333333335, , 1531.832541
1379278.exe, 0.27133333333333337, , 0.007833333333333335, , 1528.706813
1379278.exe, 0.27033333333333337, , 0.007833333333333335, , 1527.730507
1379278.exe, 0.2688333333333333, , 0.007833333333333335, , 1527.097073
1379278.exe, 0.26633333333333337, , 0.007833333333333335, , 1553.271794
1379278.exe, 0.27166666666666667, , 0.008, , 1543.411263
1400532.exe, 0.205, , 0.005666666666666667, , 1048.957423
1400532.exe, 0.205, , 0.0055000000000000005, , 1049.413904
1400532.exe, 0.20433333333333334, , 0.005666666666666667, , 1047.205577
1400532.exe, 0.20583333333333334, , 0.005666666666666667, , 1046.363323
1400532.exe, 0.204, , 0.0055000000000000005, , 1039.841363
1400532.exe, 0.2055, , 0.005666666666666667, , 1050.579799
1400532.exe, 0.20466666666666666, , 0.0055000000000000005, , 1044.806038
1400532.exe, 0.20466666666666666, , 0.005666666666666667, , 1045.300935
1400532.exe, 0.20533333333333334, , 0.0055000000000000005, , 1044.845017
1400532.exe, 0.20816666666666664, , 0.0055000000000000005, , 1047.432753
1604299.exe, 0.3545, , 0.009500000000000001, , 1907.594164
1604299.exe, 0.35366666666666663, , 0.009500000000000001, , 1897.318463
1604299.exe, 0.35366666666666663, , 0.009333333333333334, , 1901.013539
1604299.exe, 0.34816666666666674, , 0.009333333333333334, , 1900.933432
1604299.exe, 0.35083333333333333, , 0.009500000000000001, , 1903.06581
1604299.exe, 0.3466666666666667, , 0.009166666666666667, , 1914.526459
1604299.exe, 0.351, , 0.009333333333333334, , 1897.236975
1604299.exe, 0.3501666666666666, , 0.009333333333333334, , 1899.760273
1604299.exe, 0.3496666666666667, , 0.009500000000000001, , 1897.490148
1604299.exe, 0.3505, , 0.009333333333333334, , 1895.784504
1779544.exe, 0.35466666666666663, , 0.009333333333333334, , 1898.26249
1779544.exe, 0.3526666666666667, , 0.009333333333333334, , 1900.764259
1779544.exe, 0.3501666666666667, , 0.009333333333333334, , 1900.813891
1779544.exe, 0.34933333333333333, , 0.009333333333333334, , 1901.180144
1779544.exe, 0.3538333333333333, , 0.009333333333333334, , 1903.090015
1779544.exe, 0.3528333333333333, , 0.009333333333333334, , 1901.23945
1779544.exe, 0.3541666666666667, , 0.009333333333333334, , 1896.837938
1779544.exe, 0.3550000000000001, , 0.009333333333333334, , 1899.602998
1779544.exe, 0.3556666666666667, , 0.009333333333333334, , 1900.437334
1779544.exe, 0.3523333333333334, , 0.009333333333333334, , 1900.358344
1963979.exe, 0.20450000000000002, , 0.0055000000000000005, , 1038.079179
1963979.exe, 0.20600000000000002, , 0.005666666666666667, , 1040.363918
1963979.exe, 0.20483333333333334, , 0.005666666666666667, , 1036.783221
1963979.exe, 0.2048333333333333, , 0.0055000000000000005, , 1037.781777
1963979.exe, 0.207, , 0.0055000000000000005, , 1041.563252
1963979.exe, 0.20699999999999996, , 0.005666666666666667, , 1043.429375
1963979.exe, 0.20616666666666666, , 0.0055000000000000005, , 1037.666836
1963979.exe, 0.20666666666666667, , 0.0055000000000000005, , 1036.518126
1963979.exe, 0.20600000000000002, , 0.0055000000000000005, , 1034.179627
1963979.exe, 0.20600000000000002, , 0.0055000000000000005, , 1038.273042
2024525.exe, 0.12033333333333333, , 0.004, , 650.538437
2024525.exe, 0.1185, , 0.003833333333333333, , 648.637133
2024525.exe, 0.12033333333333335, , 0.004166666666666667, , 650.771972
2024525.exe, 0.11900000000000001, , 0.004166666666666667, , 647.696755
2024525.exe, 0.11850000000000001, , 0.004, , 650.472257
2024525.exe, 0.12016666666666669, , 0.004, , 652.526986
2024525.exe, 0.12066666666666667, , 0.004166666666666667, , 652.934996
2024525.exe, 0.1195, , 0.004, , 648.468441
2024525.exe, 0.11900000000000001, , 0.004166666666666667, , 650.833697
2024525.exe, 0.12049999999999998, , 0.004166666666666667, , 653.508556
212795.exe, 0.11883333333333333, , 0.004166666666666667, , 649.103762
212795.exe, 0.11999999999999998, , 0.004166666666666667, , 650.387876
212795.exe, 0.11783333333333333, , 0.004, , 646.980071
212795.exe, 0.11800000000000001, , 0.004166666666666667, , 644.244266
212795.exe, 0.1185, , 0.004166666666666667, , 645.469047
212795.exe, 0.11866666666666668, , 0.004166666666666667, , 647.588548
212795.exe, 0.11916666666666664, , 0.004166666666666667, , 645.393317
212795.exe, 0.11883333333333332, , 0.004166666666666667, , 646.672747
212795.exe, 0.11833333333333333, , 0.004166666666666667, , 643.584725
212795.exe, 0.11833333333333332, , 0.004, , 642.732467
2265396.exe, 0.3575, , 0.009500000000000001, , 1927.779813
2265396.exe, 0.35466666666666663, , 0.009333333333333334, , 1916.499996
2265396.exe, 0.35683333333333334, , 0.009500000000000001, , 1915.467307
2265396.exe, 0.35766666666666674, , 0.009333333333333334, , 1924.717366
2265396.exe, 0.3543333333333333, , 0.009500000000000001, , 1918.468715
2265396.exe, 0.3565, , 0.009500000000000001, , 1917.272308
2265396.exe, 0.35700000000000004, , 0.009500000000000001, , 1917.915968
2265396.exe, 0.35433333333333333, , 0.009166666666666667, , 1912.138618
2265396.exe, 0.35666666666666663, , 0.009500000000000001, , 1914.375008
2265396.exe, 0.3568333333333334, , 0.009333333333333334, , 1914.124392
2286318.exe, 0.13549999999999998, , 0.005166666666666667, , 738.222036
2286318.exe, 0.13683333333333333, , 0.004833333333333334, , 753.440036
2286318.exe, 0.13616666666666666, , 0.005, , 741.610229
2286318.exe, 0.13666666666666666, , 0.005, , 742.114918
2286318.exe, 0.13549999999999998, , 0.005166666666666667, , 742.827149
2286318.exe, 0.138, , 0.005166666666666667, , 754.825348
2286318.exe, 0.13633333333333333, , 0.005, , 746.495789
2286318.exe, 0.13649999999999998, , 0.005166666666666667, , 743.799283
2286318.exe, 0.137, , 0.005, , 744.668887
2286318.exe, 0.14016666666666666, , 0.005, , 744.555841
2349449.exe, 0.265, , 0.007833333333333335, , 1502.203017
2349449.exe, 0.26283333333333336, , 0.007833333333333335, , 1484.707856
2349449.exe, 0.2725, , 0.008, , 1495.609528
2349449.exe, 0.26683333333333337, , 0.008166666666666668, , 1494.995187
2349449.exe, 0.27116666666666667, , 0.007833333333333335, , 1490.218661
2349449.exe, 0.29083333333333333, , 0.011500000000000002, , 1546.408964
2349449.exe, 0.30216666666666664, , 0.014000000000000002, , 1584.120066
2349449.exe, 0.29566666666666663, , 0.012833333333333334, , 1565.830852
2349449.exe, 0.2855, , 0.0115, , 1541.560623
2349449.exe, 0.27866666666666673, , 0.010333333333333333, , 1524.847137
2375147.exe, 0.361, , 0.010166666666666666, , 1921.62374
2375147.exe, 0.34900000000000003, , 0.009333333333333334, , 1900.655164
2375147.exe, 0.3496666666666666, , 0.009500000000000001, , 1899.263481
2375147.exe, 0.3466666666666667, , 0.009333333333333334, , 1888.797825
2375147.exe, 0.35, , 0.009333333333333334, , 1902.167818
2375147.exe, 0.3503333333333333, , 0.009500000000000001, , 1894.803853
2375147.exe, 0.34833333333333333, , 0.009333333333333334, , 1895.100236
2375147.exe, 0.3506666666666666, , 0.009333333333333334, , 1900.424519
2375147.exe, 0.35, , 0.009500000000000001, , 1897.055455
2375147.exe, 0.34800000000000003, , 0.009500000000000001, , 1899.911307
2381481.exe, 0.26083333333333336, , 0.007833333333333335, , 1496.505793
2381481.exe, 0.27083333333333326, , 0.007833333333333335, , 1498.916079
2381481.exe, 0.2645, , 0.007833333333333335, , 1502.835245
2381481.exe, 0.2633333333333333, , 0.007833333333333335, , 1496.641054
2381481.exe, 0.26183333333333325, , 0.007833333333333335, , 1523.697373
2381481.exe, 0.262, , 0.007833333333333335, , 1494.353846
2381481.exe, 0.26349999999999996, , 0.007833333333333335, , 1498.024491
2381481.exe, 0.263, , 0.007833333333333335, , 1502.535573
2381481.exe, 0.263, , 0.007833333333333335, , 1502.512974
2381481.exe, 0.26266666666666666, , 0.007833333333333335, , 1503.943549
2490986.exe, 0.24983333333333332, , 0.007000000000000001, , 1411.066515
2490986.exe, 0.24883333333333335, , 0.007333333333333334, , 1411.655582
2490986.exe, 0.24666666666666667, , 0.0071666666666666675, , 1413.159991
2490986.exe, 0.24666666666666665, , 0.007500000000000001, , 1431.985964
2490986.exe, 0.24883333333333335, , 0.007333333333333333, , 1413.817919
2490986.exe, 0.25833333333333336, , 0.007500000000000001, , 1421.26952
2490986.exe, 0.25083333333333335, , 0.007500000000000001, , 1415.910829
2490986.exe, 0.24766666666666667, , 0.007333333333333333, , 1413.073337
2490986.exe, 0.24733333333333335, , 0.007500000000000001, , 1411.862794
2490986.exe, 0.24900000000000003, , 0.0071666666666666675, , 1412.795817
2614346.exe, 0.26683333333333337, , 0.007833333333333335, , 1528.608528
2614346.exe, 0.26649999999999996, , 0.007833333333333335, , 1526.194994
2614346.exe, 0.267, , 0.007833333333333335, , 1523.109991
2614346.exe, 0.2673333333333333, , 0.007833333333333335, , 1525.309907
2614346.exe, 0.2678333333333333, , 0.007833333333333335, , 1525.854183
2614346.exe, 0.2658333333333333, , 0.007833333333333335, , 1526.154644
2614346.exe, 0.2658333333333333, , 0.007833333333333335, , 1522.86689
2614346.exe, 0.26566666666666666, , 0.007833333333333335, , 1524.618115
2614346.exe, 0.26616666666666666, , 0.007833333333333335, , 1531.789123
2614346.exe, 0.26249999999999996, , 0.007833333333333335, , 1545.279878
2807545.exe, 0.11316666666666667, , 0.004, , 634.959413
2807545.exe, 0.114, , 0.004166666666666667, , 637.984248
2807545.exe, 0.11316666666666665, , 0.004166666666666667, , 634.817222
2807545.exe, 0.11433333333333334, , 0.004166666666666667, , 640.240229
2807545.exe, 0.1135, , 0.004166666666666667, , 633.171894
2807545.exe, 0.115, , 0.004166666666666667, , 637.949624
2807545.exe, 0.11483333333333334, , 0.004166666666666667, , 635.880055
2807545.exe, 0.11516666666666664, , 0.004166666666666667, , 634.549236
2807545.exe, 0.11416666666666665, , 0.004166666666666667, , 634.028559
2807545.exe, 0.11366666666666665, , 0.004166666666666667, , 633.908937
3007872.exe, 0.13266666666666665, , 0.0045000000000000005, , 749.047964
3007872.exe, 0.13183333333333333, , 0.0045000000000000005, , 742.235177
3007872.exe, 0.12966666666666668, , 0.0045000000000000005, , 730.93719
3007872.exe, 0.132, , 0.0045000000000000005, , 737.56363
3007872.exe, 0.12966666666666668, , 0.0045000000000000005, , 726.694058
3007872.exe, 0.12883333333333333, , 0.0045000000000000005, , 724.533936
3007872.exe, 0.12899999999999998, , 0.0045000000000000005, , 727.281889
3007872.exe, 0.13066666666666665, , 0.0045000000000000005, , 734.090551
3007872.exe, 0.12966666666666668, , 0.0045000000000000005, , 727.399307
3007872.exe, 0.13016666666666668, , 0.0045000000000000005, , 731.603412
3050670.exe, 0.13066666666666665, , 0.0045000000000000005, , 730.913795
3050670.exe, 0.13016666666666665, , 0.0045000000000000005, , 722.487882
3050670.exe, 0.13033333333333333, , 0.0045000000000000005, , 721.707751
3050670.exe, 0.12816666666666665, , 0.0045000000000000005, , 718.473087
3050670.exe, 0.13666666666666666, , 0.0045000000000000005, , 727.677344
3050670.exe, 0.12899999999999998, , 0.0045000000000000005, , 720.733502
3050670.exe, 0.1285, , 0.0045000000000000005, , 718.300128
3050670.exe, 0.12783333333333335, , 0.0045000000000000005, , 718.445563
3050670.exe, 0.12933333333333333, , 0.0045000000000000005, , 723.127013
3050670.exe, 0.12933333333333333, , 0.0045000000000000005, , 721.356257
3121765.exe, 0.11883333333333333, , 0.004166666666666667, , 654.391044
3121765.exe, 0.119, , 0.004166666666666667, , 653.000993
3121765.exe, 0.11983333333333333, , 0.004, , 651.384196
3121765.exe, 0.11766666666666666, , 0.004166666666666667, , 654.430716
3121765.exe, 0.11716666666666666, , 0.004166666666666667, , 652.036227
3121765.exe, 0.11783333333333333, , 0.004, , 654.965539
3121765.exe, 0.11883333333333333, , 0.004166666666666667, , 659.364459
3121765.exe, 0.11916666666666666, , 0.004166666666666667, , 656.736042
3121765.exe, 0.1175, , 0.004166666666666667, , 652.928892
3121765.exe, 0.11749999999999998, , 0.004, , 650.892264
3401505.exe, 0.2588333333333333, , 0.007833333333333335, , 1493.541615
3401505.exe, 0.258, , 0.007666666666666667, , 1490.236258
3401505.exe, 0.25733333333333336, , 0.007833333333333335, , 1491.266919
3401505.exe, 0.258, , 0.007666666666666667, , 1488.161247
3401505.exe, 0.259, , 0.007833333333333335, , 1490.797228
3401505.exe, 0.25716666666666665, , 0.007833333333333335, , 1488.96209
3401505.exe, 0.25716666666666665, , 0.007833333333333335, , 1488.161591
3401505.exe, 0.25683333333333336, , 0.007833333333333335, , 1487.315632
3401505.exe, 0.25916666666666666, , 0.007833333333333335, , 1492.119507
3401505.exe, 0.259, , 0.007833333333333335, , 1490.807845
3509617.exe, 0.19916666666666663, , 0.0055000000000000005, , 1023.505216
3509617.exe, 0.19899999999999998, , 0.0055000000000000005, , 1019.577417
3509617.exe, 0.19899999999999998, , 0.0055000000000000005, , 1020.446338
3509617.exe, 0.2075, , 0.0055000000000000005, , 1027.663622
3509617.exe, 0.19799999999999998, , 0.0055000000000000005, , 1017.913053
3509617.exe, 0.20066666666666663, , 0.0055000000000000005, , 1021.738133
3509617.exe, 0.20166666666666666, , 0.0055000000000000005, , 1023.937385
3509617.exe, 0.20049999999999996, , 0.0055000000000000005, , 1019.536204
3509617.exe, 0.201, , 0.0055000000000000005, , 1022.53506
3509617.exe, 0.19966666666666663, , 0.0055000000000000005, , 1021.612339
3585983.exe, 0.3518333333333333, , 0.009500000000000001, , 1908.798788
3585983.exe, 0.35216666666666663, , 0.009333333333333334, , 1911.668058
3585983.exe, 0.35, , 0.009333333333333334, , 1910.568926
3585983.exe, 0.3498333333333334, , 0.009333333333333334, , 1908.239986
3585983.exe, 0.34933333333333333, , 0.009333333333333334, , 1905.79271
3585983.exe, 0.3481666666666666, , 0.009333333333333334, , 1908.559249
3585983.exe, 0.34883333333333333, , 0.009333333333333334, , 1904.810188
3585983.exe, 0.3601666666666667, , 0.009333333333333334, , 1921.576755
3585983.exe, 0.3516666666666666, , 0.009333333333333334, , 1909.69898
3585983.exe, 0.3501666666666667, , 0.009500000000000001, , 1909.331486
369842.exe, 0.3948333333333333, , 0.013000000000000003, , 2192.719931
369842.exe, 0.39216666666666666, , 0.012833333333333335, , 2189.328975
369842.exe, 0.39366666666666666, , 0.013000000000000003, , 2191.831343
369842.exe, 0.3971666666666666, , 0.013000000000000003, , 2186.334921
369842.exe, 0.39366666666666666, , 0.013000000000000003, , 2187.508314
369842.exe, 0.3908333333333333, , 0.013000000000000003, , 2194.532915
369842.exe, 0.3926666666666667, , 0.013000000000000003, , 2192.29013
369842.exe, 0.3901666666666666, , 0.013000000000000003, , 2188.320614
369842.exe, 0.39283333333333326, , 0.012833333333333335, , 2193.063322
369842.exe, 0.39383333333333337, , 0.012833333333333335, , 2186.381887
3753295.exe, 0.11716666666666667, , 0.003833333333333333, , 650.8627
3753295.exe, 0.11716666666666667, , 0.004166666666666667, , 654.808531
3753295.exe, 0.11716666666666668, , 0.004, , 648.36372
3753295.exe, 0.11633333333333333, , 0.004, , 645.568231
3753295.exe, 0.11649999999999999, , 0.004166666666666667, , 646.482806
3753295.exe, 0.11666666666666667, , 0.004166666666666667, , 646.655109
3753295.exe, 0.11733333333333332, , 0.004166666666666667, , 649.409637
3753295.exe, 0.11683333333333332, , 0.004166666666666667, , 647.737907
3753295.exe, 0.11616666666666665, , 0.004, , 646.329607
3753295.exe, 0.12466666666666668, , 0.003833333333333333, , 647.873247
3836836.exe, 0.20366666666666672, , 0.0055000000000000005, , 1040.541949
3836836.exe, 0.20133333333333334, , 0.0055000000000000005, , 1036.324196
3836836.exe, 0.2016666666666667, , 0.0055000000000000005, , 1033.578941
3836836.exe, 0.2021666666666667, , 0.0055000000000000005, , 1031.876235
3836836.exe, 0.2036666666666667, , 0.0055000000000000005, , 1029.391025
3836836.exe, 0.20333333333333334, , 0.005666666666666666, , 1032.13583
3836836.exe, 0.20316666666666666, , 0.0055000000000000005, , 1032.053445
3836836.exe, 0.20450000000000002, , 0.0055000000000000005, , 1037.7324
3836836.exe, 0.20233333333333334, , 0.0055000000000000005, , 1030.101903
3836836.exe, 0.20299999999999999, , 0.0055000000000000005, , 1038.499733
3871862.exe, 0.36000000000000004, , 0.009666666666666667, , 1964.548806
3871862.exe, 0.36150000000000004, , 0.009666666666666667, , 1963.203001
3871862.exe, 0.3623333333333333, , 0.009666666666666667, , 1962.515912
3871862.exe, 0.37000000000000005, , 0.009666666666666667, , 1970.416241
3871862.exe, 0.3566666666666667, , 0.009666666666666667, , 1964.11549
3871862.exe, 0.3608333333333334, , 0.009666666666666667, , 1969.93593
3871862.exe, 0.359, , 0.009666666666666667, , 1961.669531
3871862.exe, 0.36166666666666664, , 0.009666666666666667, , 1975.56736
3871862.exe, 0.36333333333333334, , 0.009833333333333335, , 1964.874449
3871862.exe, 0.3621666666666667, , 0.009666666666666667, , 1963.69769
3930881.exe, 0.35783333333333334, , 0.009500000000000001, , 1914.447128
3930881.exe, 0.35066666666666674, , 0.009333333333333334, , 1904.990672
3930881.exe, 0.35100000000000003, , 0.009500000000000001, , 1904.880684
3930881.exe, 0.3495, , 0.009333333333333334, , 1902.692963
3930881.exe, 0.35200000000000004, , 0.009333333333333334, , 1913.714604
3930881.exe, 0.35350000000000004, , 0.009333333333333334, , 1908.127315
3930881.exe, 0.3548333333333334, , 0.009333333333333334, , 1907.288018
3930881.exe, 0.35100000000000003, , 0.009333333333333334, , 1905.176732
3930881.exe, 0.35033333333333333, , 0.009500000000000001, , 1904.432037
3930881.exe, 0.3501666666666666, , 0.009333333333333334, , 1902.866942
4327769.exe, 0.11616666666666667, , 0.004166666666666667, , 644.348836
4327769.exe, 0.11549999999999999, , 0.004166666666666667, , 641.732037
4327769.exe, 0.12066666666666669, , 0.004166666666666667, , 659.398006
4327769.exe, 0.1165, , 0.004166666666666667, , 647.132557
4327769.exe, 0.11633333333333334, , 0.004166666666666667, , 640.845983
4327769.exe, 0.11699999999999998, , 0.004166666666666667, , 644.382004
4327769.exe, 0.11599999999999998, , 0.004166666666666667, , 642.378635
4327769.exe, 0.11683333333333333, , 0.004166666666666667, , 645.979219
4327769.exe, 0.11733333333333332, , 0.004166666666666667, , 652.071877
4327769.exe, 0.11766666666666666, , 0.004166666666666667, , 653.190872
4462753.exe, 0.12066666666666666, , 0.004166666666666667, , 660.773007
4462753.exe, 0.11916666666666667, , 0.004166666666666667, , 656.05862
4462753.exe, 0.11933333333333333, , 0.004166666666666667, , 654.838097
4462753.exe, 0.12066666666666667, , 0.004333333333333333, , 661.54462
4462753.exe, 0.11966666666666666, , 0.004166666666666667, , 654.88762
4462753.exe, 0.12050000000000001, , 0.004333333333333333, , 658.241499
4462753.exe, 0.12166666666666667, , 0.004333333333333333, , 660.679142
4462753.exe, 0.11983333333333332, , 0.004166666666666667, , 654.596644
4462753.exe, 0.12000000000000001, , 0.004333333333333333, , 656.713823
4462753.exe, 0.11850000000000001, , 0.004166666666666667, , 656.538819
4547977.exe, 0.21033333333333334, , 0.006166666666666667, , 1071.168679
4547977.exe, 0.20783333333333331, , 0.006, , 1058.229762
4547977.exe, 0.2068333333333333, , 0.005833333333333333, , 1050.533692
4547977.exe, 0.20833333333333334, , 0.005666666666666667, , 1056.198241
4547977.exe, 0.2178333333333333, , 0.006166666666666667, , 1062.422829
4547977.exe, 0.20883333333333332, , 0.006, , 1060.695304
4547977.exe, 0.20800000000000002, , 0.006, , 1054.542859
4547977.exe, 0.2086666666666667, , 0.005833333333333333, , 1060.061548
4547977.exe, 0.20716666666666667, , 0.005833333333333333, , 1061.367955
4547977.exe, 0.20716666666666664, , 0.006, , 1052.568998
4713330.exe, 0.342, , 0.008833333333333334, , 1833.977372
4713330.exe, 0.3408333333333333, , 0.008833333333333334, , 1829.727631
4713330.exe, 0.3406666666666666, , 0.008833333333333334, , 1830.511951
4713330.exe, 0.3421666666666666, , 0.008833333333333334, , 1837.651727
4713330.exe, 0.34116666666666673, , 0.008833333333333334, , 1832.827482
4713330.exe, 0.36416666666666664, , 0.009000000000000001, , 1844.377741
4713330.exe, 0.3421666666666667, , 0.008833333333333334, , 1835.491616
4713330.exe, 0.3418333333333334, , 0.008833333333333334, , 1830.361516
4713330.exe, 0.34166666666666673, , 0.008833333333333334, , 1832.834334
4713330.exe, 0.3423333333333333, , 0.008833333333333334, , 1832.736219
4760452.exe, 0.13083333333333333, , 0.0045000000000000005, , 733.82366
4760452.exe, 0.13083333333333333, , 0.0045000000000000005, , 727.602127
4760452.exe, 0.12883333333333333, , 0.0045000000000000005, , 716.607385
4760452.exe, 0.12933333333333333, , 0.0045000000000000005, , 715.732324
4760452.exe, 0.1305, , 0.0045000000000000005, , 721.5285
4760452.exe, 0.1295, , 0.0045000000000000005, , 716.887898
4760452.exe, 0.12916666666666668, , 0.0045000000000000005, , 719.057072
4760452.exe, 0.13166666666666665, , 0.0045000000000000005, , 729.360261
4760452.exe, 0.13066666666666665, , 0.0045000000000000005, , 720.917645
4760452.exe, 0.132, , 0.004666666666666667, , 735.132987
4981872.exe, 0.3498333333333334, , 0.009500000000000001, , 1896.472291
4981872.exe, 0.36000000000000004, , 0.009500000000000001, , 1890.250433
4981872.exe, 0.35200000000000004, , 0.009500000000000001, , 1887.09197
4981872.exe, 0.35133333333333333, , 0.009500000000000001, , 1882.959879
4981872.exe, 0.35166666666666657, , 0.009500000000000001, , 1885.508673
4981872.exe, 0.3498333333333334, , 0.009500000000000001, , 1886.721449
4981872.exe, 0.34733333333333327, , 0.009666666666666667, , 1882.930176
4981872.exe, 0.3466666666666667, , 0.009500000000000001, , 1883.48615
4981872.exe, 0.3451666666666667, , 0.009500000000000001, , 1882.499773
4981872.exe, 0.34833333333333333, , 0.009500000000000001, , 1890.880424
5118033.exe, 0.2628333333333333, , 0.007833333333333335, , 1492.68653
5118033.exe, 0.27316666666666667, , 0.007833333333333335, , 1492.463813
5118033.exe, 0.2636666666666667, , 0.007666666666666667, , 1492.487018
5118033.exe, 0.26383333333333336, , 0.007833333333333335, , 1494.250681
5118033.exe, 0.26433333333333336, , 0.007833333333333335, , 1494.474542
5118033.exe, 0.2625, , 0.007666666666666667, , 1488.674143
5118033.exe, 0.26333333333333336, , 0.007666666666666667, , 1487.950496
5118033.exe, 0.26249999999999996, , 0.007833333333333335, , 1487.916342
5118033.exe, 0.26199999999999996, , 0.007666666666666667, , 1485.809561
5118033.exe, 0.26433333333333336, , 0.007833333333333335, , 1489.038846
5445231.exe, 0.17350000000000002, , 0.006, , 1012.271441
5445231.exe, 0.171, , 0.006, , 1002.127631
5445231.exe, 0.17966666666666667, , 0.006166666666666667, , 1022.281513
5445231.exe, 0.1728333333333333, , 0.006166666666666667, , 1005.748584
5445231.exe, 0.17633333333333334, , 0.006333333333333333, , 1035.43864
5445231.exe, 0.17149999999999999, , 0.006166666666666667, , 1005.416325
5445231.exe, 0.17366666666666666, , 0.006166666666666667, , 1014.976039
5445231.exe, 0.17116666666666666, , 0.005833333333333334, , 996.59301
5445231.exe, 0.17633333333333334, , 0.006166666666666667, , 1034.099124
5445231.exe, 0.17466666666666666, , 0.005833333333333334, , 1020.359081
5686669.exe, 0.12166666666666667, , 0.004166666666666667, , 659.387489
5686669.exe, 0.12133333333333332, , 0.004166666666666667, , 657.648879
5686669.exe, 0.12150000000000001, , 0.004166666666666667, , 657.884493
5686669.exe, 0.12083333333333333, , 0.004166666666666667, , 653.309633
5686669.exe, 0.1205, , 0.004, , 653.201612
5686669.exe, 0.12033333333333335, , 0.003833333333333333, , 654.463721
5686669.exe, 0.11983333333333332, , 0.004166666666666667, , 654.209289
5686669.exe, 0.11999999999999998, , 0.004166666666666667, , 650.730861
5686669.exe, 0.12050000000000001, , 0.004, , 653.66397
5686669.exe, 0.12000000000000002, , 0.003833333333333333, , 652.664683
5734497.exe, 0.4046666666666667, , 0.0105, , 2199.780944
5734497.exe, 0.41183333333333333, , 0.0105, , 2198.214205
5734497.exe, 0.39899999999999997, , 0.010333333333333333, , 2186.749503
5734497.exe, 0.4035, , 0.0105, , 2194.027114
5734497.exe, 0.40299999999999997, , 0.0105, , 2196.804582
5734497.exe, 0.40183333333333326, , 0.010333333333333333, , 2188.310809
5734497.exe, 0.40066666666666667, , 0.0105, , 2190.800004
5734497.exe, 0.4021666666666667, , 0.010333333333333333, , 2187.137267
5734497.exe, 0.4031666666666667, , 0.010333333333333333, , 2192.547047
5734497.exe, 0.4051666666666666, , 0.010333333333333333, , 2198.478133
584976.exe, 0.3656666666666667, , 0.009333333333333334, , 1943.781222
584976.exe, 0.37466666666666665, , 0.009333333333333334, , 1940.414215
584976.exe, 0.36483333333333334, , 0.009500000000000001, , 1936.718132
584976.exe, 0.36599999999999994, , 0.009333333333333334, , 1936.125232
584976.exe, 0.364, , 0.009333333333333334, , 1937.854338
584976.exe, 0.3636666666666667, , 0.009333333333333334, , 1931.231166
584976.exe, 0.36350000000000005, , 0.009500000000000001, , 1931.132171
584976.exe, 0.3651666666666667, , 0.009333333333333334, , 1938.05373
584976.exe, 0.36983333333333335, , 0.009500000000000001, , 1945.926453
584976.exe, 0.3676666666666667, , 0.009333333333333334, , 1937.539083
