1749177.exe, 0.30733333333333335, , 0.009166666666666667, , 1712.774418
1749177.exe, 0.3045, , 0.008833333333333334, , 1663.071725
1749177.exe, 0.3063333333333334, , 0.008833333333333334, , 1665.710798
1749177.exe, 0.3046666666666667, , 0.008833333333333334, , 1659.957403
1749177.exe, 0.3028333333333333, , 0.008833333333333334, , 1664.650094
1749177.exe, 0.30316666666666664, , 0.008833333333333334, , 1671.937579
1749177.exe, 0.30383333333333334, , 0.008833333333333334, , 1652.997537
1749177.exe, 0.30133333333333334, , 0.008833333333333334, , 1665.815596
1749177.exe, 0.30049999999999993, , 0.008833333333333334, , 1656.959957
1749177.exe, 0.30033333333333334, , 0.008833333333333334, , 1652.982407
1817867.exe, 0.36116666666666664, , 0.009500000000000001, , 1905.916568
1817867.exe, 0.3566666666666667, , 0.009333333333333334, , 1896.473633
1817867.exe, 0.35933333333333334, , 0.009500000000000001, , 1900.652584
1817867.exe, 0.35866666666666663, , 0.009500000000000001, , 1892.056387
1817867.exe, 0.3581666666666667, , 0.009500000000000001, , 1886.214116
1817867.exe, 0.3575, , 0.009500000000000001, , 1889.595292
1817867.exe, 0.35466666666666663, , 0.009500000000000001, , 1888.088908
1817867.exe, 0.35633333333333334, , 0.009500000000000001, , 1890.463896
1817867.exe, 0.354, , 0.009500000000000001, , 1886.545259
1817867.exe, 0.3528333333333333, , 0.009500000000000001, , 1884.851228
2766234.exe, 0.129, , 0.0045000000000000005, , 685.053579
2766234.exe, 0.13, , 0.0045000000000000005, , 691.157321
2766234.exe, 0.1295, , 0.0045000000000000005, , 685.683482
2766234.exe, 0.13099999999999998, , 0.004666666666666667, , 695.548876
2766234.exe, 0.13033333333333333, , 0.0045000000000000005, , 690.035952
2766234.exe, 0.13133333333333333, , 0.004666666666666667, , 700.562382
2766234.exe, 0.1295, , 0.0045000000000000005, , 692.286174
2766234.exe, 0.12933333333333333, , 0.0045000000000000005, , 690.361056
2766234.exe, 0.13216666666666665, , 0.004666666666666667, , 704.244129
2766234.exe, 0.12883333333333333, , 0.0045000000000000005, , 688.137634
340754.exe, 0.3606666666666667, , 0.009500000000000001, , 1938.955618
340754.exe, 0.36, , 0.009500000000000001, , 1926.62052
340754.exe, 0.35500000000000004, , 0.009333333333333334, , 1909.856262
340754.exe, 0.3613333333333334, , 0.009333333333333334, , 1909.891558
340754.exe, 0.3548333333333334, , 0.009333333333333334, , 1906.973639
340754.exe, 0.35949999999999993, , 0.009333333333333334, , 1908.990229
340754.exe, 0.3558333333333333, , 0.009500000000000001, , 1912.552682
340754.exe, 0.3611666666666667, , 0.009333333333333334, , 1912.071025
340754.exe, 0.3638333333333333, , 0.009500000000000001, , 1907.792999
340754.exe, 0.356, , 0.009500000000000001, , 1912.650913
3588461.exe, 0.3255, , 0.011833333333333335, , 1833.443848
3588461.exe, 0.32450000000000007, , 0.011500000000000002, , 1830.401425
3588461.exe, 0.32633333333333336, , 0.011333333333333334, , 1844.752003
3588461.exe, 0.324, , 0.011500000000000002, , 1839.319006
3588461.exe, 0.32166666666666666, , 0.011666666666666667, , 1832.955511
3588461.exe, 0.31983333333333336, , 0.011666666666666667, , 1849.497514
3588461.exe, 0.32266666666666666, , 0.011333333333333334, , 1842.776897
3588461.exe, 0.32033333333333336, , 0.011500000000000002, , 1839.767642
3588461.exe, 0.32583333333333336, , 0.011500000000000002, , 1843.19528
3588461.exe, 0.3313333333333333, , 0.011666666666666667, , 1846.521162
4159594.exe, 0.20900000000000002, , 0.005666666666666667, , 1042.542725
4159594.exe, 0.2076666666666667, , 0.0055000000000000005, , 1037.683118
4159594.exe, 0.20616666666666672, , 0.0055000000000000005, , 1031.146362
4159594.exe, 0.2038333333333333, , 0.005666666666666667, , 1033.561031
4159594.exe, 0.20416666666666664, , 0.005666666666666667, , 1030.6024
4159594.exe, 0.2038333333333333, , 0.0055000000000000005, , 1029.090409
4159594.exe, 0.20299999999999996, , 0.0055000000000000005, , 1028.604879
4159594.exe, 0.20416666666666664, , 0.0055000000000000005, , 1036.466094
4159594.exe, 0.2055, , 0.0055000000000000005, , 1030.413883
4159594.exe, 0.20466666666666666, , 0.0055000000000000005, , 1033.208684
4650304.exe, 0.12416666666666666, , 0.004333333333333333, , 667.310655
4650304.exe, 0.12483333333333334, , 0.004166666666666667, , 665.941655
4650304.exe, 0.12216666666666667, , 0.004166666666666667, , 657.198513
4650304.exe, 0.12383333333333332, , 0.004166666666666667, , 661.104134
4650304.exe, 0.12166666666666667, , 0.004, , 653.383021
4650304.exe, 0.12400000000000001, , 0.004166666666666667, , 660.496046
4650304.exe, 0.12116666666666667, , 0.004166666666666667, , 650.771119
4650304.exe, 0.12133333333333333, , 0.004166666666666667, , 653.135936
4650304.exe, 0.12066666666666666, , 0.004166666666666667, , 654.828359
4650304.exe, 0.12233333333333332, , 0.004166666666666667, , 652.917691
556438.exe, 0.37416666666666665, , 0.01, , 2024.466145
556438.exe, 0.37733333333333335, , 0.010000000000000002, , 2008.916753
556438.exe, 0.3796666666666667, , 0.010166666666666666, , 2020.404703
556438.exe, 0.37800000000000006, , 0.010166666666666666, , 2016.614156
556438.exe, 0.37566666666666665, , 0.009833333333333335, , 1997.37017
556438.exe, 0.3751666666666667, , 0.010000000000000002, , 2014.439051
556438.exe, 0.37899999999999995, , 0.009833333333333335, , 1997.249572
556438.exe, 0.3723333333333333, , 0.009666666666666667, , 1992.707416
556438.exe, 0.37499999999999994, , 0.010166666666666666, , 2013.615768
556438.exe, 0.37583333333333335, , 0.009833333333333335, , 2002.395997
6096802.exe, 0.357, , 0.009500000000000001, , 1912.898078
6096802.exe, 0.35700000000000004, , 0.009500000000000001, , 1912.944158
6096802.exe, 0.3595, , 0.009500000000000001, , 1920.857686
6096802.exe, 0.3576666666666667, , 0.009500000000000001, , 1908.89247
6096802.exe, 0.3565, , 0.009500000000000001, , 1911.714177
6096802.exe, 0.3558333333333333, , 0.009333333333333334, , 1905.645958
6096802.exe, 0.3553333333333333, , 0.009500000000000001, , 1905.498054
6096802.exe, 0.3549999999999999, , 0.009500000000000001, , 1908.665805
6096802.exe, 0.35533333333333333, , 0.009500000000000001, , 1907.233886
6096802.exe, 0.35700000000000004, , 0.009500000000000001, , 1909.140442
6116225.exe, 0.12000000000000002, , 0.004, , 645.814159
6116225.exe, 0.1195, , 0.004, , 642.2769
6116225.exe, 0.11933333333333332, , 0.004, , 645.402424
6116225.exe, 0.11866666666666668, , 0.003833333333333333, , 641.150647
6116225.exe, 0.11833333333333333, , 0.003833333333333333, , 639.948436
6116225.exe, 0.11800000000000002, , 0.004, , 640.557419
6116225.exe, 0.11916666666666666, , 0.004, , 640.879186
6116225.exe, 0.11850000000000001, , 0.004, , 644.330678
6116225.exe, 0.11800000000000001, , 0.003833333333333333, , 642.813873
6116225.exe, 0.11850000000000002, , 0.003833333333333333, , 642.835717
6387452.exe, 0.12200000000000001, , 0.004166666666666667, , 652.494014
6387452.exe, 0.11983333333333332, , 0.003833333333333333, , 644.306661
6387452.exe, 0.11900000000000001, , 0.003833333333333333, , 641.372811
6387452.exe, 0.1175, , 0.004, , 652.699987
6387452.exe, 0.11816666666666667, , 0.004166666666666667, , 643.60854
6387452.exe, 0.11883333333333333, , 0.003833333333333333, , 642.914489
6387452.exe, 0.11816666666666667, , 0.004, , 641.133453
6387452.exe, 0.12083333333333333, , 0.004, , 642.513292
6387452.exe, 0.11783333333333333, , 0.004, , 641.68958
6387452.exe, 0.11833333333333333, , 0.004, , 640.454298
6489020.exe, 0.11999999999999998, , 0.004, , 651.306845
6489020.exe, 0.11999999999999998, , 0.004, , 644.893086
6489020.exe, 0.11933333333333333, , 0.004, , 640.687455
6489020.exe, 0.119, , 0.004, , 639.645453
6489020.exe, 0.12666666666666665, , 0.004166666666666667, , 648.919281
6489020.exe, 0.11733333333333335, , 0.004, , 638.950289
6489020.exe, 0.11850000000000001, , 0.004, , 643.048585
6489020.exe, 0.12149999999999998, , 0.004166666666666667, , 645.830171
6489020.exe, 0.11750000000000001, , 0.004, , 639.376884
6489020.exe, 0.1295, , 0.004333333333333333, , 649.864853
689377.exe, 0.3026666666666666, , 0.013833333333333333, , 1594.85412
689377.exe, 0.2951666666666667, , 0.013000000000000001, , 1577.964052
689377.exe, 0.29350000000000004, , 0.012, , 1572.990175
689377.exe, 0.2843333333333333, , 0.010333333333333333, , 1532.851258
689377.exe, 0.27566666666666667, , 0.009333333333333334, , 1521.575421
689377.exe, 0.2673333333333333, , 0.0085, , 1502.8015
689377.exe, 0.2595, , 0.007833333333333335, , 1498.396017
689377.exe, 0.2575, , 0.007833333333333335, , 1489.261058
689377.exe, 0.2595, , 0.007666666666666667, , 1492.987893
689377.exe, 0.25666666666666665, , 0.007833333333333335, , 1490.464675
7137813.exe, 0.13533333333333333, , 0.005, , 759.632447
7137813.exe, 0.1345, , 0.005, , 756.746702
7137813.exe, 0.13533333333333336, , 0.005166666666666667, , 758.558762
7137813.exe, 0.13783333333333334, , 0.005166666666666667, , 771.608335
7137813.exe, 0.13516666666666666, , 0.005, , 758.992069
7137813.exe, 0.13566666666666669, , 0.005166666666666667, , 762.301384
7137813.exe, 0.13533333333333336, , 0.005166666666666667, , 760.478577
7137813.exe, 0.137, , 0.005, , 772.085176
7137813.exe, 0.1355, , 0.005, , 750.71963
7137813.exe, 0.13483333333333333, , 0.005, , 757.729725
7156796.exe, 0.13383333333333336, , 0.004666666666666667, , 740.933153
7156796.exe, 0.13383333333333333, , 0.004666666666666667, , 740.095886
7156796.exe, 0.13383333333333336, , 0.0045000000000000005, , 734.658935
7156796.exe, 0.13133333333333333, , 0.0045000000000000005, , 723.55424
7156796.exe, 0.13, , 0.0045000000000000005, , 720.810424
7156796.exe, 0.13766666666666666, , 0.0045000000000000005, , 758.195167
7156796.exe, 0.13116666666666668, , 0.0045000000000000005, , 726.008163
7156796.exe, 0.13, , 0.0045000000000000005, , 730.544367
7156796.exe, 0.13, , 0.0045000000000000005, , 722.360316
7156796.exe, 0.12833333333333333, , 0.0045000000000000005, , 722.996546
7169393.exe, 0.3515, , 0.009500000000000001, , 1910.765725
7169393.exe, 0.3473333333333333, , 0.009500000000000001, , 1902.599199
7169393.exe, 0.34400000000000003, , 0.009500000000000001, , 1904.528712
7169393.exe, 0.3453333333333334, , 0.009500000000000001, , 1902.228488
7169393.exe, 0.34600000000000003, , 0.009500000000000001, , 1900.740691
7169393.exe, 0.345, , 0.009500000000000001, , 1898.191294
7169393.exe, 0.3456666666666666, , 0.009500000000000001, , 1906.517937
7169393.exe, 0.3441666666666666, , 0.009333333333333334, , 1897.402105
7169393.exe, 0.3545, , 0.009500000000000001, , 1908.504931
7169393.exe, 0.3466666666666667, , 0.009500000000000001, , 1904.316138
7718795.exe, 0.11983333333333332, , 0.004166666666666667, , 656.617225
7718795.exe, 0.12016666666666669, , 0.004166666666666667, , 655.779371
7718795.exe, 0.12066666666666667, , 0.004, , 654.938594
7718795.exe, 0.12016666666666669, , 0.004166666666666667, , 658.069254
7718795.exe, 0.11850000000000001, , 0.004, , 653.949644
7718795.exe, 0.12016666666666669, , 0.004166666666666667, , 652.565417
7718795.exe, 0.12050000000000001, , 0.003833333333333333, , 651.922927
7718795.exe, 0.11983333333333332, , 0.004166666666666667, , 654.094985
7718795.exe, 0.1195, , 0.004, , 655.575057
7718795.exe, 0.11883333333333332, , 0.004166666666666667, , 649.283631
8269776.exe, 0.3541666666666667, , 0.009500000000000001, , 1915.490757
8269776.exe, 0.35183333333333333, , 0.009500000000000001, , 1914.240953
8269776.exe, 0.3515, , 0.009500000000000001, , 1911.979833
8269776.exe, 0.3506666666666666, , 0.009500000000000001, , 1911.080743
8269776.exe, 0.3518333333333334, , 0.009333333333333334, , 1911.590345
8269776.exe, 0.3511666666666667, , 0.009500000000000001, , 1910.148446
8269776.exe, 0.3471666666666667, , 0.009333333333333334, , 1909.124525
8269776.exe, 0.345, , 0.009333333333333334, , 1904.618069
8269776.exe, 0.35083333333333333, , 0.009500000000000001, , 1906.460201
8269776.exe, 0.3503333333333333, , 0.009500000000000001, , 1907.432131
8634018.exe, 0.11716666666666667, , 0.0038333333333333336, , 646.726586
8634018.exe, 0.11483333333333333, , 0.0036666666666666666, , 634.425353
8634018.exe, 0.12583333333333332, , 0.0038333333333333336, , 651.392696
8634018.exe, 0.11849999999999998, , 0.0038333333333333336, , 637.213153
8634018.exe, 0.11733333333333332, , 0.0036666666666666666, , 633.8858
8634018.exe, 0.1165, , 0.0036666666666666666, , 629.128774
8634018.exe, 0.11666666666666668, , 0.0036666666666666666, , 635.179587
8634018.exe, 0.11566666666666667, , 0.0036666666666666666, , 630.182967
8634018.exe, 0.11483333333333333, , 0.0036666666666666666, , 628.301823
8634018.exe, 0.11549999999999999, , 0.0036666666666666666, , 630.363903
879858.exe, 0.2675, , 0.007833333333333335, , 1516.661594
879858.exe, 0.26083333333333336, , 0.007833333333333335, , 1507.407967
879858.exe, 0.262, , 0.007833333333333335, , 1506.512955
879858.exe, 0.2626666666666667, , 0.007833333333333335, , 1507.142023
879858.exe, 0.2605, , 0.007833333333333335, , 1504.871561
879858.exe, 0.25966666666666666, , 0.007833333333333335, , 1507.084865
879858.exe, 0.25933333333333336, , 0.007833333333333335, , 1504.241237
879858.exe, 0.26683333333333337, , 0.007833333333333335, , 1506.88708
879858.exe, 0.27016666666666667, , 0.007833333333333335, , 1505.755934
879858.exe, 0.262, , 0.007833333333333335, , 1502.717707
