1168229.exe, 0.36133333333333334, , 0.008666666666666666, , 1788.809169
1168229.exe, 0.35916666666666675, , 0.008333333333333333, , 1701.580862
1168229.exe, 0.3605, , 0.008333333333333333, , 1702.40607
1168229.exe, 0.3605, , 0.008333333333333333, , 1707.507355
1168229.exe, 0.3605, , 0.008333333333333333, , 1705.547892
1168229.exe, 0.35866666666666663, , 0.008333333333333333, , 1702.038832
1168229.exe, 0.36200000000000004, , 0.0085, , 1703.959953
1168229.exe, 0.35933333333333334, , 0.008333333333333333, , 1710.950307
1168229.exe, 0.3575, , 0.008333333333333333, , 1701.486338
1168229.exe, 0.35583333333333333, , 0.008333333333333333, , 1698.216897
1239379.exe, 0.289, , 0.005833333333333333, , 1347.922875
1239379.exe, 0.287, , 0.005833333333333333, , 1349.366164
1239379.exe, 0.2876666666666667, , 0.005833333333333333, , 1346.044312
1239379.exe, 0.2886666666666666, , 0.005833333333333333, , 1349.108549
1239379.exe, 0.28933333333333333, , 0.005833333333333333, , 1350.664512
1239379.exe, 0.2871666666666667, , 0.005833333333333333, , 1348.967763
1239379.exe, 0.286, , 0.005833333333333333, , 1346.12397
1239379.exe, 0.2875, , 0.005833333333333333, , 1347.133597
1239379.exe, 0.28633333333333333, , 0.005833333333333333, , 1346.251705
1239379.exe, 0.28683333333333333, , 0.005833333333333333, , 1347.950896
1253440.exe, 0.11316666666666667, , 0.0026666666666666666, , 557.829587
1253440.exe, 0.11433333333333334, , 0.0026666666666666666, , 557.51027
1253440.exe, 0.11466666666666667, , 0.0026666666666666666, , 559.705562
1253440.exe, 0.11383333333333333, , 0.0026666666666666666, , 558.068946
1253440.exe, 0.11400000000000002, , 0.0025, , 558.295612
1253440.exe, 0.11483333333333332, , 0.0025, , 558.009301
1253440.exe, 0.11433333333333333, , 0.0026666666666666666, , 557.021803
1253440.exe, 0.11383333333333333, , 0.0025, , 557.112842
1253440.exe, 0.114, , 0.0026666666666666666, , 559.309231
1253440.exe, 0.11283333333333333, , 0.0025, , 557.521901
1363825.exe, 0.3578333333333333, , 0.020833333333333332, , 2127.87253
1363825.exe, 0.3588333333333333, , 0.020666666666666667, , 2122.584406
1363825.exe, 0.35833333333333334, , 0.020833333333333332, , 2125.59259
1363825.exe, 0.35700000000000004, , 0.0205, , 2125.542341
1363825.exe, 0.3615000000000001, , 0.020833333333333332, , 2132.067525
1363825.exe, 0.36216666666666675, , 0.020666666666666667, , 2128.675833
1363825.exe, 0.36166666666666664, , 0.020833333333333332, , 2128.765551
1363825.exe, 0.36166666666666664, , 0.020666666666666667, , 2131.636317
1363825.exe, 0.3611666666666667, , 0.020666666666666667, , 2128.50114
1363825.exe, 0.36033333333333334, , 0.020833333333333332, , 2128.570988
1373378.exe, 0.3845, , 0.02033333333333333, , 2212.807066
1373378.exe, 0.38466666666666666, , 0.02033333333333333, , 2205.634037
1373378.exe, 0.3858333333333334, , 0.020666666666666667, , 2218.579984
1373378.exe, 0.3863333333333333, , 0.020666666666666667, , 2218.168127
1373378.exe, 0.3895, , 0.02033333333333333, , 2218.281199
1373378.exe, 0.3885, , 0.0205, , 2209.648801
1373378.exe, 0.3855, , 0.0205, , 2209.324854
1373378.exe, 0.3865, , 0.020666666666666667, , 2211.483736
1373378.exe, 0.3878333333333333, , 0.02033333333333333, , 2212.396817
1373378.exe, 0.38433333333333325, , 0.0205, , 2211.14854
1380046.exe, 0.3858333333333333, , 0.008666666666666666, , 1931.278876
1380046.exe, 0.3851666666666667, , 0.008833333333333334, , 1921.537217
1380046.exe, 0.38366666666666666, , 0.008833333333333334, , 1917.897117
1380046.exe, 0.38833333333333336, , 0.009166666666666667, , 1949.840422
1380046.exe, 0.381, , 0.008666666666666666, , 1898.006053
1380046.exe, 0.383, , 0.008833333333333334, , 1918.630191
1380046.exe, 0.38683333333333336, , 0.009166666666666667, , 1945.929891
1380046.exe, 0.37733333333333335, , 0.008666666666666666, , 1892.653585
1380046.exe, 0.38666666666666666, , 0.009000000000000001, , 1940.453472
1380046.exe, 0.38649999999999995, , 0.008833333333333334, , 1941.399223
1405031.exe, 0.3193333333333333, , 0.007, , 1513.048907
1405031.exe, 0.31949999999999995, , 0.007, , 1511.885677
1405031.exe, 0.32016666666666665, , 0.006833333333333333, , 1513.105772
1405031.exe, 0.3186666666666666, , 0.006833333333333333, , 1513.980846
1405031.exe, 0.32016666666666665, , 0.007, , 1513.455018
1405031.exe, 0.31999999999999995, , 0.006833333333333333, , 1514.699951
1405031.exe, 0.32133333333333336, , 0.006833333333333333, , 1513.382157
1405031.exe, 0.31916666666666665, , 0.006833333333333333, , 1510.446405
1405031.exe, 0.32133333333333336, , 0.007, , 1511.307299
1405031.exe, 0.3218333333333333, , 0.007, , 1511.479332
