1251351.exe, 0.5445, , 0.029333333333333333, , 2717.12882
1251351.exe, 0.5396666666666667, , 0.029333333333333333, , 2679.167238
1251351.exe, 0.5423333333333333, , 0.029166666666666667, , 2676.697247
1251351.exe, 0.5468333333333334, , 0.029333333333333333, , 2681.620193
1251351.exe, 0.5418333333333332, , 0.029333333333333333, , 2677.374225
1251351.exe, 0.5431666666666666, , 0.029333333333333333, , 2678.658634
1251351.exe, 0.5425000000000001, , 0.029333333333333333, , 2679.843438
1251351.exe, 0.5389999999999999, , 0.029166666666666667, , 2678.561735
1251351.exe, 0.538, , 0.029166666666666667, , 2677.812924
1251351.exe, 0.539, , 0.029333333333333333, , 2680.216566
