1086590.exe, 0.138, , 0.002833333333333333, , 704.380684
1086590.exe, 0.138, , 0.0026666666666666666, , 664.132198
1086590.exe, 0.13833333333333334, , 0.0026666666666666666, , 660.976903
1086590.exe, 0.13783333333333334, , 0.0026666666666666666, , 662.758589
1086590.exe, 0.13783333333333336, , 0.0026666666666666666, , 661.465865
1086590.exe, 0.138, , 0.0026666666666666666, , 660.641835
1086590.exe, 0.13883333333333334, , 0.0026666666666666666, , 660.92791
1086590.exe, 0.13866666666666666, , 0.0026666666666666666, , 660.374143
1086590.exe, 0.1385, , 0.0026666666666666666, , 661.303197
1086590.exe, 0.14033333333333334, , 0.0026666666666666666, , 662.527966
1573990.exe, 0.543, , 0.029333333333333333, , 2678.99271
1573990.exe, 0.5463333333333332, , 0.029333333333333333, , 2682.004848
1573990.exe, 0.5446666666666666, , 0.029333333333333333, , 2680.536635
1573990.exe, 0.5423333333333332, , 0.029333333333333333, , 2678.239131
1573990.exe, 0.545, , 0.029333333333333333, , 2681.932139
1573990.exe, 0.5396666666666666, , 0.029333333333333333, , 2677.869126
1573990.exe, 0.5378333333333334, , 0.029333333333333333, , 2675.574696
1573990.exe, 0.5378333333333334, , 0.029333333333333333, , 2678.423835
1573990.exe, 0.5426666666666667, , 0.029333333333333333, , 2677.441626
1573990.exe, 0.5413333333333334, , 0.029333333333333333, , 2679.252268
2703189.exe, 0.481, , 0.02783333333333333, , 2397.453247
2703189.exe, 0.48116666666666663, , 0.028, , 2396.93865
2703189.exe, 0.47800000000000004, , 0.02783333333333333, , 2409.479632
2703189.exe, 0.48183333333333334, , 0.02783333333333333, , 2398.127453
2703189.exe, 0.47666666666666674, , 0.028, , 2394.697445
2703189.exe, 0.48183333333333334, , 0.028, , 2398.261672
2703189.exe, 0.48516666666666663, , 0.028, , 2396.296351
2703189.exe, 0.4778333333333333, , 0.028, , 2395.987571
2703189.exe, 0.47383333333333333, , 0.02783333333333333, , 2396.604691
2703189.exe, 0.48033333333333333, , 0.02783333333333333, , 2396.763503
3384818.exe, 0.642, , 0.021333333333333333, , 3414.695048
3384818.exe, 0.6410000000000001, , 0.021333333333333333, , 3402.085907
3384818.exe, 0.6411666666666667, , 0.021333333333333333, , 3403.033223
3384818.exe, 0.6465000000000001, , 0.021333333333333333, , 3406.076418
3384818.exe, 0.6348333333333334, , 0.021333333333333333, , 3402.213462
3384818.exe, 0.6256666666666668, , 0.021333333333333333, , 3402.005003
3384818.exe, 0.6276666666666666, , 0.021333333333333333, , 3403.354323
3384818.exe, 0.6291666666666668, , 0.021333333333333333, , 3402.082925
3384818.exe, 0.6283333333333334, , 0.021333333333333333, , 3404.751279
3384818.exe, 0.626, , 0.021333333333333333, , 3403.466782
4186402.exe, 0.36983333333333335, , 0.014666666666666666, , 1919.759055
4186402.exe, 0.3686666666666667, , 0.014666666666666666, , 1918.123025
4186402.exe, 0.3706666666666667, , 0.014666666666666666, , 1917.305207
4186402.exe, 0.3691666666666667, , 0.014666666666666666, , 1916.621108
4186402.exe, 0.37183333333333335, , 0.014666666666666666, , 1916.545532
4186402.exe, 0.37016666666666664, , 0.014666666666666666, , 1917.755725
4186402.exe, 0.37083333333333335, , 0.014666666666666666, , 1916.629426
4186402.exe, 0.372, , 0.014666666666666666, , 1918.03748
4186402.exe, 0.3725, , 0.014666666666666666, , 1916.742745
4186402.exe, 0.3698333333333333, , 0.014666666666666666, , 1916.453749
4374179.exe, 0.527, , 0.029333333333333333, , 2683.506859
4374179.exe, 0.5283333333333333, , 0.029333333333333333, , 2683.439379
4374179.exe, 0.5275, , 0.029333333333333333, , 2684.765619
4374179.exe, 0.5306666666666666, , 0.029333333333333333, , 2684.592374
4374179.exe, 0.5315000000000001, , 0.029333333333333333, , 2684.502808
4374179.exe, 0.5321666666666666, , 0.029333333333333333, , 2684.914092
4374179.exe, 0.5306666666666666, , 0.029333333333333333, , 2684.950699
4374179.exe, 0.5336666666666666, , 0.029333333333333333, , 2684.028744
4374179.exe, 0.5323333333333333, , 0.029333333333333333, , 2685.947483
4374179.exe, 0.5338333333333334, , 0.029333333333333333, , 2687.084268
4502274.exe, 0.1996666666666667, , 0.004, , 927.381582
4502274.exe, 0.19833333333333333, , 0.004, , 927.645744
4502274.exe, 0.19866666666666666, , 0.004, , 926.820722
4502274.exe, 0.1995, , 0.004, , 926.716002
4502274.exe, 0.20033333333333334, , 0.004, , 928.091518
4502274.exe, 0.1991666666666667, , 0.004, , 927.871613
4502274.exe, 0.1991666666666667, , 0.004, , 928.720271
4502274.exe, 0.1995, , 0.004, , 927.406634
4502274.exe, 0.19866666666666669, , 0.004, , 926.181187
4502274.exe, 0.19883333333333336, , 0.004, , 927.657014
4955200.exe, 0.4818333333333334, , 0.028, , 2478.048612
4955200.exe, 0.47933333333333333, , 0.028, , 2474.889186
4955200.exe, 0.48116666666666663, , 0.028, , 2476.48644
4955200.exe, 0.4856666666666667, , 0.028, , 2479.585936
4955200.exe, 0.4878333333333333, , 0.028, , 2476.010254
4955200.exe, 0.49500000000000005, , 0.028333333333333332, , 2479.331731
4955200.exe, 0.5001666666666668, , 0.0285, , 2487.03459
4955200.exe, 0.5683333333333334, , 0.04016666666666667, , 2770.36408
4955200.exe, 0.5438333333333334, , 0.036833333333333336, , 2682.952296
4955200.exe, 0.5173333333333333, , 0.0325, , 2584.064132
5156250.exe, 0.533, , 0.029666666666666668, , 2692.666552
5156250.exe, 0.5253333333333334, , 0.029333333333333333, , 2701.152361
5156250.exe, 0.5226666666666666, , 0.029333333333333333, , 2681.945829
5156250.exe, 0.527, , 0.029333333333333333, , 2686.313246
5156250.exe, 0.5265000000000001, , 0.029333333333333333, , 2692.07842
5156250.exe, 0.5258333333333334, , 0.029333333333333333, , 2680.949203
5156250.exe, 0.5306666666666666, , 0.029333333333333333, , 2687.472478
5156250.exe, 0.5323333333333333, , 0.029333333333333333, , 2679.436926
5156250.exe, 0.5393333333333333, , 0.029333333333333333, , 2689.637887
5156250.exe, 0.5318333333333334, , 0.029333333333333333, , 2725.098614
5481495.exe, 0.1411666666666667, , 0.0026666666666666666, , 663.036956
5481495.exe, 0.14049999999999996, , 0.0026666666666666666, , 661.755054
5481495.exe, 0.1421666666666667, , 0.0026666666666666666, , 661.435042
5481495.exe, 0.14300000000000004, , 0.0026666666666666666, , 661.539023
5481495.exe, 0.1421666666666667, , 0.0026666666666666666, , 661.24845
5481495.exe, 0.14250000000000002, , 0.0026666666666666666, , 661.841921
5481495.exe, 0.14016666666666666, , 0.002833333333333333, , 677.666897
5481495.exe, 0.14183333333333337, , 0.0026666666666666666, , 661.373816
5481495.exe, 0.1421666666666667, , 0.0026666666666666666, , 661.767541
5481495.exe, 0.14266666666666666, , 0.0026666666666666666, , 661.99465
5599936.exe, 0.5273333333333333, , 0.029333333333333333, , 2682.173781
5599936.exe, 0.5383333333333333, , 0.029500000000000002, , 2713.984425
5599936.exe, 0.5458333333333333, , 0.029500000000000002, , 2722.576462
5599936.exe, 0.5359999999999999, , 0.029500000000000002, , 2716.758275
5599936.exe, 0.5315, , 0.029333333333333333, , 2685.537906
5599936.exe, 0.5356666666666666, , 0.029500000000000002, , 2710.722685
5599936.exe, 0.5343333333333332, , 0.029333333333333333, , 2705.654172
5599936.exe, 0.5311666666666667, , 0.029500000000000002, , 2708.23714
5599936.exe, 0.53, , 0.029333333333333333, , 2680.049884
5599936.exe, 0.536, , 0.029333333333333333, , 2703.054328
5696434.exe, 0.41150000000000003, , 0.016, , 2177.514282
5696434.exe, 0.41333333333333333, , 0.016, , 2178.287959
5696434.exe, 0.4101666666666666, , 0.016, , 2177.121581
5696434.exe, 0.4136666666666667, , 0.016, , 2177.084461
5696434.exe, 0.4201666666666667, , 0.016, , 2181.345756
5696434.exe, 0.41516666666666674, , 0.016, , 2174.819344
5696434.exe, 0.4146666666666666, , 0.016, , 2178.41715
5696434.exe, 0.4161666666666667, , 0.016, , 2178.917149
5696434.exe, 0.41733333333333333, , 0.016, , 2181.453183
5696434.exe, 0.414, , 0.016, , 2181.613254
5818310.exe, 0.28933333333333333, , 0.006666666666666666, , 1452.659384
5818310.exe, 0.29, , 0.006666666666666666, , 1453.469495
5818310.exe, 0.28983333333333333, , 0.006666666666666666, , 1452.383506
5818310.exe, 0.28883333333333333, , 0.006666666666666666, , 1450.577399
5818310.exe, 0.2896666666666667, , 0.006666666666666666, , 1451.497624
5818310.exe, 0.2981666666666667, , 0.006666666666666666, , 1454.723909
5818310.exe, 0.29150000000000004, , 0.006666666666666666, , 1452.488342
5818310.exe, 0.28950000000000004, , 0.006666666666666666, , 1451.964243
5818310.exe, 0.289, , 0.006666666666666666, , 1450.044827
5818310.exe, 0.2886666666666667, , 0.006666666666666666, , 1451.120083
