1499617.exe, 0.19083333333333333, , 0.01, , 1029.597791
1499617.exe, 0.18949999999999997, , 0.009666666666666665, , 946.785148
1499617.exe, 0.18916666666666665, , 0.009666666666666665, , 945.547839
1499617.exe, 0.18716666666666668, , 0.009666666666666665, , 946.1275
1499617.exe, 0.18816666666666665, , 0.009666666666666665, , 945.687072
1499617.exe, 0.18766666666666668, , 0.009666666666666665, , 944.966365
1499617.exe, 0.18783333333333332, , 0.009666666666666665, , 946.559945
1499617.exe, 0.18783333333333332, , 0.009666666666666665, , 945.392769
1499617.exe, 0.18616666666666667, , 0.009666666666666665, , 945.112117
1499617.exe, 0.18699999999999997, , 0.009666666666666665, , 946.070874
193506.exe, 0.3283333333333333, , 0.012166666666666668, , 1696.847964
193506.exe, 0.32466666666666666, , 0.012166666666666668, , 1695.270903
193506.exe, 0.3268333333333333, , 0.012000000000000002, , 1701.269764
193506.exe, 0.3228333333333333, , 0.012166666666666668, , 1702.820844
193506.exe, 0.3236666666666667, , 0.012166666666666668, , 1714.025045
193506.exe, 0.32366666666666666, , 0.012333333333333335, , 1697.863213
193506.exe, 0.32316666666666666, , 0.012333333333333335, , 1700.640558
193506.exe, 0.3238333333333333, , 0.012166666666666668, , 1701.394829
193506.exe, 0.3228333333333333, , 0.012000000000000002, , 1697.107811
193506.exe, 0.32433333333333336, , 0.012166666666666668, , 1706.325037
202900.exe, 0.09700000000000002, , 0.0045000000000000005, , 490.293262
202900.exe, 0.09516666666666666, , 0.0045000000000000005, , 489.383489
202900.exe, 0.09566666666666666, , 0.0045000000000000005, , 489.206169
202900.exe, 0.09549999999999999, , 0.0045000000000000005, , 489.179783
202900.exe, 0.09533333333333334, , 0.0045000000000000005, , 490.580322
202900.exe, 0.09566666666666666, , 0.0045000000000000005, , 489.364429
202900.exe, 0.09499999999999999, , 0.0045000000000000005, , 489.590677
202900.exe, 0.09566666666666666, , 0.0045000000000000005, , 490.929246
202900.exe, 0.09583333333333334, , 0.0045000000000000005, , 488.846695
202900.exe, 0.0955, , 0.0045000000000000005, , 489.20386
2387311.exe, 0.1635, , 0.007333333333333334, , 831.804252
2387311.exe, 0.16383333333333333, , 0.0075000000000000015, , 836.746801
2387311.exe, 0.16366666666666668, , 0.0075000000000000015, , 834.237807
2387311.exe, 0.16416666666666668, , 0.007833333333333335, , 834.516118
2387311.exe, 0.16483333333333333, , 0.007500000000000001, , 833.770497
2387311.exe, 0.16566666666666666, , 0.007666666666666666, , 835.079165
2387311.exe, 0.16266666666666665, , 0.007833333333333333, , 834.836516
2387311.exe, 0.16533333333333333, , 0.007666666666666666, , 837.732992
2387311.exe, 0.16616666666666668, , 0.007666666666666667, , 836.114648
2387311.exe, 0.16333333333333336, , 0.007666666666666667, , 835.066408
2897120.exe, 0.14883333333333332, , 0.006500000000000001, , 753.264395
2897120.exe, 0.1485, , 0.006500000000000001, , 754.684157
2897120.exe, 0.14900000000000002, , 0.006500000000000001, , 754.256125
2897120.exe, 0.149, , 0.006500000000000001, , 755.976954
2897120.exe, 0.15183333333333335, , 0.006500000000000001, , 756.561713
2897120.exe, 0.15, , 0.006500000000000001, , 754.272037
2897120.exe, 0.14900000000000002, , 0.006500000000000001, , 754.778475
2897120.exe, 0.14950000000000002, , 0.006500000000000001, , 750.601623
2897120.exe, 0.1505, , 0.006500000000000001, , 754.627909
2897120.exe, 0.15083333333333335, , 0.006500000000000001, , 757.359722
3647296.exe, 0.13866666666666663, , 0.008, , 685.317713
3647296.exe, 0.13899999999999998, , 0.008, , 683.852888
3647296.exe, 0.13899999999999998, , 0.008, , 689.755216
3647296.exe, 0.13899999999999996, , 0.008, , 688.033364
3647296.exe, 0.14116666666666663, , 0.008, , 690.211663
3647296.exe, 0.13866666666666663, , 0.008, , 688.198127
3647296.exe, 0.1381666666666667, , 0.008, , 685.880237
3647296.exe, 0.14016666666666666, , 0.008, , 687.977575
3647296.exe, 0.13799999999999998, , 0.008, , 687.512889
3647296.exe, 0.13999999999999999, , 0.008, , 684.397035
4154710.exe, 0.17066666666666663, , 0.0095, , 859.52867
4154710.exe, 0.1716666666666667, , 0.009333333333333332, , 857.937517
4154710.exe, 0.17283333333333334, , 0.009666666666666665, , 858.966604
4154710.exe, 0.17266666666666666, , 0.0095, , 857.119437
4154710.exe, 0.17300000000000001, , 0.009833333333333333, , 858.171503
4154710.exe, 0.17316666666666666, , 0.009666666666666665, , 861.406306
4154710.exe, 0.1726666666666667, , 0.009833333333333333, , 860.838437
4154710.exe, 0.1726666666666667, , 0.009833333333333333, , 860.936238
4154710.exe, 0.17200000000000001, , 0.009833333333333333, , 858.773247
4154710.exe, 0.1716666666666667, , 0.009833333333333333, , 862.126024
481529.exe, 0.17783333333333334, , 0.006333333333333334, , 872.833653
481529.exe, 0.17716666666666667, , 0.006333333333333334, , 872.011978
481529.exe, 0.17650000000000002, , 0.006333333333333334, , 872.203809
481529.exe, 0.17733333333333334, , 0.006333333333333334, , 871.707777
481529.exe, 0.17683333333333331, , 0.006333333333333334, , 873.981406
481529.exe, 0.17716666666666667, , 0.006333333333333334, , 873.132557
481529.exe, 0.17733333333333334, , 0.006333333333333334, , 873.953792
481529.exe, 0.18000000000000002, , 0.006500000000000001, , 875.422114
481529.exe, 0.17783333333333337, , 0.006333333333333334, , 874.990722
481529.exe, 0.17600000000000002, , 0.006333333333333334, , 872.728539
5183347.exe, 0.49533333333333335, , 0.019, , 2460.809464
5183347.exe, 0.4976666666666667, , 0.018666666666666665, , 2464.021736
5183347.exe, 0.497, , 0.019, , 2464.834945
5183347.exe, 0.49283333333333335, , 0.0185, , 2460.707348
5183347.exe, 0.494, , 0.019, , 2468.856142
5183347.exe, 0.49150000000000005, , 0.018666666666666665, , 2456.605251
5183347.exe, 0.49333333333333335, , 0.019, , 2474.890432
5183347.exe, 0.49116666666666664, , 0.019, , 2467.63408
5183347.exe, 0.49500000000000005, , 0.018666666666666665, , 2462.767708
5183347.exe, 0.4986666666666667, , 0.01883333333333333, , 2460.384391
6322295.exe, 0.16433333333333336, , 0.0061666666666666675, , 827.388271
6322295.exe, 0.16316666666666668, , 0.005666666666666667, , 821.530424
6322295.exe, 0.16316666666666665, , 0.005833333333333334, , 823.123789
6322295.exe, 0.16533333333333333, , 0.005666666666666667, , 821.713976
6322295.exe, 0.16483333333333333, , 0.005666666666666667, , 822.044896
6322295.exe, 0.1638333333333333, , 0.0055000000000000005, , 821.988638
6322295.exe, 0.16416666666666663, , 0.005666666666666667, , 820.915698
6322295.exe, 0.1638333333333333, , 0.005833333333333334, , 822.508018
6322295.exe, 0.164, , 0.005833333333333334, , 821.905931
6322295.exe, 0.16383333333333333, , 0.005666666666666667, , 821.984588
6322717.exe, 0.2833333333333333, , 0.011500000000000002, , 1507.388437
6322717.exe, 0.2831666666666667, , 0.011333333333333334, , 1508.57811
6322717.exe, 0.2833333333333333, , 0.011333333333333334, , 1509.187462
6322717.exe, 0.28400000000000003, , 0.011333333333333334, , 1508.598279
6322717.exe, 0.2816666666666666, , 0.011333333333333334, , 1507.364275
6322717.exe, 0.2836666666666667, , 0.011333333333333334, , 1504.806864
6322717.exe, 0.28099999999999997, , 0.011500000000000002, , 1511.103771
6322717.exe, 0.28200000000000003, , 0.011333333333333334, , 1509.357842
6322717.exe, 0.28300000000000003, , 0.011666666666666667, , 1506.813823
6322717.exe, 0.28450000000000003, , 0.011333333333333334, , 1508.173313
6623355.exe, 0.22983333333333336, , 0.009000000000000001, , 1203.475034
6623355.exe, 0.22966666666666669, , 0.009000000000000001, , 1201.504217
6623355.exe, 0.23, , 0.009000000000000001, , 1201.225719
6623355.exe, 0.2298333333333333, , 0.009166666666666665, , 1201.794851
6623355.exe, 0.23083333333333333, , 0.009000000000000001, , 1201.974491
6623355.exe, 0.23083333333333333, , 0.009000000000000001, , 1203.150414
6623355.exe, 0.229, , 0.009000000000000001, , 1199.022157
6623355.exe, 0.22816666666666668, , 0.009000000000000001, , 1198.349049
6623355.exe, 0.22900000000000004, , 0.009000000000000001, , 1200.334038
6623355.exe, 0.22850000000000004, , 0.009000000000000001, , 1199.698136
6645661.exe, 0.1383333333333333, , 0.0055000000000000005, , 699.924688
6645661.exe, 0.13783333333333334, , 0.0055000000000000005, , 703.10587
6645661.exe, 0.13766666666666666, , 0.0055000000000000005, , 701.304813
6645661.exe, 0.13766666666666666, , 0.0055000000000000005, , 701.664286
6645661.exe, 0.1385, , 0.0055000000000000005, , 701.961966
6645661.exe, 0.13766666666666666, , 0.0055000000000000005, , 700.494571
6645661.exe, 0.13733333333333334, , 0.0055000000000000005, , 699.803628
6645661.exe, 0.13766666666666666, , 0.0055000000000000005, , 700.603489
6645661.exe, 0.13649999999999998, , 0.0055000000000000005, , 699.943555
6645661.exe, 0.13733333333333334, , 0.0055000000000000005, , 700.416962
7298136.exe, 0.35350000000000004, , 0.01566666666666667, , 1954.708461
7298136.exe, 0.3543333333333333, , 0.01566666666666667, , 1956.121664
7298136.exe, 0.35616666666666663, , 0.01566666666666667, , 1958.461446
7298136.exe, 0.35633333333333334, , 0.01566666666666667, , 1959.472166
7298136.exe, 0.352, , 0.01566666666666667, , 1953.292055
7298136.exe, 0.36616666666666664, , 0.01616666666666667, , 1966.121993
7298136.exe, 0.35750000000000004, , 0.015833333333333335, , 1954.87466
7298136.exe, 0.3638333333333333, , 0.016, , 1962.074274
7298136.exe, 0.41350000000000003, , 0.024333333333333332, , 2159.948724
7298136.exe, 0.4053333333333333, , 0.023500000000000004, , 2121.912389
7372279.exe, 0.1535, , 0.008166666666666666, , 760.618245
7372279.exe, 0.14966666666666667, , 0.007333333333333334, , 753.537654
7372279.exe, 0.1485, , 0.007333333333333334, , 747.138929
7372279.exe, 0.14716666666666667, , 0.007000000000000001, , 737.745782
7372279.exe, 0.14416666666666667, , 0.006666666666666667, , 731.952213
7372279.exe, 0.14316666666666666, , 0.006666666666666667, , 729.383512
7372279.exe, 0.14033333333333334, , 0.006333333333333334, , 726.484649
7372279.exe, 0.13983333333333334, , 0.006333333333333334, , 725.955623
7372279.exe, 0.14033333333333334, , 0.006333333333333334, , 730.277803
7372279.exe, 0.14016666666666666, , 0.006333333333333334, , 726.660947
7372799.exe, 0.20566666666666666, , 0.006500000000000001, , 1058.457889
7372799.exe, 0.2061666666666667, , 0.006500000000000001, , 1058.656066
7372799.exe, 0.20566666666666666, , 0.006500000000000001, , 1059.283064
7372799.exe, 0.20683333333333334, , 0.006500000000000001, , 1058.010745
7372799.exe, 0.2065, , 0.006500000000000001, , 1057.635898
7372799.exe, 0.20566666666666666, , 0.006500000000000001, , 1057.213679
7372799.exe, 0.20766666666666664, , 0.006500000000000001, , 1055.091835
7372799.exe, 0.21233333333333332, , 0.006666666666666667, , 1062.270969
7372799.exe, 0.20583333333333328, , 0.006500000000000001, , 1057.555861
7372799.exe, 0.2065, , 0.006500000000000001, , 1059.088962
7629352.exe, 0.23800000000000002, , 0.010833333333333334, , 1238.407633
7629352.exe, 0.23850000000000002, , 0.010833333333333334, , 1241.35585
7629352.exe, 0.2375, , 0.0105, , 1237.444969
7629352.exe, 0.2375, , 0.010666666666666666, , 1237.503138
7629352.exe, 0.23983333333333337, , 0.010666666666666666, , 1239.786792
7629352.exe, 0.2385, , 0.010666666666666666, , 1238.89294
7629352.exe, 0.2391666666666667, , 0.010833333333333334, , 1239.819093
7629352.exe, 0.23966666666666664, , 0.010833333333333334, , 1239.740094
7629352.exe, 0.23866666666666667, , 0.0105, , 1238.390888
7629352.exe, 0.23800000000000002, , 0.010666666666666666, , 1240.575993
8183565.exe, 0.48550000000000004, , 0.015833333333333335, , 2508.136517
8183565.exe, 0.4961666666666667, , 0.015833333333333335, , 2512.025543
8183565.exe, 0.4861666666666667, , 0.015833333333333335, , 2507.631688
8183565.exe, 0.4856666666666667, , 0.015833333333333335, , 2504.525666
8183565.exe, 0.4888333333333333, , 0.015833333333333335, , 2512.251793
8183565.exe, 0.4870000000000001, , 0.015833333333333335, , 2510.75269
8183565.exe, 0.487, , 0.015833333333333335, , 2508.73718
8183565.exe, 0.48483333333333334, , 0.015833333333333335, , 2502.513214
8183565.exe, 0.489, , 0.015833333333333335, , 2510.559032
8183565.exe, 0.48650000000000004, , 0.015833333333333335, , 2500.458341
8335978.exe, 0.44266666666666665, , 0.012333333333333333, , 2293.950248
8335978.exe, 0.44150000000000006, , 0.012333333333333333, , 2290.989522
8335978.exe, 0.4421666666666667, , 0.012333333333333333, , 2288.669976
8335978.exe, 0.44299999999999995, , 0.012333333333333333, , 2293.133933
8335978.exe, 0.4436666666666667, , 0.012333333333333333, , 2290.938578
8335978.exe, 0.44483333333333336, , 0.0125, , 2295.004778
8335978.exe, 0.4436666666666666, , 0.012333333333333333, , 2294.098946
8335978.exe, 0.4438333333333333, , 0.012333333333333333, , 2293.650692
8335978.exe, 0.4438333333333333, , 0.012333333333333333, , 2290.465367
8335978.exe, 0.44533333333333336, , 0.012333333333333333, , 2292.809696
904018.exe, 0.142, , 0.006333333333333334, , 737.123852
904018.exe, 0.1425, , 0.006333333333333334, , 740.111986
904018.exe, 0.14266666666666666, , 0.006333333333333334, , 736.926622
904018.exe, 0.14400000000000002, , 0.006333333333333334, , 739.865568
904018.exe, 0.14333333333333337, , 0.006333333333333334, , 738.812958
904018.exe, 0.1423333333333333, , 0.006333333333333334, , 737.256149
904018.exe, 0.143, , 0.006333333333333334, , 738.917986
904018.exe, 0.14400000000000002, , 0.006333333333333334, , 739.90794
904018.exe, 0.14316666666666666, , 0.006333333333333334, , 739.253079
904018.exe, 0.14416666666666667, , 0.006333333333333334, , 745.750113
