1033658.exe, 0.225, , 0.007833333333333335, , 1169.117786
1033658.exe, 0.22066666666666668, , 0.0075000000000000015, , 1123.396655
1033658.exe, 0.22216666666666665, , 0.0075000000000000015, , 1124.034245
1033658.exe, 0.22199999999999998, , 0.0075000000000000015, , 1125.913947
1033658.exe, 0.22266666666666662, , 0.0075000000000000015, , 1125.086279
1033658.exe, 0.22216666666666665, , 0.0075000000000000015, , 1123.34845
1033658.exe, 0.22133333333333333, , 0.0075000000000000015, , 1126.553154
1033658.exe, 0.22266666666666662, , 0.0075000000000000015, , 1124.309945
1033658.exe, 0.22716666666666666, , 0.0075000000000000015, , 1124.877759
1033658.exe, 0.22149999999999997, , 0.0075000000000000015, , 1123.644254
1161783.exe, 0.18899999999999997, , 0.006000000000000001, , 949.299024
1161783.exe, 0.1888333333333333, , 0.006000000000000001, , 948.662567
1161783.exe, 0.18783333333333332, , 0.005833333333333334, , 947.869613
1161783.exe, 0.18866666666666668, , 0.006000000000000001, , 948.280618
1161783.exe, 0.18816666666666665, , 0.005833333333333334, , 947.036873
1161783.exe, 0.188, , 0.005833333333333334, , 948.054035
1161783.exe, 0.18933333333333333, , 0.005833333333333334, , 949.286812
1161783.exe, 0.1893333333333333, , 0.006000000000000001, , 949.079946
1161783.exe, 0.18849999999999997, , 0.006000000000000001, , 947.977046
1161783.exe, 0.18849999999999997, , 0.005666666666666667, , 948.556187
1200749.exe, 0.20800000000000002, , 0.006500000000000001, , 1054.405104
1200749.exe, 0.20683333333333334, , 0.006500000000000001, , 1055.016289
1200749.exe, 0.2055, , 0.006500000000000001, , 1053.857242
1200749.exe, 0.2063333333333333, , 0.006500000000000001, , 1054.79645
1200749.exe, 0.20683333333333334, , 0.006500000000000001, , 1056.056001
1200749.exe, 0.206, , 0.006500000000000001, , 1055.67979
1200749.exe, 0.20583333333333328, , 0.006500000000000001, , 1053.141379
1200749.exe, 0.2048333333333333, , 0.006500000000000001, , 1054.401216
1200749.exe, 0.2045, , 0.006500000000000001, , 1056.314761
1200749.exe, 0.20533333333333334, , 0.006500000000000001, , 1053.764249
1325505.exe, 0.3013333333333333, , 0.010166666666666666, , 1619.811992
1325505.exe, 0.3026666666666667, , 0.010333333333333333, , 1628.550383
1325505.exe, 0.30166666666666664, , 0.010166666666666666, , 1619.210234
1325505.exe, 0.30033333333333334, , 0.010166666666666666, , 1619.174831
1325505.exe, 0.2975, , 0.010166666666666666, , 1615.988162
1325505.exe, 0.29933333333333334, , 0.010166666666666666, , 1618.148745
1325505.exe, 0.30050000000000004, , 0.010166666666666666, , 1617.430433
1325505.exe, 0.29950000000000004, , 0.010166666666666666, , 1619.404755
1325505.exe, 0.2998333333333333, , 0.010166666666666666, , 1620.885992
1325505.exe, 0.2983333333333333, , 0.010166666666666666, , 1616.223305
1335271.exe, 0.13949999999999999, , 0.006333333333333334, , 725.597709
1335271.exe, 0.14016666666666666, , 0.006333333333333334, , 725.542239
1335271.exe, 0.14100000000000001, , 0.006333333333333334, , 725.502754
1335271.exe, 0.14033333333333334, , 0.006333333333333334, , 726.351082
1335271.exe, 0.14133333333333334, , 0.006333333333333334, , 725.260555
1335271.exe, 0.14166666666666666, , 0.006333333333333334, , 724.66503
1335271.exe, 0.1396666666666667, , 0.006500000000000001, , 748.372675
1335271.exe, 0.14183333333333334, , 0.006333333333333334, , 726.800684
1335271.exe, 0.142, , 0.006333333333333334, , 726.664246
1335271.exe, 0.142, , 0.006333333333333334, , 725.912892
1505641.exe, 0.14766666666666667, , 0.006000000000000001, , 760.594093
1505641.exe, 0.14950000000000002, , 0.005666666666666667, , 747.866862
1505641.exe, 0.148, , 0.005666666666666667, , 746.583002
1505641.exe, 0.14766666666666667, , 0.0055000000000000005, , 747.028685
1505641.exe, 0.14816666666666664, , 0.005833333333333334, , 746.672418
1505641.exe, 0.14883333333333332, , 0.005833333333333334, , 746.876683
1505641.exe, 0.14933333333333335, , 0.005833333333333334, , 747.040485
1505641.exe, 0.14866666666666664, , 0.005666666666666667, , 745.413529
1505641.exe, 0.1485, , 0.0055000000000000005, , 747.176318
1505641.exe, 0.15, , 0.006000000000000001, , 747.364476
1542189.exe, 0.4801666666666667, , 0.016000000000000004, , 2458.997206
1542189.exe, 0.47900000000000004, , 0.015833333333333335, , 2445.005469
1542189.exe, 0.4778333333333334, , 0.015833333333333335, , 2442.464792
1542189.exe, 0.47633333333333333, , 0.015833333333333335, , 2444.484602
1542189.exe, 0.48033333333333333, , 0.015833333333333335, , 2443.016406
1542189.exe, 0.47816666666666663, , 0.015833333333333335, , 2444.884777
1542189.exe, 0.4813333333333334, , 0.015833333333333335, , 2451.680354
1542189.exe, 0.48283333333333334, , 0.016, , 2447.39688
1542189.exe, 0.4848333333333334, , 0.016000000000000004, , 2452.496597
1542189.exe, 0.48283333333333334, , 0.015833333333333335, , 2453.866425
1631151.exe, 0.16466666666666668, , 0.008833333333333334, , 827.306858
1631151.exe, 0.16566666666666666, , 0.008833333333333334, , 825.241181
1631151.exe, 0.16783333333333333, , 0.008833333333333334, , 830.450438
1631151.exe, 0.16816666666666666, , 0.008833333333333334, , 829.91927
1631151.exe, 0.166, , 0.008833333333333334, , 825.70314
1631151.exe, 0.16533333333333336, , 0.008833333333333334, , 825.564244
1631151.exe, 0.16566666666666666, , 0.008833333333333334, , 824.207744
1631151.exe, 0.16666666666666666, , 0.008833333333333334, , 827.259526
1631151.exe, 0.16733333333333336, , 0.008833333333333334, , 827.458647
1631151.exe, 0.16766666666666669, , 0.008833333333333334, , 832.58494
1856669.exe, 0.5793333333333334, , 0.025, , 3060.552883
1856669.exe, 0.5763333333333333, , 0.025, , 3053.972256
1856669.exe, 0.5793333333333333, , 0.025, , 3053.800432
1856669.exe, 0.5813333333333334, , 0.025, , 3058.344762
1856669.exe, 0.577, , 0.025, , 3056.401176
1856669.exe, 0.5770000000000001, , 0.025, , 3061.394615
1856669.exe, 0.5768333333333333, , 0.025, , 3057.201088
1856669.exe, 0.5806666666666668, , 0.025, , 3056.888102
1856669.exe, 0.577, , 0.025, , 3059.060772
1856669.exe, 0.5801666666666667, , 0.025, , 3059.476019
1963015.exe, 0.15083333333333335, , 0.006333333333333334, , 767.719373
1963015.exe, 0.15033333333333332, , 0.006333333333333334, , 766.363204
1963015.exe, 0.14983333333333335, , 0.006333333333333334, , 765.530158
1963015.exe, 0.15066666666666667, , 0.006333333333333334, , 766.970786
1963015.exe, 0.1501666666666667, , 0.006333333333333334, , 766.501823
1963015.exe, 0.14900000000000002, , 0.006333333333333334, , 768.833482
1963015.exe, 0.148, , 0.006333333333333334, , 765.468696
1963015.exe, 0.15033333333333332, , 0.006333333333333334, , 771.638662
1963015.exe, 0.15, , 0.006333333333333334, , 766.044535
1963015.exe, 0.14950000000000002, , 0.006333333333333334, , 768.241126
198113.exe, 0.17016666666666666, , 0.006500000000000001, , 870.229375
198113.exe, 0.17099999999999999, , 0.006500000000000001, , 870.205224
198113.exe, 0.16983333333333334, , 0.006500000000000001, , 868.408535
198113.exe, 0.17066666666666663, , 0.006666666666666667, , 869.736966
198113.exe, 0.17233333333333334, , 0.006666666666666667, , 869.029552
198113.exe, 0.17149999999999999, , 0.006666666666666667, , 868.684233
198113.exe, 0.17116666666666666, , 0.006500000000000001, , 867.340018
198113.exe, 0.17233333333333334, , 0.006500000000000001, , 867.999675
198113.exe, 0.17166666666666666, , 0.006500000000000001, , 869.193561
198113.exe, 0.17016666666666666, , 0.006666666666666667, , 866.905287
1981694.exe, 0.13766666666666666, , 0.0055000000000000005, , 698.874179
1981694.exe, 0.13883333333333334, , 0.0055000000000000005, , 701.05457
1981694.exe, 0.13783333333333334, , 0.0055000000000000005, , 700.065272
1981694.exe, 0.13849999999999998, , 0.0055000000000000005, , 700.766865
1981694.exe, 0.13949999999999999, , 0.0055000000000000005, , 702.985959
1981694.exe, 0.13849999999999998, , 0.0055000000000000005, , 698.769378
1981694.exe, 0.13966666666666666, , 0.005833333333333334, , 726.865169
1981694.exe, 0.1385, , 0.0055000000000000005, , 702.150975
1981694.exe, 0.13833333333333334, , 0.0055000000000000005, , 699.675585
1981694.exe, 0.13816666666666666, , 0.0055000000000000005, , 699.113767
2124644.exe, 0.44866666666666677, , 0.0125, , 2263.657153
2124644.exe, 0.45616666666666666, , 0.012833333333333334, , 2269.862224
2124644.exe, 0.45633333333333337, , 0.012666666666666666, , 2273.075625
2124644.exe, 0.4878333333333333, , 0.019000000000000003, , 2370.190438
2124644.exe, 0.49216666666666664, , 0.021166666666666667, , 2387.289468
2124644.exe, 0.47683333333333333, , 0.01833333333333333, , 2341.337372
2124644.exe, 0.46016666666666667, , 0.01566666666666667, , 2300.813136
2124644.exe, 0.44566666666666666, , 0.013000000000000001, , 2270.823771
2124644.exe, 0.43916666666666665, , 0.0125, , 2265.954912
2124644.exe, 0.43833333333333335, , 0.0125, , 2268.390345
2145027.exe, 0.13100000000000003, , 0.004666666666666666, , 680.021135
2145027.exe, 0.13216666666666665, , 0.004666666666666666, , 682.984005
2145027.exe, 0.13133333333333336, , 0.004666666666666666, , 681.132251
2145027.exe, 0.1305, , 0.004666666666666666, , 682.123418
2145027.exe, 0.13116666666666668, , 0.004666666666666666, , 681.66989
2145027.exe, 0.13183333333333333, , 0.004666666666666666, , 683.372338
2145027.exe, 0.13099999999999998, , 0.004666666666666666, , 680.539016
2145027.exe, 0.132, , 0.004666666666666666, , 681.203609
2145027.exe, 0.13099999999999998, , 0.004666666666666666, , 682.957823
2145027.exe, 0.13066666666666665, , 0.004666666666666666, , 681.409145
2184330.exe, 0.16033333333333336, , 0.006500000000000001, , 880.332812
2184330.exe, 0.16266666666666665, , 0.006500000000000001, , 882.035729
2184330.exe, 0.16166666666666665, , 0.006500000000000001, , 879.479791
2184330.exe, 0.16266666666666665, , 0.006500000000000001, , 881.997049
2184330.exe, 0.16166666666666665, , 0.006500000000000001, , 881.120003
2184330.exe, 0.16166666666666665, , 0.006500000000000001, , 879.847555
2184330.exe, 0.16183333333333333, , 0.006500000000000001, , 880.325334
2184330.exe, 0.1625, , 0.006500000000000001, , 881.420005
2184330.exe, 0.16299999999999998, , 0.006500000000000001, , 880.67183
2184330.exe, 0.17116666666666666, , 0.006500000000000001, , 886.388572
2362734.exe, 0.13899999999999998, , 0.0055000000000000005, , 705.59957
2362734.exe, 0.1396666666666667, , 0.0055000000000000005, , 708.445323
2362734.exe, 0.14033333333333334, , 0.0055000000000000005, , 709.82265
2362734.exe, 0.14033333333333334, , 0.0055000000000000005, , 715.11028
2362734.exe, 0.13983333333333334, , 0.0055000000000000005, , 706.112423
2362734.exe, 0.14066666666666666, , 0.0055000000000000005, , 715.140804
2362734.exe, 0.13866666666666666, , 0.0055000000000000005, , 707.704006
2362734.exe, 0.13916666666666663, , 0.0055000000000000005, , 708.883004
2362734.exe, 0.13783333333333334, , 0.0055000000000000005, , 707.808471
2362734.exe, 0.13883333333333334, , 0.0055000000000000005, , 707.803987
2464944.exe, 0.48933333333333334, , 0.015833333333333335, , 2510.681113
2464944.exe, 0.48683333333333334, , 0.015500000000000003, , 2504.662047
2464944.exe, 0.48599999999999993, , 0.015166666666666669, , 2507.279678
2464944.exe, 0.49650000000000005, , 0.015000000000000003, , 2508.068956
2464944.exe, 0.49416666666666664, , 0.015333333333333336, , 2508.836883
2464944.exe, 0.49183333333333334, , 0.015500000000000003, , 2507.183058
2464944.exe, 0.491, , 0.015166666666666669, , 2504.450759
2464944.exe, 0.48733333333333334, , 0.015000000000000003, , 2507.757133
2464944.exe, 0.48916666666666664, , 0.015500000000000003, , 2508.655808
2464944.exe, 0.49, , 0.015000000000000003, , 2506.166445
2545383.exe, 0.12083333333333333, , 0.0055000000000000005, , 612.439693
2545383.exe, 0.121, , 0.0055000000000000005, , 611.801642
2545383.exe, 0.12116666666666667, , 0.0055000000000000005, , 613.559373
2545383.exe, 0.121, , 0.0055000000000000005, , 610.690265
2545383.exe, 0.121, , 0.0055000000000000005, , 614.639845
2545383.exe, 0.12066666666666667, , 0.0055000000000000005, , 611.947972
2545383.exe, 0.12116666666666667, , 0.0055000000000000005, , 612.142402
2545383.exe, 0.12183333333333332, , 0.0055000000000000005, , 612.357334
2545383.exe, 0.12100000000000001, , 0.0055000000000000005, , 611.892671
2545383.exe, 0.12116666666666666, , 0.0055000000000000005, , 611.614916
257402.exe, 0.4458333333333334, , 0.0115, , 2257.102746
257402.exe, 0.43716666666666665, , 0.0115, , 2256.452901
257402.exe, 0.4365, , 0.0115, , 2256.584456
257402.exe, 0.4375, , 0.0115, , 2254.834149
257402.exe, 0.4391666666666667, , 0.0115, , 2255.416508
257402.exe, 0.4405, , 0.0115, , 2257.181071
257402.exe, 0.443, , 0.0115, , 2257.528322
257402.exe, 0.44316666666666665, , 0.0115, , 2252.677824
257402.exe, 0.43833333333333335, , 0.0115, , 2252.527227
257402.exe, 0.4521666666666667, , 0.0115, , 2272.099987
2687380.exe, 0.31683333333333336, , 0.011333333333333334, , 1725.286567
2687380.exe, 0.316, , 0.011333333333333334, , 1722.607391
2687380.exe, 0.31483333333333335, , 0.011333333333333334, , 1719.153844
2687380.exe, 0.31466666666666665, , 0.011166666666666667, , 1724.296686
2687380.exe, 0.31650000000000006, , 0.011333333333333334, , 1721.42256
2687380.exe, 0.31466666666666665, , 0.011333333333333334, , 1723.592427
2687380.exe, 0.3158333333333333, , 0.011333333333333334, , 1719.443738
2687380.exe, 0.323, , 0.011333333333333334, , 1723.560948
2687380.exe, 0.31966666666666665, , 0.011333333333333334, , 1721.266067
2687380.exe, 0.3173333333333333, , 0.011333333333333334, , 1722.034987
2712758.exe, 0.15799999999999997, , 0.006333333333333334, , 813.647074
2712758.exe, 0.15783333333333333, , 0.006333333333333334, , 811.512307
2712758.exe, 0.15899999999999997, , 0.006333333333333334, , 812.202984
2712758.exe, 0.15916666666666665, , 0.006333333333333334, , 813.074786
2712758.exe, 0.1595, , 0.006333333333333334, , 812.549875
2712758.exe, 0.15966666666666668, , 0.006333333333333334, , 812.818548
2712758.exe, 0.16066666666666668, , 0.006333333333333334, , 811.556261
2712758.exe, 0.15883333333333333, , 0.006333333333333334, , 810.625224
2712758.exe, 0.15866666666666665, , 0.006333333333333334, , 811.731905
2712758.exe, 0.15899999999999997, , 0.006333333333333334, , 813.513972
2764157.exe, 0.24250000000000002, , 0.0075000000000000015, , 1216.230138
2764157.exe, 0.24200000000000002, , 0.0075000000000000015, , 1217.843333
2764157.exe, 0.24100000000000002, , 0.0075000000000000015, , 1216.322553
2764157.exe, 0.24133333333333334, , 0.0075000000000000015, , 1215.722434
2764157.exe, 0.2411666666666667, , 0.0075000000000000015, , 1215.084575
2764157.exe, 0.2501666666666667, , 0.0075000000000000015, , 1219.714605
2764157.exe, 0.24133333333333334, , 0.0075000000000000015, , 1217.039608
2764157.exe, 0.24183333333333337, , 0.0075000000000000015, , 1217.793079
2764157.exe, 0.24250000000000002, , 0.0075000000000000015, , 1217.560672
2764157.exe, 0.24133333333333334, , 0.0075000000000000015, , 1216.891429
2986121.exe, 0.17016666666666666, , 0.006500000000000001, , 871.088134
2986121.exe, 0.16916666666666666, , 0.006500000000000001, , 869.057741
2986121.exe, 0.17016666666666666, , 0.006500000000000001, , 868.432981
2986121.exe, 0.16933333333333334, , 0.006500000000000001, , 869.066727
2986121.exe, 0.17066666666666666, , 0.006500000000000001, , 869.506996
2986121.exe, 0.1701666666666667, , 0.006500000000000001, , 870.129507
2986121.exe, 0.1695, , 0.006500000000000001, , 869.69895
2986121.exe, 0.16933333333333334, , 0.006500000000000001, , 869.337048
2986121.exe, 0.16983333333333336, , 0.006500000000000001, , 870.775398
2986121.exe, 0.16966666666666666, , 0.006500000000000001, , 867.527241
3011182.exe, 0.31183333333333335, , 0.009666666666666665, , 1672.844158
3011182.exe, 0.3206666666666667, , 0.009666666666666665, , 1682.630324
3011182.exe, 0.313, , 0.009833333333333333, , 1682.375587
3011182.exe, 0.313, , 0.01, , 1677.749624
3011182.exe, 0.3146666666666667, , 0.01, , 1683.662653
3011182.exe, 0.31216666666666665, , 0.009666666666666665, , 1674.963975
3011182.exe, 0.31149999999999994, , 0.009666666666666665, , 1678.659518
3011182.exe, 0.311, , 0.009833333333333333, , 1679.087593
3011182.exe, 0.313, , 0.0095, , 1676.627562
3011182.exe, 0.315, , 0.010166666666666666, , 1685.669515
3040305.exe, 0.12033333333333333, , 0.0055000000000000005, , 612.391499
3040305.exe, 0.12133333333333332, , 0.0055000000000000005, , 611.914758
3040305.exe, 0.11933333333333333, , 0.0055000000000000005, , 611.6003
3040305.exe, 0.121, , 0.0055000000000000005, , 613.210727
3040305.exe, 0.11950000000000001, , 0.0055000000000000005, , 611.589053
3040305.exe, 0.11966666666666666, , 0.0055000000000000005, , 610.825434
3040305.exe, 0.11983333333333333, , 0.0055000000000000005, , 610.141112
3040305.exe, 0.1205, , 0.0055000000000000005, , 613.373817
3040305.exe, 0.11966666666666669, , 0.0055000000000000005, , 611.727744
3040305.exe, 0.11966666666666667, , 0.0055000000000000005, , 611.19761
3205125.exe, 0.19483333333333333, , 0.007333333333333334, , 971.986252
3205125.exe, 0.1955, , 0.007333333333333334, , 972.024033
3205125.exe, 0.19649999999999998, , 0.007333333333333334, , 983.313663
3205125.exe, 0.19483333333333333, , 0.007333333333333334, , 971.085638
3205125.exe, 0.19333333333333333, , 0.007333333333333334, , 970.889496
3205125.exe, 0.19383333333333333, , 0.007333333333333334, , 970.737551
3205125.exe, 0.19300000000000003, , 0.007333333333333334, , 973.300294
3205125.exe, 0.19333333333333333, , 0.007333333333333334, , 972.863586
3205125.exe, 0.193, , 0.007333333333333334, , 973.734556
3205125.exe, 0.1953333333333333, , 0.007333333333333334, , 971.855435
3205462.exe, 0.43916666666666665, , 0.013166666666666667, , 2208.902578
3205462.exe, 0.44633333333333336, , 0.013333333333333334, , 2212.873928
3205462.exe, 0.4400000000000001, , 0.013166666666666667, , 2218.290389
3205462.exe, 0.4393333333333334, , 0.013166666666666667, , 2213.040484
3205462.exe, 0.44083333333333335, , 0.013333333333333334, , 2212.791204
3205462.exe, 0.4413333333333333, , 0.013333333333333334, , 2214.536201
3205462.exe, 0.4401666666666667, , 0.013333333333333334, , 2209.177901
3205462.exe, 0.44099999999999995, , 0.013166666666666667, , 2208.623106
3205462.exe, 0.4408333333333333, , 0.013500000000000002, , 2211.236765
3205462.exe, 0.4385, , 0.013500000000000002, , 2218.727694
3298554.exe, 0.43983333333333335, , 0.0115, , 2233.243426
3298554.exe, 0.43633333333333335, , 0.0115, , 2226.880683
3298554.exe, 0.4385, , 0.0115, , 2231.751389
3298554.exe, 0.44266666666666665, , 0.0115, , 2243.250008
3298554.exe, 0.43466666666666665, , 0.0115, , 2237.593275
3298554.exe, 0.4336666666666667, , 0.0115, , 2235.548748
3298554.exe, 0.44016666666666665, , 0.0115, , 2235.12878
3298554.exe, 0.436, , 0.0115, , 2234.603444
3298554.exe, 0.43816666666666665, , 0.0115, , 2243.189824
3298554.exe, 0.4346666666666667, , 0.0115, , 2231.824435
3364998.exe, 0.4693333333333333, , 0.013333333333333334, , 2398.705874
3364998.exe, 0.47266666666666673, , 0.013333333333333334, , 2405.665506
3364998.exe, 0.47133333333333327, , 0.013333333333333334, , 2398.708797
3364998.exe, 0.46783333333333327, , 0.013333333333333334, , 2400.382666
3364998.exe, 0.4701666666666666, , 0.013333333333333334, , 2403.780524
3364998.exe, 0.47866666666666663, , 0.013333333333333334, , 2399.549083
3364998.exe, 0.47133333333333327, , 0.013333333333333334, , 2401.780253
3364998.exe, 0.4703333333333333, , 0.013333333333333334, , 2398.4145
3364998.exe, 0.4753333333333334, , 0.013333333333333334, , 2401.232948
3364998.exe, 0.47483333333333333, , 0.013333333333333334, , 2402.832984
3517094.exe, 0.17466666666666664, , 0.008833333333333334, , 860.761863
3517094.exe, 0.176, , 0.008833333333333334, , 861.846988
3517094.exe, 0.1743333333333333, , 0.008833333333333334, , 860.636912
3517094.exe, 0.17483333333333337, , 0.008833333333333334, , 860.864639
3517094.exe, 0.17833333333333332, , 0.008833333333333334, , 867.640578
3517094.exe, 0.17466666666666666, , 0.008833333333333334, , 861.49224
3517094.exe, 0.1753333333333333, , 0.008833333333333334, , 860.533195
3517094.exe, 0.1743333333333333, , 0.008833333333333334, , 861.410747
3517094.exe, 0.17350000000000002, , 0.008833333333333334, , 858.63797
3517094.exe, 0.17350000000000002, , 0.008833333333333334, , 860.459239
3560006.exe, 0.4356666666666667, , 0.012333333333333333, , 2257.816265
3560006.exe, 0.4391666666666667, , 0.012333333333333333, , 2260.289153
3560006.exe, 0.43983333333333335, , 0.012166666666666666, , 2261.001892
3560006.exe, 0.43983333333333335, , 0.012333333333333333, , 2263.918154
3560006.exe, 0.43816666666666665, , 0.012333333333333333, , 2262.070348
3560006.exe, 0.4585, , 0.012333333333333333, , 2270.350147
3560006.exe, 0.4453333333333333, , 0.012333333333333333, , 2263.374828
3560006.exe, 0.44, , 0.0125, , 2259.822102
3560006.exe, 0.44050000000000006, , 0.012333333333333333, , 2258.508401
3560006.exe, 0.4403333333333333, , 0.012333333333333333, , 2258.293539
3839680.exe, 0.145, , 0.006333333333333334, , 739.650032
3839680.exe, 0.14466666666666667, , 0.006333333333333334, , 739.191681
3839680.exe, 0.14400000000000002, , 0.006333333333333334, , 738.313363
3839680.exe, 0.14516666666666664, , 0.006333333333333334, , 739.757889
3839680.exe, 0.14533333333333334, , 0.006333333333333334, , 739.706436
3839680.exe, 0.1445, , 0.006333333333333334, , 739.06311
3839680.exe, 0.14466666666666667, , 0.006333333333333334, , 741.40324
3839680.exe, 0.14483333333333331, , 0.006333333333333334, , 738.110716
3839680.exe, 0.1445, , 0.006333333333333334, , 738.340017
3839680.exe, 0.145, , 0.006333333333333334, , 738.833612
3851193.exe, 0.13783333333333334, , 0.005333333333333333, , 696.170332
3851193.exe, 0.13766666666666666, , 0.005333333333333333, , 695.191702
3851193.exe, 0.1388333333333333, , 0.0055000000000000005, , 697.710609
3851193.exe, 0.14416666666666667, , 0.005333333333333333, , 698.943895
3851193.exe, 0.137, , 0.005166666666666667, , 696.230182
3851193.exe, 0.1375, , 0.005333333333333333, , 698.202137
3851193.exe, 0.13566666666666669, , 0.0055000000000000005, , 710.669826
3851193.exe, 0.13883333333333334, , 0.005333333333333333, , 699.805434
3851193.exe, 0.13783333333333334, , 0.0055000000000000005, , 697.657933
3851193.exe, 0.13733333333333334, , 0.005333333333333333, , 700.100689
4090087.exe, 0.15616666666666668, , 0.006333333333333334, , 791.623545
4090087.exe, 0.15666666666666665, , 0.006333333333333334, , 791.037526
4090087.exe, 0.1575, , 0.006500000000000001, , 791.690378
4090087.exe, 0.1555, , 0.006333333333333334, , 789.781897
4090087.exe, 0.15616666666666668, , 0.006333333333333334, , 789.028991
4090087.exe, 0.1565, , 0.006333333333333334, , 789.582
4090087.exe, 0.158, , 0.006500000000000001, , 792.317634
4090087.exe, 0.1565, , 0.006333333333333334, , 790.493324
4090087.exe, 0.15783333333333335, , 0.006500000000000001, , 793.124396
4090087.exe, 0.15666666666666668, , 0.006333333333333334, , 791.225326
4243029.exe, 0.19016666666666668, , 0.006666666666666667, , 974.103345
4243029.exe, 0.18866666666666665, , 0.006500000000000001, , 973.517855
4243029.exe, 0.19066666666666668, , 0.006500000000000001, , 977.039459
4243029.exe, 0.19016666666666668, , 0.006500000000000001, , 972.63501
4243029.exe, 0.18999999999999997, , 0.006500000000000001, , 973.665838
4243029.exe, 0.19949999999999998, , 0.006666666666666667, , 980.813141
4243029.exe, 0.18950000000000003, , 0.006500000000000001, , 973.911128
4243029.exe, 0.18983333333333335, , 0.006500000000000001, , 975.503292
4243029.exe, 0.19033333333333333, , 0.006500000000000001, , 975.170513
4243029.exe, 0.18916666666666665, , 0.006500000000000001, , 973.536019
4281961.exe, 0.25766666666666665, , 0.0175, , 1482.641851
4281961.exe, 0.2598333333333333, , 0.0175, , 1491.169253
4281961.exe, 0.25716666666666665, , 0.0175, , 1486.814498
4281961.exe, 0.2575, , 0.0175, , 1489.944834
4281961.exe, 0.25949999999999995, , 0.0175, , 1486.439849
4281961.exe, 0.26616666666666666, , 0.0175, , 1496.431888
4281961.exe, 0.2595, , 0.0175, , 1491.58937
4281961.exe, 0.25683333333333336, , 0.0175, , 1490.987361
4281961.exe, 0.2573333333333333, , 0.0175, , 1486.796902
4281961.exe, 0.2558333333333333, , 0.0175, , 1486.678011
430409.exe, 0.1368333333333333, , 0.005833333333333334, , 699.63161
430409.exe, 0.13649999999999998, , 0.0055000000000000005, , 699.916264
430409.exe, 0.13733333333333334, , 0.005666666666666667, , 698.13353
430409.exe, 0.13783333333333334, , 0.0055000000000000005, , 697.111658
430409.exe, 0.13766666666666666, , 0.0055000000000000005, , 697.017349
430409.exe, 0.13849999999999998, , 0.005833333333333334, , 700.285473
430409.exe, 0.1371666666666667, , 0.005666666666666667, , 698.289164
430409.exe, 0.13766666666666666, , 0.0055000000000000005, , 698.384455
430409.exe, 0.13733333333333334, , 0.0055000000000000005, , 697.828972
430409.exe, 0.13683333333333333, , 0.0055000000000000005, , 697.698538
4304680.exe, 0.18633333333333332, , 0.009833333333333333, , 932.543114
4304680.exe, 0.18433333333333335, , 0.009833333333333333, , 930.173845
4304680.exe, 0.18549999999999997, , 0.009833333333333333, , 926.712621
4304680.exe, 0.18616666666666667, , 0.009833333333333333, , 930.910405
4304680.exe, 0.186, , 0.009833333333333333, , 930.80935
4304680.exe, 0.18400000000000002, , 0.009833333333333333, , 931.079016
4304680.exe, 0.18616666666666667, , 0.009833333333333333, , 932.645808
4304680.exe, 0.19349999999999998, , 0.009666666666666665, , 937.806243
4304680.exe, 0.18500000000000003, , 0.009833333333333333, , 930.836386
4304680.exe, 0.18683333333333335, , 0.009833333333333333, , 930.624658
436565.exe, 0.155, , 0.0055000000000000005, , 789.183444
436565.exe, 0.154, , 0.0055000000000000005, , 788.00534
436565.exe, 0.15300000000000002, , 0.0055000000000000005, , 787.820934
436565.exe, 0.15350000000000003, , 0.0055000000000000005, , 788.259629
436565.exe, 0.15516666666666667, , 0.0055000000000000005, , 789.554118
436565.exe, 0.154, , 0.0055000000000000005, , 789.650084
436565.exe, 0.154, , 0.0055000000000000005, , 788.95616
436565.exe, 0.15416666666666667, , 0.0055000000000000005, , 789.084453
436565.exe, 0.15450000000000003, , 0.0055000000000000005, , 788.173319
436565.exe, 0.155, , 0.0055000000000000005, , 787.288752
4368858.exe, 0.22233333333333333, , 0.008833333333333334, , 1079.438505
4368858.exe, 0.22250000000000003, , 0.008833333333333334, , 1078.62422
4368858.exe, 0.22099999999999997, , 0.008833333333333334, , 1077.749767
4368858.exe, 0.22350000000000003, , 0.008833333333333334, , 1079.857917
4368858.exe, 0.22316666666666668, , 0.008833333333333334, , 1079.474547
4368858.exe, 0.23049999999999998, , 0.008833333333333334, , 1084.757777
4368858.exe, 0.22033333333333333, , 0.008833333333333334, , 1078.911082
4368858.exe, 0.22133333333333335, , 0.008833333333333334, , 1080.271513
4368858.exe, 0.2211666666666667, , 0.008833333333333334, , 1079.180265
4368858.exe, 0.22133333333333333, , 0.008833333333333334, , 1080.066493
4484988.exe, 0.1465, , 0.006333333333333334, , 751.602926
4484988.exe, 0.14633333333333334, , 0.006333333333333334, , 749.59375
4484988.exe, 0.14733333333333334, , 0.006333333333333334, , 751.966067
4484988.exe, 0.14633333333333334, , 0.006333333333333334, , 750.741359
4484988.exe, 0.14733333333333334, , 0.006333333333333334, , 753.252785
4484988.exe, 0.148, , 0.006333333333333334, , 751.853159
4484988.exe, 0.147, , 0.006333333333333334, , 752.440814
4484988.exe, 0.14783333333333332, , 0.006333333333333334, , 752.1907
4484988.exe, 0.1475, , 0.006333333333333334, , 750.385643
4484988.exe, 0.14683333333333334, , 0.006333333333333334, , 750.843289
4649566.exe, 0.18033333333333335, , 0.006500000000000001, , 905.542037
4649566.exe, 0.18033333333333335, , 0.006500000000000001, , 908.044463
4649566.exe, 0.18150000000000002, , 0.006500000000000001, , 910.557495
4649566.exe, 0.18049999999999997, , 0.006500000000000001, , 907.599242
4649566.exe, 0.18016666666666664, , 0.006500000000000001, , 906.569856
4649566.exe, 0.18000000000000002, , 0.006500000000000001, , 905.486658
4649566.exe, 0.181, , 0.006500000000000001, , 904.241043
4649566.exe, 0.18033333333333335, , 0.006500000000000001, , 904.063881
4649566.exe, 0.18000000000000002, , 0.006500000000000001, , 908.30688
4649566.exe, 0.18066666666666667, , 0.006500000000000001, , 907.392515
4692906.exe, 0.26433333333333336, , 0.0115, , 1388.734578
4692906.exe, 0.2655, , 0.0115, , 1390.629856
4692906.exe, 0.2665, , 0.0115, , 1390.708198
4692906.exe, 0.26516666666666666, , 0.011333333333333334, , 1389.940546
4692906.exe, 0.264, , 0.0115, , 1391.323546
4692906.exe, 0.265, , 0.0115, , 1390.193954
4692906.exe, 0.26483333333333337, , 0.0115, , 1391.430535
4692906.exe, 0.26466666666666666, , 0.0115, , 1391.791317
4692906.exe, 0.2721666666666666, , 0.0115, , 1398.601622
4692906.exe, 0.2635, , 0.0115, , 1391.413884
4693092.exe, 0.5198333333333333, , 0.016666666666666666, , 2649.757059
4693092.exe, 0.522, , 0.016833333333333332, , 2648.584303
4693092.exe, 0.5213333333333333, , 0.016666666666666666, , 2653.702552
4693092.exe, 0.5225, , 0.016666666666666666, , 2644.779367
4693092.exe, 0.523, , 0.016666666666666666, , 2641.399279
4693092.exe, 0.5208333333333334, , 0.016666666666666666, , 2652.347677
4693092.exe, 0.5275, , 0.016666666666666666, , 2648.298622
4693092.exe, 0.5171666666666667, , 0.016666666666666666, , 2647.856208
4693092.exe, 0.5218333333333333, , 0.016666666666666666, , 2652.098441
4693092.exe, 0.5183333333333333, , 0.016833333333333332, , 2642.71864
4743248.exe, 0.1688333333333333, , 0.006333333333333334, , 848.366697
4743248.exe, 0.16983333333333334, , 0.006333333333333334, , 849.806089
4743248.exe, 0.16966666666666666, , 0.006333333333333334, , 847.04685
4743248.exe, 0.16933333333333334, , 0.006333333333333334, , 844.717488
4743248.exe, 0.17366666666666666, , 0.006333333333333334, , 848.278733
4743248.exe, 0.16933333333333334, , 0.006333333333333334, , 846.542947
4743248.exe, 0.1703333333333333, , 0.006333333333333334, , 849.756939
4743248.exe, 0.16983333333333334, , 0.006333333333333334, , 846.746655
4743248.exe, 0.1685, , 0.006333333333333334, , 844.293213
4743248.exe, 0.16766666666666669, , 0.006333333333333334, , 844.655588
4861393.exe, 0.1993333333333333, , 0.0075000000000000015, , 979.477669
4861393.exe, 0.19899999999999998, , 0.0075000000000000015, , 981.434734
4861393.exe, 0.20066666666666666, , 0.0075000000000000015, , 986.036922
4861393.exe, 0.19816666666666669, , 0.0075000000000000015, , 977.87346
4861393.exe, 0.20033333333333334, , 0.0075000000000000015, , 979.368077
4861393.exe, 0.1998333333333333, , 0.0075000000000000015, , 977.106561
4861393.exe, 0.19883333333333333, , 0.0075000000000000015, , 977.346098
4861393.exe, 0.19949999999999998, , 0.0075000000000000015, , 978.998445
4861393.exe, 0.19949999999999998, , 0.0075000000000000015, , 982.063077
4861393.exe, 0.19799999999999998, , 0.0075000000000000015, , 977.68265
5097937.exe, 0.16083333333333333, , 0.0055000000000000005, , 822.058905
5097937.exe, 0.16183333333333333, , 0.0055000000000000005, , 823.979931
5097937.exe, 0.1608333333333333, , 0.0055000000000000005, , 822.458177
5097937.exe, 0.16683333333333333, , 0.0055000000000000005, , 826.603299
5097937.exe, 0.15966666666666668, , 0.0055000000000000005, , 823.240829
5097937.exe, 0.15983333333333333, , 0.0055000000000000005, , 822.88765
5097937.exe, 0.16133333333333333, , 0.0055000000000000005, , 822.026691
5097937.exe, 0.16133333333333333, , 0.0055000000000000005, , 824.01442
5097937.exe, 0.16016666666666665, , 0.0055000000000000005, , 826.380432
5097937.exe, 0.16033333333333336, , 0.0055000000000000005, , 821.791377
510955.exe, 0.16166666666666665, , 0.008833333333333334, , 818.182623
510955.exe, 0.16216666666666668, , 0.008833333333333334, , 816.37106
510955.exe, 0.161, , 0.008833333333333334, , 815.742176
510955.exe, 0.16116666666666662, , 0.008833333333333334, , 816.431252
510955.exe, 0.15966666666666668, , 0.008833333333333334, , 812.529723
510955.exe, 0.16033333333333333, , 0.008833333333333334, , 814.806488
510955.exe, 0.1615, , 0.008833333333333334, , 815.315733
510955.exe, 0.16216666666666665, , 0.008833333333333334, , 815.800781
510955.exe, 0.16216666666666665, , 0.008833333333333334, , 814.517413
510955.exe, 0.16099999999999998, , 0.008833333333333334, , 812.481487
5214516.exe, 0.136, , 0.0055000000000000005, , 691.665203
5214516.exe, 0.13499999999999998, , 0.0055000000000000005, , 689.226182
5214516.exe, 0.13633333333333333, , 0.0055000000000000005, , 691.63613
5214516.exe, 0.13649999999999998, , 0.0055000000000000005, , 690.667473
5214516.exe, 0.1371666666666667, , 0.0055000000000000005, , 692.416632
5214516.exe, 0.13649999999999998, , 0.0055000000000000005, , 691.785256
5214516.exe, 0.14283333333333334, , 0.0055000000000000005, , 695.244395
5214516.exe, 0.136, , 0.0055000000000000005, , 690.047723
5214516.exe, 0.13666666666666666, , 0.0055000000000000005, , 692.362597
5214516.exe, 0.13666666666666666, , 0.0055000000000000005, , 692.218995
5333786.exe, 0.15583333333333332, , 0.0055000000000000005, , 768.642427
5333786.exe, 0.15566666666666668, , 0.0055000000000000005, , 769.70249
5333786.exe, 0.15683333333333332, , 0.0055000000000000005, , 770.664167
5333786.exe, 0.15566666666666668, , 0.0055000000000000005, , 767.256461
5333786.exe, 0.15516666666666667, , 0.0055000000000000005, , 769.592331
5333786.exe, 0.1555, , 0.0055000000000000005, , 768.145308
5333786.exe, 0.15433333333333335, , 0.0055000000000000005, , 766.967923
5333786.exe, 0.15433333333333335, , 0.0055000000000000005, , 768.39617
5333786.exe, 0.155, , 0.0055000000000000005, , 767.416576
5333786.exe, 0.1555, , 0.0055000000000000005, , 769.589937
5451535.exe, 0.13849999999999998, , 0.008, , 698.808902
5451535.exe, 0.13966666666666666, , 0.008, , 702.558163
5451535.exe, 0.1425, , 0.008, , 704.264948
5451535.exe, 0.1398333333333333, , 0.008, , 701.799
5451535.exe, 0.13899999999999996, , 0.008, , 700.711903
5451535.exe, 0.1388333333333333, , 0.008, , 699.715186
5451535.exe, 0.14, , 0.008, , 703.744976
5451535.exe, 0.14016666666666666, , 0.008, , 700.920485
5451535.exe, 0.1398333333333333, , 0.008, , 700.733316
5451535.exe, 0.14016666666666666, , 0.008, , 702.936883
5508700.exe, 0.1515, , 0.008833333333333334, , 762.085508
5508700.exe, 0.15, , 0.008833333333333334, , 753.750368
5508700.exe, 0.15, , 0.008833333333333334, , 750.130767
5508700.exe, 0.14983333333333335, , 0.008833333333333334, , 749.77233
5508700.exe, 0.15016666666666667, , 0.008833333333333334, , 753.555447
5508700.exe, 0.15116666666666667, , 0.008833333333333334, , 752.738236
5508700.exe, 0.15066666666666667, , 0.008833333333333334, , 749.281891
5508700.exe, 0.15016666666666667, , 0.008833333333333334, , 752.238828
5508700.exe, 0.14950000000000002, , 0.008833333333333334, , 749.828405
5508700.exe, 0.151, , 0.008833333333333334, , 751.925143
