1357465.exe, 0.081, , 0.002, , 403.206408
1357465.exe, 0.08216666666666667, , 0.0016666666666666668, , 384.175004
1357465.exe, 0.0815, , 0.0018333333333333333, , 383.669013
1357465.exe, 0.08183333333333334, , 0.0016666666666666666, , 385.080386
1357465.exe, 0.08216666666666667, , 0.002, , 392.643961
1357465.exe, 0.08099999999999999, , 0.0016666666666666668, , 382.579513
1357465.exe, 0.08033333333333334, , 0.0018333333333333333, , 384.653979
1357465.exe, 0.08083333333333334, , 0.0016666666666666668, , 382.320217
1357465.exe, 0.08149999999999999, , 0.0018333333333333333, , 384.262926
1357465.exe, 0.081, , 0.0018333333333333333, , 385.475171
1803796.exe, 0.05433333333333333, , 0.002, , 271.536862
1803796.exe, 0.05433333333333333, , 0.002, , 270.929485
1803796.exe, 0.05366666666666667, , 0.002, , 273.618467
1803796.exe, 0.05433333333333333, , 0.002, , 271.300814
1803796.exe, 0.05483333333333333, , 0.002, , 270.952313
1803796.exe, 0.05483333333333333, , 0.002, , 271.979753
1803796.exe, 0.05433333333333334, , 0.002, , 273.454715
1803796.exe, 0.05516666666666666, , 0.002, , 271.325683
1803796.exe, 0.0555, , 0.002, , 270.559477
1803796.exe, 0.05466666666666667, , 0.002, , 271.166497
