1097798.exe, 0.10283333333333332, , 0.003833333333333333, , 583.990322
1097798.exe, 0.10466666666666667, , 0.0035, , 504.818833
1097798.exe, 0.10466666666666669, , 0.0035, , 504.517587
1097798.exe, 0.10433333333333333, , 0.0035, , 504.968131
1097798.exe, 0.10316666666666664, , 0.003333333333333333, , 506.017312
1097798.exe, 0.10433333333333335, , 0.0035, , 504.123185
1097798.exe, 0.10300000000000001, , 0.0035, , 504.719147
1097798.exe, 0.10400000000000002, , 0.0035, , 507.459024
1097798.exe, 0.10316666666666666, , 0.003333333333333333, , 505.105686
1097798.exe, 0.10316666666666667, , 0.0035, , 505.558479
2710332.exe, 0.22900000000000004, , 0.006000000000000001, , 1078.312939
2710332.exe, 0.2298333333333333, , 0.006000000000000001, , 1076.313523
2710332.exe, 0.22933333333333333, , 0.006000000000000002, , 1075.397906
2710332.exe, 0.2328333333333333, , 0.005666666666666668, , 1082.804318
2710332.exe, 0.22833333333333333, , 0.005500000000000001, , 1073.659472
2710332.exe, 0.22966666666666666, , 0.0058333333333333345, , 1079.774428
2710332.exe, 0.22816666666666668, , 0.005666666666666668, , 1074.339364
2710332.exe, 0.2285, , 0.0058333333333333345, , 1075.844729
2710332.exe, 0.22766666666666666, , 0.006000000000000002, , 1074.967153
2710332.exe, 0.22849999999999998, , 0.005666666666666668, , 1074.712681
282754.exe, 0.10866666666666668, , 0.0035, , 542.802583
282754.exe, 0.10966666666666668, , 0.003666666666666666, , 545.108759
282754.exe, 0.10816666666666667, , 0.0035, , 543.320928
282754.exe, 0.10633333333333334, , 0.0035, , 557.881834
282754.exe, 0.10883333333333335, , 0.0035, , 542.48298
282754.exe, 0.10833333333333332, , 0.0035, , 540.851695
282754.exe, 0.10883333333333334, , 0.0035, , 542.247417
282754.exe, 0.10783333333333332, , 0.0035, , 544.864505
282754.exe, 0.1085, , 0.0035, , 543.692285
282754.exe, 0.10749999999999998, , 0.0035, , 543.480978
2877258.exe, 0.24633333333333338, , 0.007999999999999998, , 1201.775145
2877258.exe, 0.24383333333333332, , 0.007999999999999998, , 1195.374023
2877258.exe, 0.24450000000000002, , 0.008166666666666666, , 1194.755836
2877258.exe, 0.24600000000000002, , 0.007999999999999998, , 1193.836554
2877258.exe, 0.24783333333333335, , 0.008166666666666666, , 1216.527419
2877258.exe, 0.24600000000000002, , 0.007833333333333333, , 1195.095903
2877258.exe, 0.24616666666666667, , 0.007999999999999998, , 1194.274109
2877258.exe, 0.24566666666666664, , 0.007999999999999998, , 1193.002614
2877258.exe, 0.24816666666666667, , 0.007999999999999998, , 1193.689508
2877258.exe, 0.24683333333333335, , 0.007999999999999998, , 1192.975817
3551732.exe, 0.1615, , 0.008333333333333333, , 827.761967
3551732.exe, 0.15966666666666668, , 0.008166666666666666, , 827.273621
3551732.exe, 0.1605, , 0.008166666666666666, , 829.715505
3551732.exe, 0.16049999999999998, , 0.008166666666666666, , 827.879692
3551732.exe, 0.16033333333333333, , 0.008166666666666666, , 826.623133
3551732.exe, 0.16199999999999998, , 0.008166666666666666, , 827.101418
3551732.exe, 0.16100000000000003, , 0.008, , 827.602469
3551732.exe, 0.16016666666666665, , 0.008166666666666666, , 827.469275
3551732.exe, 0.15999999999999998, , 0.008333333333333333, , 827.808156
3551732.exe, 0.15933333333333335, , 0.008166666666666668, , 828.021331
3639330.exe, 0.12033333333333332, , 0.005666666666666666, , 628.311744
3639330.exe, 0.119, , 0.005666666666666666, , 628.517609
3639330.exe, 0.11933333333333332, , 0.005666666666666666, , 628.804284
3639330.exe, 0.11983333333333333, , 0.0055000000000000005, , 627.96709
3639330.exe, 0.11999999999999998, , 0.0055, , 627.163022
3639330.exe, 0.12050000000000001, , 0.0055, , 626.664918
3639330.exe, 0.11983333333333332, , 0.0055000000000000005, , 628.687747
3639330.exe, 0.12000000000000001, , 0.005666666666666667, , 628.086578
3639330.exe, 0.12050000000000001, , 0.005666666666666666, , 627.886249
3639330.exe, 0.12016666666666667, , 0.005833333333333333, , 627.293864
3726166.exe, 0.13466666666666666, , 0.005833333333333333, , 698.154932
3726166.exe, 0.13466666666666666, , 0.005833333333333333, , 696.83512
3726166.exe, 0.13483333333333333, , 0.005833333333333333, , 697.171394
3726166.exe, 0.1335, , 0.005833333333333333, , 695.99045
3726166.exe, 0.13283333333333333, , 0.005833333333333333, , 697.889992
3726166.exe, 0.1345, , 0.005833333333333333, , 696.413189
3726166.exe, 0.13466666666666666, , 0.005833333333333333, , 697.850969
3726166.exe, 0.1345, , 0.005833333333333333, , 696.901024
3726166.exe, 0.13433333333333333, , 0.005833333333333333, , 698.159505
3726166.exe, 0.13383333333333336, , 0.005833333333333333, , 697.568965
4232119.exe, 0.13783333333333334, , 0.006666666666666666, , 721.659614
4232119.exe, 0.13816666666666666, , 0.0065, , 720.45681
4232119.exe, 0.13699999999999998, , 0.0065, , 720.645404
4232119.exe, 0.1375, , 0.006666666666666666, , 720.695241
4232119.exe, 0.137, , 0.006666666666666666, , 721.656328
4232119.exe, 0.136, , 0.006666666666666666, , 722.107958
4232119.exe, 0.1375, , 0.006666666666666666, , 720.141168
4232119.exe, 0.1371666666666667, , 0.006666666666666666, , 721.715489
4232119.exe, 0.13733333333333334, , 0.006666666666666666, , 721.27345
4232119.exe, 0.13616666666666666, , 0.006666666666666666, , 720.298016
4736614.exe, 0.255, , 0.008833333333333334, , 1255.339191
4736614.exe, 0.2535, , 0.008666666666666666, , 1250.824835
4736614.exe, 0.253, , 0.008833333333333334, , 1252.65767
4736614.exe, 0.25433333333333336, , 0.008833333333333334, , 1252.962224
4736614.exe, 0.25466666666666665, , 0.008833333333333334, , 1254.493011
4736614.exe, 0.25383333333333336, , 0.008833333333333334, , 1253.663681
4736614.exe, 0.25533333333333336, , 0.008833333333333334, , 1258.363324
4736614.exe, 0.2568333333333333, , 0.008833333333333334, , 1251.585684
4736614.exe, 0.25716666666666665, , 0.008833333333333334, , 1253.820879
4736614.exe, 0.256, , 0.008833333333333334, , 1254.937527
5365488.exe, 0.19216666666666665, , 0.011166666666666665, , 1044.162314
5365488.exe, 0.19049999999999997, , 0.011166666666666665, , 1043.138813
5365488.exe, 0.19116666666666665, , 0.011166666666666665, , 1042.534284
5365488.exe, 0.19166666666666668, , 0.011166666666666665, , 1043.637665
5365488.exe, 0.19350000000000003, , 0.011166666666666665, , 1042.269613
5365488.exe, 0.19066666666666665, , 0.011166666666666665, , 1063.912343
5365488.exe, 0.19116666666666665, , 0.011166666666666665, , 1043.561827
5365488.exe, 0.19066666666666665, , 0.011166666666666665, , 1042.6117
5365488.exe, 0.1925, , 0.011166666666666665, , 1042.677547
5365488.exe, 0.19249999999999995, , 0.011166666666666665, , 1041.173559
5605071.exe, 0.22650000000000003, , 0.005666666666666668, , 1070.475492
5605071.exe, 0.22883333333333336, , 0.005666666666666668, , 1076.707726
5605071.exe, 0.2298333333333333, , 0.0058333333333333345, , 1081.972206
5605071.exe, 0.227, , 0.005666666666666668, , 1071.689083
5605071.exe, 0.225, , 0.005666666666666668, , 1072.122513
5605071.exe, 0.22783333333333336, , 0.005500000000000001, , 1074.818052
5605071.exe, 0.2283333333333333, , 0.005666666666666667, , 1070.531769
5605071.exe, 0.22783333333333336, , 0.005833333333333334, , 1075.858969
5605071.exe, 0.22699999999999998, , 0.005500000000000001, , 1072.361534
5605071.exe, 0.22866666666666668, , 0.005666666666666668, , 1077.881037
5747101.exe, 0.22933333333333333, , 0.0058333333333333345, , 1077.256733
5747101.exe, 0.228, , 0.005666666666666668, , 1079.663619
5747101.exe, 0.22849999999999998, , 0.005833333333333334, , 1081.390231
5747101.exe, 0.23033333333333333, , 0.0058333333333333345, , 1079.68082
5747101.exe, 0.22916666666666666, , 0.005666666666666668, , 1075.604295
5747101.exe, 0.23016666666666666, , 0.006000000000000001, , 1080.120744
5747101.exe, 0.22999999999999998, , 0.0058333333333333345, , 1076.848253
5747101.exe, 0.22866666666666666, , 0.005666666666666668, , 1073.169303
5747101.exe, 0.22799999999999995, , 0.005666666666666668, , 1073.229515
5747101.exe, 0.22833333333333336, , 0.005666666666666668, , 1075.948553
5996947.exe, 0.14183333333333337, , 0.006666666666666666, , 741.970285
5996947.exe, 0.14033333333333334, , 0.0065, , 742.202688
5996947.exe, 0.14150000000000001, , 0.006666666666666666, , 742.449758
5996947.exe, 0.14233333333333334, , 0.006666666666666666, , 742.224281
5996947.exe, 0.14116666666666663, , 0.006666666666666666, , 742.547997
5996947.exe, 0.1415, , 0.006666666666666666, , 741.289149
5996947.exe, 0.141, , 0.006666666666666666, , 739.171355
5996947.exe, 0.1411666666666667, , 0.006666666666666666, , 742.458486
5996947.exe, 0.1411666666666667, , 0.006666666666666666, , 740.800057
5996947.exe, 0.14016666666666663, , 0.006666666666666666, , 740.346309
6811790.exe, 0.137, , 0.006666666666666666, , 724.518571
6811790.exe, 0.13533333333333333, , 0.006666666666666666, , 748.666752
6811790.exe, 0.13649999999999998, , 0.006666666666666666, , 721.229914
6811790.exe, 0.1371666666666667, , 0.006666666666666666, , 720.267356
6811790.exe, 0.13783333333333334, , 0.006666666666666666, , 724.79967
6811790.exe, 0.136, , 0.006666666666666666, , 721.935286
6811790.exe, 0.1371666666666667, , 0.006666666666666666, , 721.34475
6811790.exe, 0.13633333333333333, , 0.006666666666666666, , 719.532785
6811790.exe, 0.13616666666666666, , 0.006666666666666666, , 719.831151
6811790.exe, 0.136, , 0.006666666666666666, , 721.187524
6965093.exe, 0.25816666666666666, , 0.008833333333333334, , 1273.843403
6965093.exe, 0.2605, , 0.009000000000000001, , 1279.911136
6965093.exe, 0.2596666666666666, , 0.009000000000000001, , 1275.079187
6965093.exe, 0.26, , 0.008833333333333334, , 1275.673545
6965093.exe, 0.26000000000000006, , 0.008833333333333334, , 1273.329629
6965093.exe, 0.26166666666666666, , 0.008833333333333334, , 1278.947209
6965093.exe, 0.2618333333333333, , 0.009000000000000001, , 1276.085426
6965093.exe, 0.26299999999999996, , 0.009166666666666667, , 1279.341288
6965093.exe, 0.26366666666666666, , 0.009166666666666667, , 1275.922974
6965093.exe, 0.2618333333333333, , 0.008833333333333334, , 1274.164422
7259642.exe, 0.26266666666666666, , 0.009000000000000001, , 1280.785322
7259642.exe, 0.27016666666666667, , 0.009166666666666667, , 1279.532729
7259642.exe, 0.2655, , 0.009166666666666667, , 1285.650424
7259642.exe, 0.2728333333333333, , 0.009166666666666667, , 1290.586654
7259642.exe, 0.29533333333333334, , 0.013333333333333332, , 1379.048797
7259642.exe, 0.298, , 0.014666666666666666, , 1390.00959
7259642.exe, 0.29333333333333333, , 0.013833333333333333, , 1380.351542
7259642.exe, 0.2851666666666667, , 0.013000000000000001, , 1353.733691
7259642.exe, 0.2813333333333333, , 0.011666666666666667, , 1340.518065
7259642.exe, 0.27316666666666667, , 0.010666666666666668, , 1306.300639
7663838.exe, 0.29100000000000004, , 0.011500000000000002, , 1434.001565
7663838.exe, 0.2905, , 0.011500000000000002, , 1433.260924
7663838.exe, 0.2901666666666667, , 0.011500000000000002, , 1429.61041
7663838.exe, 0.2903333333333334, , 0.011333333333333334, , 1430.34595
7663838.exe, 0.28983333333333333, , 0.011500000000000002, , 1429.085143
7663838.exe, 0.2903333333333333, , 0.011333333333333334, , 1428.652988
7663838.exe, 0.28983333333333333, , 0.011500000000000002, , 1427.929666
7663838.exe, 0.29, , 0.011500000000000002, , 1428.590212
7663838.exe, 0.29, , 0.011500000000000002, , 1430.051098
7663838.exe, 0.28966666666666663, , 0.011333333333333334, , 1433.229494
7731830.exe, 0.10233333333333333, , 0.0035, , 518.77407
7731830.exe, 0.10283333333333333, , 0.0035, , 517.559893
7731830.exe, 0.10316666666666666, , 0.0035, , 520.232388
7731830.exe, 0.10366666666666667, , 0.0035, , 521.169615
7731830.exe, 0.1035, , 0.0035, , 519.705739
7731830.exe, 0.10283333333333332, , 0.0035, , 517.497963
7731830.exe, 0.10366666666666667, , 0.0035, , 518.857344
7731830.exe, 0.10366666666666666, , 0.0035, , 518.594585
7731830.exe, 0.11033333333333332, , 0.0035, , 520.494693
7731830.exe, 0.10316666666666666, , 0.0035, , 519.715506
8513722.exe, 0.21899999999999997, , 0.005666666666666667, , 1018.614575
8513722.exe, 0.219, , 0.005666666666666667, , 1023.973228
8513722.exe, 0.21833333333333335, , 0.005666666666666667, , 1021.755596
8513722.exe, 0.21766666666666665, , 0.005666666666666667, , 1021.855341
8513722.exe, 0.21783333333333335, , 0.005666666666666667, , 1019.985582
8513722.exe, 0.21716666666666665, , 0.0055000000000000005, , 1027.0876
8513722.exe, 0.21783333333333335, , 0.005666666666666667, , 1024.566478
8513722.exe, 0.219, , 0.005666666666666667, , 1028.527464
8513722.exe, 0.21883333333333338, , 0.0055000000000000005, , 1028.299484
8513722.exe, 0.21800000000000003, , 0.0055000000000000005, , 1024.826197
943025.exe, 0.15266666666666667, , 0.007333333333333333, , 814.045487
943025.exe, 0.15249999999999997, , 0.007499999999999999, , 818.151296
943025.exe, 0.15166666666666667, , 0.007333333333333332, , 813.573984
943025.exe, 0.15283333333333332, , 0.007499999999999999, , 815.669364
943025.exe, 0.15283333333333332, , 0.007499999999999999, , 812.552153
943025.exe, 0.153, , 0.007333333333333332, , 815.037486
943025.exe, 0.15366666666666667, , 0.007499999999999999, , 816.142451
943025.exe, 0.15366666666666667, , 0.007499999999999999, , 816.261238
943025.exe, 0.161, , 0.007499999999999999, , 820.163522
943025.exe, 0.15216666666666664, , 0.007499999999999999, , 813.342212
