1146371.exe, 0.13216666666666665, , 0.005833333333333333, , 671.896289
1146371.exe, 0.12783333333333335, , 0.005833333333333333, , 646.607829
1146371.exe, 0.12883333333333333, , 0.005666666666666666, , 646.686242
1146371.exe, 0.1295, , 0.005666666666666666, , 647.33327
1146371.exe, 0.12966666666666665, , 0.005833333333333333, , 646.577377
1146371.exe, 0.12666666666666665, , 0.005833333333333333, , 660.646871
1146371.exe, 0.128, , 0.005833333333333333, , 647.136952
1146371.exe, 0.12633333333333335, , 0.005833333333333333, , 646.136997
1146371.exe, 0.12883333333333333, , 0.005833333333333333, , 647.486741
1146371.exe, 0.12833333333333333, , 0.005833333333333333, , 645.906727
1168165.exe, 0.16099999999999998, , 0.007166666666666666, , 858.648263
1168165.exe, 0.16066666666666665, , 0.006999999999999998, , 854.984434
1168165.exe, 0.15916666666666665, , 0.006999999999999998, , 855.462244
1168165.exe, 0.16133333333333333, , 0.006999999999999998, , 856.418814
1168165.exe, 0.15766666666666665, , 0.006999999999999998, , 845.684148
1168165.exe, 0.15799999999999997, , 0.006999999999999998, , 848.569485
1168165.exe, 0.1585, , 0.006999999999999998, , 848.567273
1168165.exe, 0.15949999999999998, , 0.006999999999999998, , 851.821949
1168165.exe, 0.15916666666666665, , 0.006999999999999998, , 859.502699
1168165.exe, 0.1598333333333333, , 0.006999999999999998, , 856.966535
1212213.exe, 0.12983333333333336, , 0.0065, , 686.736895
1212213.exe, 0.13033333333333333, , 0.0065, , 683.709374
1212213.exe, 0.13183333333333333, , 0.0065, , 686.722336
1212213.exe, 0.13, , 0.0065, , 683.599435
1212213.exe, 0.12933333333333333, , 0.0065, , 682.846412
1212213.exe, 0.13099999999999998, , 0.0065, , 686.72615
1212213.exe, 0.13033333333333333, , 0.0065, , 685.111853
1212213.exe, 0.12966666666666665, , 0.0065, , 684.168405
1212213.exe, 0.12950000000000003, , 0.0065, , 684.070368
1212213.exe, 0.12916666666666665, , 0.0065, , 683.427023
1240657.exe, 0.11533333333333333, , 0.004666666666666666, , 580.198943
1240657.exe, 0.114, , 0.004333333333333332, , 578.029816
1240657.exe, 0.11433333333333334, , 0.004666666666666666, , 579.594501
1240657.exe, 0.11499999999999998, , 0.004333333333333332, , 578.541842
1240657.exe, 0.11466666666666665, , 0.004333333333333332, , 576.334913
1240657.exe, 0.11199999999999997, , 0.004666666666666666, , 603.161745
1240657.exe, 0.11483333333333332, , 0.004666666666666666, , 579.596317
1240657.exe, 0.11449999999999999, , 0.0045, , 577.51122
1240657.exe, 0.1135, , 0.004333333333333332, , 576.716989
1240657.exe, 0.114, , 0.0045, , 577.673471
