1017851.exe, 0.06000000000000001, , 0.002, , 403.422282
1017851.exe, 0.0635, , 0.0015000000000000002, , 323.931798
1017851.exe, 0.06366666666666668, , 0.0013333333333333333, , 318.45319
1017851.exe, 0.06333333333333332, , 0.0011666666666666668, , 318.438261
1017851.exe, 0.06233333333333334, , 0.0013333333333333333, , 321.043786
1017851.exe, 0.06233333333333334, , 0.0011666666666666668, , 321.457446
1017851.exe, 0.06333333333333334, , 0.0013333333333333333, , 319.741474
1017851.exe, 0.06349999999999999, , 0.0013333333333333333, , 319.514023
1017851.exe, 0.062000000000000006, , 0.0013333333333333333, , 323.569496
1017851.exe, 0.06283333333333332, , 0.0013333333333333333, , 319.776247
1222596.exe, 0.06749999999999999, , 0.0016666666666666668, , 333.132348
1222596.exe, 0.06833333333333333, , 0.0016666666666666668, , 330.937011
1222596.exe, 0.06766666666666667, , 0.0015000000000000002, , 332.288526
1222596.exe, 0.068, , 0.0018333333333333333, , 330.962537
1222596.exe, 0.06733333333333333, , 0.0018333333333333333, , 332.313575
1222596.exe, 0.0685, , 0.0016666666666666668, , 331.343438
1222596.exe, 0.06833333333333334, , 0.0016666666666666668, , 330.067028
1222596.exe, 0.06783333333333334, , 0.0018333333333333333, , 333.740735
1222596.exe, 0.06716666666666667, , 0.0016666666666666668, , 331.521335
1222596.exe, 0.06833333333333333, , 0.0018333333333333333, , 329.830463
1333078.exe, 0.06766666666666667, , 0.0016666666666666668, , 340.07716
1333078.exe, 0.06683333333333333, , 0.0016666666666666668, , 346.091266
1333078.exe, 0.06783333333333333, , 0.002, , 340.148318
1333078.exe, 0.06683333333333333, , 0.0016666666666666668, , 344.16876
1333078.exe, 0.06783333333333334, , 0.0018333333333333333, , 339.63235
1333078.exe, 0.06816666666666667, , 0.0016666666666666668, , 341.889158
1333078.exe, 0.06783333333333334, , 0.0016666666666666668, , 341.486299
1333078.exe, 0.068, , 0.0018333333333333333, , 344.98688
1333078.exe, 0.06783333333333334, , 0.0015000000000000002, , 342.196779
1333078.exe, 0.06833333333333333, , 0.0018333333333333333, , 341.081865
1497005.exe, 0.08516666666666667, , 0.002, , 423.096314
1497005.exe, 0.08416666666666667, , 0.002, , 421.431415
1497005.exe, 0.08533333333333333, , 0.002, , 422.016579
1497005.exe, 0.08433333333333334, , 0.002, , 423.25942
1497005.exe, 0.08283333333333333, , 0.002, , 438.319211
1497005.exe, 0.085, , 0.002, , 424.261669
1497005.exe, 0.08483333333333333, , 0.002, , 423.408071
1497005.exe, 0.08416666666666667, , 0.002, , 424.151282
1497005.exe, 0.08383333333333334, , 0.002, , 423.199235
1497005.exe, 0.08316666666666667, , 0.002, , 422.150085
1682543.exe, 0.05466666666666667, , 0.001, , 275.216712
1682543.exe, 0.0555, , 0.0011666666666666668, , 276.35996
1682543.exe, 0.055833333333333325, , 0.0011666666666666668, , 277.836548
1682543.exe, 0.054000000000000006, , 0.001, , 272.617822
1682543.exe, 0.05550000000000001, , 0.001, , 276.494586
1682543.exe, 0.05533333333333334, , 0.0011666666666666668, , 274.909201
1682543.exe, 0.05566666666666666, , 0.0011666666666666668, , 278.04825
1682543.exe, 0.05516666666666667, , 0.0011666666666666668, , 275.954089
1682543.exe, 0.05516666666666667, , 0.001, , 277.106095
1682543.exe, 0.05450000000000001, , 0.001, , 271.838529
1738528.exe, 0.418, , 0.007833333333333335, , 1860.110781
1738528.exe, 0.4186666666666667, , 0.008, , 1862.138066
1738528.exe, 0.41816666666666674, , 0.007833333333333335, , 1859.416622
1738528.exe, 0.4168333333333333, , 0.008, , 1870.724641
1738528.exe, 0.415, , 0.008, , 1863.406804
1738528.exe, 0.42133333333333334, , 0.007833333333333335, , 1871.355923
1738528.exe, 0.42716666666666664, , 0.008, , 1897.532805
1738528.exe, 0.41750000000000004, , 0.007833333333333335, , 1858.363023
1738528.exe, 0.41783333333333333, , 0.007833333333333335, , 1862.331968
1738528.exe, 0.42049999999999993, , 0.007833333333333335, , 1857.629433
1753870.exe, 0.08466666666666665, , 0.002, , 431.868804
1753870.exe, 0.08316666666666667, , 0.002, , 432.900299
1753870.exe, 0.08400000000000002, , 0.002, , 434.805203
1753870.exe, 0.08366666666666665, , 0.002, , 434.228382
1753870.exe, 0.084, , 0.002, , 433.079576
1753870.exe, 0.08483333333333333, , 0.002, , 430.573565
1753870.exe, 0.08483333333333332, , 0.002, , 432.605395
1753870.exe, 0.08466666666666667, , 0.002, , 435.702146
1753870.exe, 0.08333333333333333, , 0.002, , 431.462334
1753870.exe, 0.08383333333333333, , 0.002, , 434.83604
1769129.exe, 0.3995, , 0.007500000000000001, , 1798.079167
1769129.exe, 0.4005, , 0.007500000000000001, , 1801.468727
1769129.exe, 0.40066666666666667, , 0.007500000000000001, , 1796.285653
1769129.exe, 0.4, , 0.007500000000000001, , 1796.240404
1769129.exe, 0.39916666666666667, , 0.007500000000000001, , 1798.501572
1769129.exe, 0.4013333333333333, , 0.007500000000000001, , 1799.287553
1769129.exe, 0.4006666666666667, , 0.007500000000000001, , 1797.336967
1769129.exe, 0.3998333333333334, , 0.007500000000000001, , 1799.040198
1769129.exe, 0.4005, , 0.007500000000000001, , 1801.295696
1769129.exe, 0.4058333333333334, , 0.007500000000000001, , 1806.768017
1818972.exe, 0.0545, , 0.001, , 298.666256
1818972.exe, 0.0545, , 0.001, , 295.42259
1818972.exe, 0.05483333333333333, , 0.0008333333333333334, , 294.744135
1818972.exe, 0.0555, , 0.0008333333333333334, , 294.486639
1818972.exe, 0.05633333333333333, , 0.001, , 291.391643
1818972.exe, 0.05466666666666666, , 0.0011666666666666668, , 297.950294
1818972.exe, 0.05583333333333333, , 0.0008333333333333334, , 292.831418
1818972.exe, 0.05566666666666667, , 0.0008333333333333334, , 294.573064
1818972.exe, 0.0555, , 0.0008333333333333334, , 294.32437
1818972.exe, 0.055, , 0.0008333333333333334, , 293.360443
1968707.exe, 0.10683333333333334, , 0.0023333333333333335, , 537.029578
1968707.exe, 0.10633333333333332, , 0.0023333333333333335, , 533.334855
1968707.exe, 0.10416666666666667, , 0.0023333333333333335, , 527.278797
1968707.exe, 0.10550000000000001, , 0.0023333333333333335, , 535.006195
1968707.exe, 0.10566666666666666, , 0.0023333333333333335, , 534.964606
1968707.exe, 0.10466666666666667, , 0.0023333333333333335, , 529.490578
1968707.exe, 0.1045, , 0.0023333333333333335, , 532.430391
1968707.exe, 0.105, , 0.0023333333333333335, , 530.646649
1968707.exe, 0.10533333333333333, , 0.0023333333333333335, , 534.395424
1968707.exe, 0.10533333333333333, , 0.0023333333333333335, , 535.102083
2174475.exe, 0.06199999999999999, , 0.0011666666666666668, , 311.107196
2174475.exe, 0.0625, , 0.0011666666666666668, , 312.968354
2174475.exe, 0.06183333333333333, , 0.0011666666666666668, , 313.691822
2174475.exe, 0.06183333333333333, , 0.0011666666666666668, , 315.856023
2174475.exe, 0.06199999999999999, , 0.0011666666666666668, , 314.910287
2174475.exe, 0.06166666666666667, , 0.0013333333333333333, , 314.349614
2174475.exe, 0.06183333333333333, , 0.0011666666666666668, , 313.695686
2174475.exe, 0.060666666666666674, , 0.0011666666666666668, , 319.800092
2174475.exe, 0.061000000000000006, , 0.0011666666666666668, , 314.909821
2174475.exe, 0.062166666666666676, , 0.0011666666666666668, , 311.572962
2399424.exe, 0.059166666666666666, , 0.0008333333333333334, , 295.874405
2399424.exe, 0.06000000000000001, , 0.0008333333333333334, , 296.74793
2399424.exe, 0.059833333333333336, , 0.001, , 297.925056
2399424.exe, 0.05916666666666667, , 0.001, , 297.424378
2399424.exe, 0.05916666666666667, , 0.0008333333333333334, , 296.513781
2399424.exe, 0.05816666666666667, , 0.0008333333333333334, , 299.226542
2399424.exe, 0.05833333333333334, , 0.0008333333333333334, , 299.53801
2399424.exe, 0.058166666666666665, , 0.0008333333333333334, , 300.856021
2399424.exe, 0.059333333333333335, , 0.0008333333333333334, , 296.041785
2399424.exe, 0.058666666666666666, , 0.0008333333333333334, , 295.744779
2414239.exe, 0.06033333333333334, , 0.001, , 299.836841
2414239.exe, 0.06016666666666667, , 0.001, , 299.635455
2414239.exe, 0.059833333333333336, , 0.0008333333333333334, , 302.358816
2414239.exe, 0.05916666666666667, , 0.0011666666666666668, , 302.446371
2414239.exe, 0.060166666666666674, , 0.0011666666666666668, , 303.512536
2414239.exe, 0.05983333333333333, , 0.0011666666666666668, , 303.303258
2414239.exe, 0.059833333333333336, , 0.0008333333333333334, , 300.30681
2414239.exe, 0.06000000000000001, , 0.001, , 300.582736
2414239.exe, 0.060166666666666674, , 0.001, , 298.552816
2414239.exe, 0.05933333333333333, , 0.001, , 304.233789
2467389.exe, 0.06083333333333333, , 0.001, , 301.020193
2467389.exe, 0.060333333333333336, , 0.001, , 302.917753
2467389.exe, 0.06066666666666667, , 0.0011666666666666668, , 303.413167
2467389.exe, 0.059666666666666666, , 0.001, , 302.137506
2467389.exe, 0.060166666666666674, , 0.0011666666666666668, , 303.337665
2467389.exe, 0.059500000000000004, , 0.001, , 305.777996
2467389.exe, 0.06066666666666667, , 0.001, , 300.642589
2467389.exe, 0.060333333333333336, , 0.001, , 300.596441
2467389.exe, 0.060166666666666674, , 0.0008333333333333334, , 301.149798
2467389.exe, 0.0605, , 0.001, , 300.691164
2539436.exe, 0.06866666666666667, , 0.0016666666666666668, , 340.40438
2539436.exe, 0.06733333333333333, , 0.0016666666666666668, , 346.444101
2539436.exe, 0.06766666666666668, , 0.0016666666666666668, , 342.230909
2539436.exe, 0.06716666666666667, , 0.0016666666666666668, , 346.416222
2539436.exe, 0.06733333333333333, , 0.0016666666666666668, , 344.774071
2539436.exe, 0.06816666666666667, , 0.0016666666666666668, , 340.68639
2539436.exe, 0.06783333333333334, , 0.0016666666666666668, , 342.894379
2539436.exe, 0.06833333333333334, , 0.0016666666666666668, , 343.101607
2539436.exe, 0.06833333333333333, , 0.0016666666666666668, , 342.717788
2539436.exe, 0.06816666666666668, , 0.0016666666666666668, , 342.442175
2619764.exe, 0.05616666666666667, , 0.0008333333333333334, , 289.108008
2619764.exe, 0.05416666666666667, , 0.0008333333333333334, , 293.36294
2619764.exe, 0.05616666666666668, , 0.0008333333333333334, , 289.218925
2619764.exe, 0.05583333333333333, , 0.0008333333333333334, , 287.208844
2619764.exe, 0.05633333333333333, , 0.0008333333333333334, , 288.727671
2619764.exe, 0.05583333333333333, , 0.0011666666666666665, , 297.986854
2619764.exe, 0.0565, , 0.0008333333333333334, , 291.32237
2619764.exe, 0.05700000000000001, , 0.001, , 292.748577
2619764.exe, 0.055, , 0.001, , 291.128192
2619764.exe, 0.05516666666666666, , 0.0008333333333333334, , 291.425696
2664872.exe, 0.058833333333333335, , 0.0011666666666666668, , 311.10707
2664872.exe, 0.059666666666666666, , 0.0011666666666666668, , 306.922578
2664872.exe, 0.059333333333333335, , 0.0011666666666666668, , 311.441632
2664872.exe, 0.06083333333333333, , 0.0011666666666666668, , 307.099213
2664872.exe, 0.0605, , 0.0011666666666666668, , 307.167372
2664872.exe, 0.060166666666666674, , 0.0011666666666666668, , 307.415662
2664872.exe, 0.05933333333333334, , 0.0011666666666666668, , 311.463444
2664872.exe, 0.05933333333333334, , 0.0011666666666666668, , 311.281007
2664872.exe, 0.060333333333333336, , 0.0011666666666666668, , 306.753652
2664872.exe, 0.060833333333333336, , 0.0013333333333333333, , 307.908168
2754917.exe, 0.07566666666666667, , 0.002, , 371.555623
2754917.exe, 0.07616666666666667, , 0.002, , 373.861182
2754917.exe, 0.07683333333333334, , 0.002, , 374.947629
2754917.exe, 0.07633333333333334, , 0.002, , 370.791829
2754917.exe, 0.077, , 0.002, , 373.509127
2754917.exe, 0.07616666666666667, , 0.002, , 372.034781
2754917.exe, 0.07566666666666667, , 0.002, , 375.266923
2754917.exe, 0.0765, , 0.002, , 370.336819
2754917.exe, 0.07650000000000001, , 0.002, , 371.026535
2754917.exe, 0.07566666666666667, , 0.002, , 372.660556
2820114.exe, 0.05566666666666666, , 0.0008333333333333334, , 294.642176
2820114.exe, 0.0565, , 0.0008333333333333334, , 289.564552
2820114.exe, 0.055833333333333325, , 0.001, , 297.639233
2820114.exe, 0.05583333333333333, , 0.001, , 294.893298
2820114.exe, 0.05616666666666667, , 0.0008333333333333334, , 292.500616
2820114.exe, 0.05633333333333334, , 0.0008333333333333334, , 291.995389
2820114.exe, 0.0565, , 0.0008333333333333334, , 292.380723
2820114.exe, 0.056666666666666664, , 0.0008333333333333334, , 290.562311
2820114.exe, 0.0565, , 0.0008333333333333334, , 291.261806
2820114.exe, 0.05583333333333333, , 0.001, , 297.540744
2983368.exe, 0.09383333333333334, , 0.0023333333333333335, , 471.000861
2983368.exe, 0.09383333333333331, , 0.0023333333333333335, , 468.873878
2983368.exe, 0.09333333333333332, , 0.0021666666666666666, , 469.538706
2983368.exe, 0.09466666666666666, , 0.0023333333333333335, , 470.572801
2983368.exe, 0.09400000000000001, , 0.0023333333333333335, , 470.277638
2983368.exe, 0.09316666666666666, , 0.0023333333333333335, , 472.370956
2983368.exe, 0.094, , 0.0023333333333333335, , 473.903108
2983368.exe, 0.09400000000000001, , 0.0023333333333333335, , 471.751851
2983368.exe, 0.09499999999999999, , 0.0023333333333333335, , 471.801415
2983368.exe, 0.09533333333333331, , 0.0023333333333333335, , 472.978441
3008897.exe, 0.05800000000000001, , 0.001, , 303.172833
3008897.exe, 0.0565, , 0.0011666666666666668, , 307.825094
3008897.exe, 0.058, , 0.001, , 303.880376
3008897.exe, 0.0585, , 0.001, , 300.297277
3008897.exe, 0.0585, , 0.0008333333333333334, , 299.715858
3008897.exe, 0.0565, , 0.0011666666666666668, , 308.788919
3008897.exe, 0.05866666666666666, , 0.0008333333333333334, , 299.720464
3008897.exe, 0.0575, , 0.001, , 303.769614
3008897.exe, 0.058333333333333334, , 0.001, , 304.186539
3008897.exe, 0.05866666666666667, , 0.001, , 299.647679
3261436.exe, 0.42483333333333334, , 0.008, , 1892.201321
3261436.exe, 0.42433333333333334, , 0.008166666666666668, , 1892.741211
3261436.exe, 0.42266666666666663, , 0.008, , 1887.798363
3261436.exe, 0.4233333333333334, , 0.008, , 1889.072344
3261436.exe, 0.42600000000000005, , 0.008, , 1887.440977
3261436.exe, 0.42566666666666664, , 0.008, , 1887.558832
3261436.exe, 0.42450000000000004, , 0.008, , 1888.323058
3261436.exe, 0.42350000000000004, , 0.008, , 1887.567835
3261436.exe, 0.4245, , 0.008, , 1893.48398
3261436.exe, 0.42750000000000005, , 0.008166666666666668, , 1891.420808
3341389.exe, 0.05616666666666667, , 0.001, , 298.385508
3341389.exe, 0.057, , 0.0008333333333333334, , 292.27892
3341389.exe, 0.05583333333333333, , 0.0008333333333333334, , 296.522361
3341389.exe, 0.05699999999999999, , 0.001, , 292.158314
3341389.exe, 0.05666666666666667, , 0.0008333333333333334, , 291.662377
3341389.exe, 0.0565, , 0.0008333333333333334, , 292.434368
3341389.exe, 0.0565, , 0.0008333333333333334, , 293.841204
3341389.exe, 0.05683333333333333, , 0.0008333333333333334, , 291.443368
3341389.exe, 0.0565, , 0.0008333333333333334, , 295.486058
3341389.exe, 0.05733333333333333, , 0.0008333333333333334, , 291.302122
3564194.exe, 0.05333333333333333, , 0.001, , 280.028165
3564194.exe, 0.05383333333333332, , 0.0008333333333333334, , 277.984669
3564194.exe, 0.054000000000000006, , 0.0008333333333333334, , 276.796392
3564194.exe, 0.06083333333333332, , 0.0011666666666666668, , 278.786202
3564194.exe, 0.053, , 0.0008333333333333334, , 281.96816
3564194.exe, 0.05383333333333332, , 0.0008333333333333334, , 276.811075
3564194.exe, 0.0535, , 0.0008333333333333334, , 278.169743
3564194.exe, 0.05333333333333333, , 0.0008333333333333334, , 278.078582
3564194.exe, 0.0545, , 0.001, , 280.932036
3564194.exe, 0.05416666666666667, , 0.0008333333333333334, , 276.648711
3608182.exe, 0.06566666666666666, , 0.0011666666666666668, , 310.480072
3608182.exe, 0.05500000000000001, , 0.0008333333333333334, , 300.61297
3608182.exe, 0.056666666666666664, , 0.0008333333333333334, , 292.240269
3608182.exe, 0.0625, , 0.0015, , 298.73171
3608182.exe, 0.06383333333333334, , 0.0026666666666666666, , 303.638907
3608182.exe, 0.06283333333333334, , 0.0026666666666666666, , 300.608324
3608182.exe, 0.06233333333333333, , 0.0023333333333333335, , 300.503511
3608182.exe, 0.062166666666666676, , 0.002333333333333333, , 299.340846
3608182.exe, 0.061500000000000006, , 0.0025, , 302.926014
3608182.exe, 0.06183333333333333, , 0.0021666666666666666, , 300.166646
3627461.exe, 0.059833333333333336, , 0.002, , 299.437699
3627461.exe, 0.060666666666666674, , 0.0021666666666666666, , 300.481373
3627461.exe, 0.06100000000000001, , 0.002, , 303.544491
3627461.exe, 0.06066666666666667, , 0.002, , 301.654612
3627461.exe, 0.060666666666666674, , 0.002, , 302.204781
3627461.exe, 0.061000000000000006, , 0.002, , 300.688871
3627461.exe, 0.05983333333333333, , 0.002, , 296.170305
3627461.exe, 0.05916666666666667, , 0.002, , 296.437251
3627461.exe, 0.060166666666666674, , 0.0018333333333333333, , 298.546132
3627461.exe, 0.059833333333333336, , 0.0018333333333333333, , 301.233676
3731597.exe, 0.3901666666666667, , 0.009333333333333332, , 2129.04241
3731597.exe, 0.3803333333333334, , 0.008833333333333334, , 2097.89029
3731597.exe, 0.3891666666666666, , 0.008833333333333334, , 2139.866047
3731597.exe, 0.3831666666666667, , 0.009000000000000001, , 2113.557842
3731597.exe, 0.3796666666666667, , 0.009000000000000001, , 2096.738033
3731597.exe, 0.386, , 0.009000000000000001, , 2125.155521
3731597.exe, 0.3806666666666667, , 0.008833333333333334, , 2102.684787
3731597.exe, 0.383, , 0.009000000000000001, , 2112.795974
3731597.exe, 0.3835, , 0.009000000000000001, , 2111.765887
3731597.exe, 0.3825, , 0.009000000000000001, , 2106.970354
4162031.exe, 0.06016666666666666, , 0.001, , 283.433626
4162031.exe, 0.05433333333333333, , 0.001, , 274.749972
4162031.exe, 0.0535, , 0.0011666666666666668, , 280.133229
4162031.exe, 0.055, , 0.001, , 276.319505
4162031.exe, 0.05366666666666666, , 0.0008333333333333334, , 274.921174
4162031.exe, 0.05466666666666667, , 0.0008333333333333334, , 277.033819
4162031.exe, 0.05483333333333333, , 0.001, , 276.580095
4162031.exe, 0.05500000000000001, , 0.001, , 276.248078
4162031.exe, 0.05483333333333333, , 0.0011666666666666668, , 276.530304
4162031.exe, 0.05483333333333333, , 0.0011666666666666668, , 277.64112
4232498.exe, 0.061166666666666675, , 0.0018333333333333333, , 322.108632
4232498.exe, 0.060833333333333336, , 0.0013333333333333333, , 317.775999
4232498.exe, 0.060166666666666674, , 0.0015, , 322.209894
4232498.exe, 0.06066666666666667, , 0.0015000000000000002, , 318.621168
4232498.exe, 0.0605, , 0.0016666666666666666, , 324.2911
4232498.exe, 0.06116666666666667, , 0.0015, , 319.237506
4232498.exe, 0.06066666666666667, , 0.0015000000000000002, , 320.552487
4232498.exe, 0.060833333333333336, , 0.0015000000000000002, , 320.848207
4232498.exe, 0.06066666666666666, , 0.0015000000000000002, , 316.736145
4232498.exe, 0.06016666666666667, , 0.0015000000000000002, , 322.64692
4392621.exe, 0.05183333333333333, , 0.0008333333333333334, , 268.026423
4392621.exe, 0.05233333333333333, , 0.0008333333333333334, , 266.09246
4392621.exe, 0.050166666666666665, , 0.0008333333333333334, , 270.730042
4392621.exe, 0.051333333333333335, , 0.0008333333333333334, , 267.932969
4392621.exe, 0.05266666666666666, , 0.0008333333333333334, , 269.398862
4392621.exe, 0.050833333333333335, , 0.0008333333333333334, , 264.720254
4392621.exe, 0.05116666666666667, , 0.001, , 271.800847
4392621.exe, 0.050333333333333334, , 0.0008333333333333334, , 271.762896
4392621.exe, 0.05183333333333333, , 0.0008333333333333334, , 268.789803
4392621.exe, 0.052000000000000005, , 0.0008333333333333334, , 268.292723
4580317.exe, 0.06583333333333334, , 0.0018333333333333333, , 331.279839
4580317.exe, 0.06666666666666667, , 0.0018333333333333333, , 331.033018
4580317.exe, 0.06633333333333333, , 0.0018333333333333333, , 334.369944
4580317.exe, 0.06616666666666668, , 0.0018333333333333333, , 332.47691
4580317.exe, 0.06716666666666667, , 0.0018333333333333333, , 332.019745
4580317.exe, 0.06616666666666667, , 0.0018333333333333333, , 330.146288
4580317.exe, 0.06733333333333333, , 0.0018333333333333333, , 330.38697
4580317.exe, 0.06716666666666667, , 0.0018333333333333333, , 331.251015
4580317.exe, 0.06733333333333331, , 0.0018333333333333333, , 330.54703
4580317.exe, 0.06749999999999999, , 0.0016666666666666668, , 330.489737
4771936.exe, 0.1145, , 0.0026666666666666666, , 579.424095
4771936.exe, 0.11433333333333334, , 0.0026666666666666666, , 579.130938
4771936.exe, 0.1225, , 0.0026666666666666666, , 586.377005
4771936.exe, 0.11433333333333334, , 0.0026666666666666666, , 575.507923
4771936.exe, 0.11366666666666667, , 0.0026666666666666666, , 576.341528
4771936.exe, 0.11316666666666667, , 0.0026666666666666666, , 579.194376
4771936.exe, 0.11483333333333334, , 0.0026666666666666666, , 578.982738
4771936.exe, 0.11466666666666668, , 0.0026666666666666666, , 576.944594
4771936.exe, 0.11466666666666665, , 0.0026666666666666666, , 576.296386
4771936.exe, 0.11533333333333333, , 0.0026666666666666666, , 576.934817
5073456.exe, 0.060000000000000005, , 0.0011666666666666668, , 306.984947
5073456.exe, 0.059500000000000004, , 0.0013333333333333333, , 308.798528
5073456.exe, 0.05916666666666668, , 0.0013333333333333333, , 305.538036
5073456.exe, 0.05900000000000001, , 0.001, , 305.128221
5073456.exe, 0.05850000000000001, , 0.0011666666666666668, , 308.535411
5073456.exe, 0.058833333333333335, , 0.0013333333333333333, , 305.608701
5073456.exe, 0.05883333333333333, , 0.0011666666666666668, , 305.820974
5073456.exe, 0.059500000000000004, , 0.0008333333333333334, , 305.922178
5073456.exe, 0.05816666666666667, , 0.001, , 305.385102
5073456.exe, 0.060666666666666674, , 0.0011666666666666668, , 306.527389
515379.exe, 0.06266666666666666, , 0.0013333333333333333, , 314.622728
515379.exe, 0.063, , 0.0015000000000000002, , 315.13855
515379.exe, 0.06216666666666667, , 0.0013333333333333333, , 314.275311
515379.exe, 0.06216666666666667, , 0.0013333333333333333, , 315.020397
515379.exe, 0.062000000000000006, , 0.0011666666666666668, , 317.442814
515379.exe, 0.06283333333333334, , 0.0013333333333333333, , 315.884353
515379.exe, 0.0625, , 0.0013333333333333333, , 320.136297
515379.exe, 0.06349999999999999, , 0.0013333333333333333, , 314.58531
515379.exe, 0.06183333333333333, , 0.0011666666666666668, , 317.085266
515379.exe, 0.063, , 0.0011666666666666668, , 313.644117
515918.exe, 0.05483333333333333, , 0.0008333333333333334, , 281.475361
515918.exe, 0.05516666666666667, , 0.0008333333333333334, , 280.660337
515918.exe, 0.05366666666666666, , 0.0008333333333333334, , 281.626037
515918.exe, 0.05333333333333333, , 0.001, , 284.50147
515918.exe, 0.054, , 0.0008333333333333334, , 280.381402
515918.exe, 0.0545, , 0.0008333333333333334, , 280.831651
515918.exe, 0.054833333333333324, , 0.0008333333333333334, , 280.31321
515918.exe, 0.05433333333333333, , 0.0008333333333333334, , 279.345703
515918.exe, 0.05433333333333334, , 0.0008333333333333334, , 281.177037
515918.exe, 0.05366666666666667, , 0.0008333333333333334, , 283.270461
5220159.exe, 0.07933333333333333, , 0.0016666666666666668, , 405.145201
5220159.exe, 0.08083333333333334, , 0.0018333333333333335, , 402.194793
5220159.exe, 0.08, , 0.0016666666666666668, , 401.909093
5220159.exe, 0.07949999999999999, , 0.0016666666666666668, , 402.051395
5220159.exe, 0.081, , 0.0016666666666666668, , 405.216686
5220159.exe, 0.08083333333333334, , 0.0016666666666666668, , 405.395244
5220159.exe, 0.08016666666666668, , 0.0016666666666666668, , 403.543645
5220159.exe, 0.08133333333333333, , 0.0016666666666666668, , 404.594636
5220159.exe, 0.07983333333333333, , 0.0016666666666666668, , 400.766193
5220159.exe, 0.08, , 0.0016666666666666668, , 402.405868
5306249.exe, 0.071, , 0.002, , 355.409241
5306249.exe, 0.07233333333333333, , 0.002, , 357.506739
5306249.exe, 0.07133333333333333, , 0.002, , 358.282026
5306249.exe, 0.07183333333333335, , 0.002, , 358.480004
5306249.exe, 0.07233333333333333, , 0.0018333333333333333, , 359.968569
5306249.exe, 0.07133333333333332, , 0.002, , 357.35891
5306249.exe, 0.07133333333333332, , 0.002, , 358.849678
5306249.exe, 0.07216666666666667, , 0.002, , 355.51414
5306249.exe, 0.07200000000000001, , 0.002, , 356.758533
5306249.exe, 0.07183333333333335, , 0.002, , 358.580216
5543997.exe, 0.107, , 0.0023333333333333335, , 547.871258
5543997.exe, 0.10666666666666667, , 0.0023333333333333335, , 548.768916
5543997.exe, 0.11516666666666667, , 0.0025, , 554.026606
5543997.exe, 0.107, , 0.0023333333333333335, , 548.805901
5543997.exe, 0.10650000000000001, , 0.0023333333333333335, , 547.417466
5543997.exe, 0.10783333333333332, , 0.0023333333333333335, , 548.310036
5543997.exe, 0.1085, , 0.0023333333333333335, , 549.401532
5543997.exe, 0.10616666666666667, , 0.0025, , 566.817097
5543997.exe, 0.10800000000000001, , 0.0023333333333333335, , 548.417026
5543997.exe, 0.10733333333333335, , 0.0023333333333333335, , 546.734717
5544001.exe, 0.10716666666666667, , 0.0023333333333333335, , 548.222412
5544001.exe, 0.107, , 0.0023333333333333335, , 549.052286
5544001.exe, 0.10666666666666667, , 0.0023333333333333335, , 547.460572
5544001.exe, 0.10733333333333335, , 0.0023333333333333335, , 546.93387
5544001.exe, 0.10783333333333335, , 0.0023333333333333335, , 548.476126
5544001.exe, 0.107, , 0.0023333333333333335, , 546.69675
5544001.exe, 0.10666666666666667, , 0.0023333333333333335, , 546.803002
5544001.exe, 0.10733333333333335, , 0.0023333333333333335, , 547.497153
5544001.exe, 0.10683333333333334, , 0.0023333333333333335, , 549.24782
5544001.exe, 0.10733333333333335, , 0.0023333333333333335, , 548.083183
5559815.exe, 0.44233333333333336, , 0.008166666666666668, , 1930.876729
5559815.exe, 0.44316666666666665, , 0.008, , 1927.349281
5559815.exe, 0.43866666666666665, , 0.008, , 1926.834301
5559815.exe, 0.4375, , 0.008, , 1920.204057
5559815.exe, 0.44866666666666666, , 0.008, , 1925.284373
5559815.exe, 0.4391666666666666, , 0.008, , 1924.689361
5559815.exe, 0.4375, , 0.008, , 1929.414632
5559815.exe, 0.4361666666666666, , 0.008, , 1920.209092
5559815.exe, 0.43516666666666665, , 0.008, , 1922.727909
5559815.exe, 0.43816666666666665, , 0.008166666666666668, , 1929.416438
5794471.exe, 0.093, , 0.0018333333333333335, , 457.71825
5794471.exe, 0.08566666666666668, , 0.002, , 447.542805
5794471.exe, 0.08683333333333333, , 0.002, , 452.394351
5794471.exe, 0.087, , 0.002, , 460.254676
5794471.exe, 0.08583333333333333, , 0.002, , 452.916852
5794471.exe, 0.085, , 0.002, , 454.27439
5794471.exe, 0.08766666666666668, , 0.002, , 454.223201
5794471.exe, 0.08216666666666667, , 0.0021666666666666666, , 464.759859
5794471.exe, 0.0865, , 0.002, , 450.896005
5794471.exe, 0.08566666666666665, , 0.002, , 450.986226
5797219.exe, 0.050166666666666665, , 0.0008333333333333334, , 263.699122
5797219.exe, 0.05016666666666667, , 0.0008333333333333334, , 263.590823
5797219.exe, 0.050666666666666665, , 0.0008333333333333334, , 263.031957
5797219.exe, 0.050333333333333334, , 0.0008333333333333334, , 262.831803
5797219.exe, 0.0505, , 0.0008333333333333334, , 263.201101
5797219.exe, 0.050333333333333334, , 0.0008333333333333334, , 262.615576
5797219.exe, 0.05, , 0.0008333333333333334, , 264.696754
5797219.exe, 0.0505, , 0.0008333333333333334, , 263.658667
5797219.exe, 0.050333333333333334, , 0.0008333333333333334, , 262.768424
5797219.exe, 0.051000000000000004, , 0.0008333333333333334, , 263.052245
