1943931.exe, 0.05683333333333333, , 0.0016666666666666668, , 373.117124
1943931.exe, 0.05999999999999999, , 0.0011666666666666668, , 305.959012
1943931.exe, 0.06033333333333334, , 0.0011666666666666668, , 307.593542
1943931.exe, 0.058833333333333335, , 0.0013333333333333333, , 310.493136
1943931.exe, 0.06083333333333333, , 0.0011666666666666668, , 304.793926
1943931.exe, 0.06016666666666667, , 0.0011666666666666668, , 309.066746
1943931.exe, 0.06066666666666666, , 0.001, , 303.812437
1943931.exe, 0.060333333333333336, , 0.0011666666666666668, , 304.839201
1943931.exe, 0.06099999999999999, , 0.0011666666666666668, , 306.512981
1943931.exe, 0.06016666666666667, , 0.001, , 303.598939
2520984.exe, 0.056, , 0.0011666666666666668, , 291.855791
2520984.exe, 0.05516666666666667, , 0.0011666666666666668, , 303.073207
2520984.exe, 0.05583333333333333, , 0.0008333333333333334, , 289.732142
2520984.exe, 0.0565, , 0.0008333333333333334, , 291.727532
2520984.exe, 0.05583333333333333, , 0.001, , 288.727098
2520984.exe, 0.05433333333333334, , 0.0008333333333333334, , 289.902732
2520984.exe, 0.057166666666666664, , 0.001, , 294.381213
2520984.exe, 0.05733333333333333, , 0.0011666666666666668, , 294.680549
2520984.exe, 0.05633333333333334, , 0.001, , 291.848488
2520984.exe, 0.05616666666666667, , 0.001, , 293.527713
2636614.exe, 0.45266666666666666, , 0.010666666666666666, , 2478.266988
2636614.exe, 0.45349999999999996, , 0.010333333333333333, , 2491.104319
2636614.exe, 0.45, , 0.010666666666666666, , 2491.665783
2636614.exe, 0.454, , 0.010666666666666666, , 2497.244068
2636614.exe, 0.4513333333333333, , 0.0105, , 2491.743568
2636614.exe, 0.44516666666666665, , 0.010333333333333333, , 2467.85122
2636614.exe, 0.4498333333333333, , 0.010666666666666666, , 2484.120861
2636614.exe, 0.45016666666666666, , 0.010666666666666666, , 2497.548228
2636614.exe, 0.45016666666666666, , 0.0105, , 2477.422744
2636614.exe, 0.45583333333333337, , 0.010666666666666666, , 2487.809673
2695910.exe, 0.06533333333333333, , 0.0016666666666666668, , 334.280247
2695910.exe, 0.067, , 0.0015000000000000002, , 331.484468
2695910.exe, 0.06633333333333334, , 0.0015000000000000002, , 333.770993
2695910.exe, 0.06566666666666666, , 0.0015000000000000002, , 331.70431
2695910.exe, 0.06616666666666667, , 0.0015000000000000002, , 331.077813
2695910.exe, 0.06633333333333333, , 0.0015000000000000002, , 331.432761
2695910.exe, 0.066, , 0.0016666666666666668, , 331.613198
2695910.exe, 0.065, , 0.0015000000000000002, , 335.237491
2695910.exe, 0.06616666666666667, , 0.0016666666666666668, , 331.363924
2695910.exe, 0.06566666666666666, , 0.0016666666666666668, , 334.290444
3048609.exe, 0.08716666666666666, , 0.0016666666666666668, , 454.605008
3048609.exe, 0.0895, , 0.0016666666666666668, , 455.270508
3048609.exe, 0.09233333333333334, , 0.002, , 468.133165
3048609.exe, 0.08933333333333332, , 0.0016666666666666668, , 457.076165
3048609.exe, 0.08966666666666666, , 0.0018333333333333335, , 461.596445
3048609.exe, 0.0875, , 0.0016666666666666668, , 455.345099
3048609.exe, 0.09016666666666667, , 0.0018333333333333335, , 462.707029
3048609.exe, 0.08833333333333333, , 0.0016666666666666668, , 455.934409
3048609.exe, 0.08816666666666667, , 0.0016666666666666668, , 453.841445
3048609.exe, 0.08866666666666667, , 0.0016666666666666668, , 457.047836
3457019.exe, 0.052, , 0.0008333333333333334, , 275.137313
3457019.exe, 0.051166666666666666, , 0.001, , 278.567989
3457019.exe, 0.05149999999999999, , 0.0008333333333333334, , 278.296863
3457019.exe, 0.051666666666666666, , 0.0008333333333333334, , 275.162688
3457019.exe, 0.05216666666666666, , 0.0008333333333333334, , 274.838471
3457019.exe, 0.05183333333333333, , 0.0008333333333333334, , 277.676589
3457019.exe, 0.052333333333333336, , 0.0008333333333333334, , 275.140304
3457019.exe, 0.0515, , 0.001, , 278.457238
3457019.exe, 0.052, , 0.0008333333333333334, , 275.672801
3457019.exe, 0.05216666666666667, , 0.0008333333333333334, , 274.386167
363509.exe, 0.064, , 0.0015000000000000002, , 330.14563
363509.exe, 0.064, , 0.0015000000000000002, , 332.512318
363509.exe, 0.063, , 0.0015000000000000002, , 337.110137
363509.exe, 0.06433333333333334, , 0.0015000000000000002, , 330.493917
363509.exe, 0.06349999999999999, , 0.0015000000000000002, , 331.518568
363509.exe, 0.06366666666666668, , 0.0015000000000000002, , 330.949032
363509.exe, 0.06383333333333334, , 0.0015000000000000002, , 330.514778
363509.exe, 0.06316666666666666, , 0.0015000000000000002, , 336.885605
363509.exe, 0.0645, , 0.0015000000000000002, , 331.998526
363509.exe, 0.06466666666666666, , 0.0015000000000000002, , 332.179019
3666543.exe, 0.004666666666666667, , 0.0, , 31.104649
3666543.exe, 0.004999999999999999, , 0.0, , 29.784992
3666543.exe, 0.005500000000000001, , 0.0, , 28.188019
3666543.exe, 0.005000000000000001, , 0.0, , 28.058601
3666543.exe, 0.004833333333333334, , 0.0, , 28.163121
3666543.exe, 0.0055000000000000005, , 0.0, , 28.052365
3666543.exe, 0.005666666666666667, , 0.0, , 28.21116
3666543.exe, 0.005333333333333334, , 0.0, , 28.399624
3666543.exe, 0.005666666666666666, , 0.0, , 28.217373
3666543.exe, 0.005333333333333334, , 0.0, , 28.347272
4046853.exe, 0.060333333333333336, , 0.0011666666666666668, , 304.661814
4046853.exe, 0.059500000000000004, , 0.0013333333333333333, , 306.868901
4046853.exe, 0.0605, , 0.0011666666666666668, , 306.074835
4046853.exe, 0.060333333333333336, , 0.0011666666666666668, , 305.671756
4046853.exe, 0.060333333333333336, , 0.0011666666666666668, , 306.393648
4046853.exe, 0.060166666666666674, , 0.001, , 304.768602
4046853.exe, 0.060333333333333336, , 0.0013333333333333333, , 305.298715
4046853.exe, 0.059666666666666666, , 0.0011666666666666668, , 305.926061
4046853.exe, 0.060000000000000005, , 0.0011666666666666668, , 307.860895
4046853.exe, 0.060666666666666674, , 0.0011666666666666668, , 304.49564
5075663.exe, 0.09800000000000002, , 0.002, , 505.774609
5075663.exe, 0.09499999999999999, , 0.002, , 499.597539
5075663.exe, 0.09700000000000002, , 0.002, , 501.283567
5075663.exe, 0.09616666666666666, , 0.002, , 505.969985
5075663.exe, 0.0965, , 0.002, , 500.856447
5075663.exe, 0.09733333333333334, , 0.002, , 502.214912
5075663.exe, 0.09616666666666669, , 0.002, , 499.255132
5075663.exe, 0.09466666666666668, , 0.002, , 497.002401
5075663.exe, 0.09583333333333334, , 0.002, , 500.199773
5075663.exe, 0.09733333333333333, , 0.002, , 503.832054
5104802.exe, 0.05183333333333332, , 0.0008333333333333334, , 269.864979
5104802.exe, 0.050333333333333334, , 0.0008333333333333334, , 276.867961
5104802.exe, 0.051333333333333335, , 0.0008333333333333334, , 272.054353
5104802.exe, 0.0515, , 0.0008333333333333334, , 271.03825
5104802.exe, 0.052, , 0.0008333333333333334, , 269.886516
5104802.exe, 0.05083333333333333, , 0.0008333333333333334, , 274.887898
5104802.exe, 0.05233333333333333, , 0.0008333333333333334, , 271.317436
5104802.exe, 0.05233333333333333, , 0.0008333333333333334, , 270.865359
5104802.exe, 0.05233333333333333, , 0.0008333333333333334, , 270.533569
5104802.exe, 0.0525, , 0.0008333333333333334, , 270.264375
5409465.exe, 0.0815, , 0.0018333333333333333, , 412.465825
5409465.exe, 0.08299999999999999, , 0.0018333333333333333, , 416.767743
5409465.exe, 0.08066666666666666, , 0.0018333333333333333, , 409.958262
5409465.exe, 0.08066666666666666, , 0.0018333333333333333, , 412.028502
5409465.exe, 0.08033333333333333, , 0.0018333333333333333, , 410.939816
5409465.exe, 0.07983333333333334, , 0.002, , 409.432243
5409465.exe, 0.07983333333333334, , 0.0018333333333333333, , 408.250872
5409465.exe, 0.08149999999999999, , 0.002, , 413.262099
5409465.exe, 0.08083333333333333, , 0.0018333333333333333, , 411.759375
5409465.exe, 0.07983333333333334, , 0.002, , 417.522144
5878214.exe, 0.40449999999999997, , 0.021, , 2166.89884
5878214.exe, 0.4046666666666666, , 0.021, , 2168.388087
5878214.exe, 0.4013333333333333, , 0.021, , 2167.801353
5878214.exe, 0.401, , 0.021, , 2163.188127
5878214.exe, 0.4028333333333334, , 0.021, , 2166.626576
5878214.exe, 0.4013333333333333, , 0.021, , 2168.488332
5878214.exe, 0.39899999999999997, , 0.021, , 2165.566139
5878214.exe, 0.3988333333333333, , 0.021, , 2169.756134
5878214.exe, 0.3985, , 0.021, , 2167.315695
5878214.exe, 0.39899999999999997, , 0.021, , 2167.25306
5920970.exe, 0.05633333333333333, , 0.0008333333333333334, , 290.405541
5920970.exe, 0.057, , 0.0008333333333333334, , 290.369962
5920970.exe, 0.0565, , 0.0008333333333333334, , 291.313505
5920970.exe, 0.0565, , 0.0008333333333333334, , 290.596821
5920970.exe, 0.05516666666666667, , 0.0008333333333333334, , 295.355108
5920970.exe, 0.05733333333333333, , 0.0008333333333333334, , 290.035831
5920970.exe, 0.05666666666666667, , 0.0008333333333333334, , 289.969379
5920970.exe, 0.05683333333333333, , 0.0008333333333333334, , 289.984334
5920970.exe, 0.05716666666666667, , 0.0008333333333333334, , 291.655017
5920970.exe, 0.057, , 0.0008333333333333334, , 290.618374
6123694.exe, 0.0705, , 0.0016666666666666668, , 348.502952
6123694.exe, 0.06916666666666667, , 0.0016666666666666668, , 346.294976
6123694.exe, 0.06866666666666665, , 0.0016666666666666668, , 349.121061
6123694.exe, 0.06916666666666665, , 0.0016666666666666668, , 346.752638
6123694.exe, 0.06949999999999999, , 0.0016666666666666668, , 346.72275
6123694.exe, 0.06883333333333333, , 0.0016666666666666668, , 346.893471
6123694.exe, 0.06766666666666667, , 0.0016666666666666668, , 364.098335
6123694.exe, 0.06866666666666667, , 0.0016666666666666668, , 346.49535
6123694.exe, 0.06866666666666667, , 0.0016666666666666668, , 346.285388
6123694.exe, 0.06883333333333333, , 0.0016666666666666668, , 347.606914
6227368.exe, 0.06383333333333334, , 0.0015000000000000002, , 317.128336
6227368.exe, 0.06283333333333334, , 0.0013333333333333333, , 317.554514
6227368.exe, 0.06216666666666666, , 0.0013333333333333333, , 320.520906
6227368.exe, 0.06266666666666666, , 0.0013333333333333333, , 322.145495
6227368.exe, 0.06233333333333333, , 0.0015000000000000002, , 321.162916
6227368.exe, 0.06349999999999999, , 0.0013333333333333333, , 315.561382
6227368.exe, 0.06316666666666666, , 0.0015000000000000002, , 319.389957
6227368.exe, 0.06416666666666666, , 0.0013333333333333333, , 317.418087
6227368.exe, 0.06233333333333334, , 0.0013333333333333333, , 319.54546
6227368.exe, 0.06383333333333334, , 0.0015000000000000002, , 316.840027
786190.exe, 0.0585, , 0.0008333333333333334, , 301.4039
786190.exe, 0.059000000000000004, , 0.0008333333333333334, , 302.434847
786190.exe, 0.058666666666666666, , 0.0008333333333333334, , 301.822956
786190.exe, 0.05816666666666668, , 0.0008333333333333334, , 301.78445
786190.exe, 0.05633333333333333, , 0.001, , 307.131158
786190.exe, 0.05799999999999999, , 0.0008333333333333334, , 300.923842
786190.exe, 0.058333333333333334, , 0.0008333333333333334, , 302.185468
786190.exe, 0.0585, , 0.0011666666666666668, , 303.212572
786190.exe, 0.0585, , 0.0011666666666666668, , 301.870537
786190.exe, 0.057666666666666665, , 0.0008333333333333334, , 306.192708
787752.exe, 0.06983333333333334, , 0.0016666666666666668, , 365.990512
787752.exe, 0.06916666666666667, , 0.0016666666666666668, , 365.137391
787752.exe, 0.06883333333333333, , 0.0016666666666666668, , 366.984959
787752.exe, 0.06899999999999999, , 0.0016666666666666668, , 365.833409
787752.exe, 0.06966666666666667, , 0.0016666666666666668, , 365.808635
787752.exe, 0.06933333333333333, , 0.0016666666666666668, , 365.047308
787752.exe, 0.06933333333333333, , 0.0016666666666666668, , 365.452007
787752.exe, 0.06883333333333333, , 0.0016666666666666668, , 365.152443
787752.exe, 0.06883333333333333, , 0.0016666666666666668, , 369.646567
787752.exe, 0.06949999999999999, , 0.0016666666666666668, , 366.108426
8000029.exe, 0.4651666666666666, , 0.008833333333333334, , 2101.315681
8000029.exe, 0.4664999999999999, , 0.008833333333333334, , 2100.352127
8000029.exe, 0.46549999999999997, , 0.008833333333333334, , 2094.376119
8000029.exe, 0.46849999999999997, , 0.008833333333333334, , 2100.931003
8000029.exe, 0.46449999999999997, , 0.009000000000000001, , 2101.451455
8000029.exe, 0.46499999999999997, , 0.008833333333333334, , 2098.366591
8000029.exe, 0.4648333333333333, , 0.008833333333333334, , 2100.245825
8000029.exe, 0.4665, , 0.008833333333333334, , 2099.489474
8000029.exe, 0.4695, , 0.009000000000000001, , 2140.615208
8000029.exe, 0.46449999999999997, , 0.009000000000000001, , 2098.258032
8557275.exe, 0.06316666666666666, , 0.0015000000000000002, , 321.025002
8557275.exe, 0.06233333333333334, , 0.0016666666666666668, , 324.839366
8557275.exe, 0.06333333333333332, , 0.0016666666666666668, , 320.521243
8557275.exe, 0.064, , 0.0016666666666666668, , 320.931321
8557275.exe, 0.06316666666666666, , 0.0015000000000000002, , 319.936192
8557275.exe, 0.06316666666666666, , 0.0015000000000000002, , 320.27386
8557275.exe, 0.06266666666666666, , 0.0016666666666666668, , 323.613076
8557275.exe, 0.0635, , 0.0013333333333333333, , 320.715014
8557275.exe, 0.06316666666666666, , 0.0013333333333333333, , 322.160247
8557275.exe, 0.063, , 0.0016666666666666668, , 321.214202
