1440839.exe, 0.036166666666666666, , 0.0008333333333333334, , 200.563837
1440839.exe, 0.036000000000000004, , 0.0008333333333333334, , 180.083341
1440839.exe, 0.036166666666666666, , 0.0008333333333333334, , 180.247059
1440839.exe, 0.035166666666666666, , 0.0008333333333333334, , 183.373367
1440839.exe, 0.03666666666666666, , 0.0008333333333333334, , 179.824903
1440839.exe, 0.0365, , 0.0008333333333333334, , 179.663909
1440839.exe, 0.034333333333333334, , 0.0008333333333333334, , 185.376799
1440839.exe, 0.036000000000000004, , 0.0008333333333333334, , 180.175929
1440839.exe, 0.035500000000000004, , 0.0008333333333333334, , 183.263944
1440839.exe, 0.0365, , 0.0008333333333333334, , 179.749909
1928955.exe, 0.04066666666666666, , 0.0011666666666666665, , 200.687556
1928955.exe, 0.04033333333333334, , 0.001, , 201.390571
1928955.exe, 0.04, , 0.0011666666666666665, , 200.900813
1928955.exe, 0.03933333333333334, , 0.0011666666666666665, , 204.36086
1928955.exe, 0.04066666666666666, , 0.0011666666666666665, , 201.334715
1928955.exe, 0.0395, , 0.001, , 205.40887
1928955.exe, 0.04083333333333334, , 0.0011666666666666665, , 200.533903
1928955.exe, 0.0405, , 0.001, , 200.787247
1928955.exe, 0.04, , 0.0011666666666666665, , 202.925375
1928955.exe, 0.041, , 0.001, , 200.90751
209081.exe, 0.059333333333333335, , 0.0016666666666666668, , 310.414699
209081.exe, 0.059333333333333335, , 0.0016666666666666668, , 308.183784
209081.exe, 0.060000000000000005, , 0.0016666666666666668, , 308.857993
209081.exe, 0.0595, , 0.0016666666666666668, , 307.334211
209081.exe, 0.059833333333333336, , 0.0016666666666666668, , 308.193422
209081.exe, 0.05916666666666667, , 0.0016666666666666668, , 307.882333
209081.exe, 0.060000000000000005, , 0.0016666666666666668, , 309.814455
209081.exe, 0.059166666666666666, , 0.0016666666666666668, , 309.762846
209081.exe, 0.0595, , 0.0016666666666666668, , 308.072722
209081.exe, 0.0585, , 0.0016666666666666668, , 310.048593
2791527.exe, 0.09933333333333333, , 0.002, , 464.517962
2791527.exe, 0.09916666666666665, , 0.002, , 461.605768
2791527.exe, 0.09899999999999999, , 0.0021666666666666666, , 462.326597
2791527.exe, 0.10033333333333334, , 0.002, , 466.975363
2791527.exe, 0.09916666666666667, , 0.002, , 462.184002
2791527.exe, 0.10016666666666667, , 0.002, , 466.623591
2791527.exe, 0.09916666666666665, , 0.002, , 462.259461
2791527.exe, 0.09949999999999999, , 0.0021666666666666666, , 465.190924
2791527.exe, 0.09933333333333333, , 0.002, , 463.628974
2791527.exe, 0.09949999999999998, , 0.002, , 462.206452
3056990.exe, 0.094, , 0.0018333333333333335, , 439.86755
3056990.exe, 0.09316666666666666, , 0.0018333333333333335, , 438.018802
3056990.exe, 0.09416666666666666, , 0.0018333333333333335, , 437.914762
3056990.exe, 0.0955, , 0.002, , 444.254286
3056990.exe, 0.09333333333333332, , 0.0018333333333333335, , 440.750519
3056990.exe, 0.09483333333333333, , 0.0018333333333333335, , 438.804014
3056990.exe, 0.0945, , 0.0018333333333333335, , 438.625515
3056990.exe, 0.094, , 0.0018333333333333335, , 438.484811
3056990.exe, 0.09333333333333331, , 0.0018333333333333335, , 439.179518
3056990.exe, 0.09216666666666666, , 0.0018333333333333335, , 439.594298
3373624.exe, 0.03966666666666666, , 0.001, , 208.451011
3373624.exe, 0.04083333333333334, , 0.0011666666666666665, , 203.916806
3373624.exe, 0.040499999999999994, , 0.0011666666666666665, , 206.24464
3373624.exe, 0.041499999999999995, , 0.0011666666666666665, , 205.261807
3373624.exe, 0.04066666666666667, , 0.001, , 203.721065
3373624.exe, 0.040833333333333326, , 0.0011666666666666665, , 204.528623
3373624.exe, 0.04016666666666667, , 0.0011666666666666665, , 205.633266
3373624.exe, 0.040666666666666657, , 0.0011666666666666665, , 204.28238
3373624.exe, 0.04066666666666666, , 0.0011666666666666665, , 204.146699
3373624.exe, 0.040499999999999994, , 0.001, , 205.600873
3419202.exe, 0.0955, , 0.0018333333333333335, , 441.595444
3419202.exe, 0.09566666666666665, , 0.0018333333333333335, , 445.036625
3419202.exe, 0.09466666666666666, , 0.0018333333333333335, , 442.464696
3419202.exe, 0.09466666666666666, , 0.0018333333333333335, , 441.401369
3419202.exe, 0.09633333333333333, , 0.0018333333333333335, , 445.8658
3419202.exe, 0.09516666666666666, , 0.0018333333333333335, , 443.034688
3419202.exe, 0.09533333333333333, , 0.0018333333333333335, , 444.270629
3419202.exe, 0.096, , 0.0018333333333333335, , 444.411357
3419202.exe, 0.09516666666666665, , 0.0018333333333333335, , 441.222101
3419202.exe, 0.09516666666666666, , 0.0018333333333333335, , 441.760807
3713341.exe, 0.23600000000000002, , 0.010666666666666666, , 1300.281846
3713341.exe, 0.2366666666666667, , 0.010666666666666666, , 1309.961857
3713341.exe, 0.23566666666666664, , 0.010666666666666666, , 1305.654152
3713341.exe, 0.23650000000000002, , 0.010666666666666666, , 1307.199419
3713341.exe, 0.23783333333333337, , 0.010666666666666666, , 1301.208792
3713341.exe, 0.2381666666666667, , 0.010666666666666666, , 1307.247539
3713341.exe, 0.23600000000000002, , 0.010666666666666666, , 1298.562759
3713341.exe, 0.23866666666666667, , 0.010666666666666666, , 1310.304857
3713341.exe, 0.239, , 0.010666666666666666, , 1305.290126
3713341.exe, 0.23616666666666666, , 0.010666666666666666, , 1298.272631
3985474.exe, 0.08183333333333334, , 0.0026666666666666666, , 451.763901
3985474.exe, 0.08099999999999999, , 0.0026666666666666666, , 446.721594
3985474.exe, 0.0815, , 0.0026666666666666666, , 452.400228
3985474.exe, 0.08099999999999999, , 0.0026666666666666666, , 444.22254
3985474.exe, 0.08216666666666668, , 0.0026666666666666666, , 451.724459
3985474.exe, 0.0825, , 0.0026666666666666666, , 453.611257
3985474.exe, 0.08033333333333333, , 0.0026666666666666666, , 442.004232
3985474.exe, 0.08216666666666667, , 0.0026666666666666666, , 449.066168
3985474.exe, 0.08066666666666666, , 0.0026666666666666666, , 445.2245
3985474.exe, 0.08466666666666667, , 0.0026666666666666666, , 464.164151
4111853.exe, 0.09766666666666665, , 0.002, , 450.889834
4111853.exe, 0.098, , 0.002, , 450.685375
4111853.exe, 0.09749999999999999, , 0.002, , 451.0376
4111853.exe, 0.0975, , 0.0021666666666666666, , 453.584565
4111853.exe, 0.098, , 0.0021666666666666666, , 451.381031
4111853.exe, 0.09766666666666665, , 0.002, , 451.619745
4111853.exe, 0.09616666666666666, , 0.002, , 449.864808
4111853.exe, 0.09749999999999999, , 0.002, , 455.360134
4111853.exe, 0.09716666666666667, , 0.002, , 450.299542
4111853.exe, 0.09766666666666665, , 0.002, , 451.178288
4456241.exe, 0.033166666666666664, , 0.0008333333333333334, , 165.804022
4456241.exe, 0.033166666666666664, , 0.0008333333333333334, , 165.841774
4456241.exe, 0.03333333333333334, , 0.0008333333333333334, , 168.834064
4456241.exe, 0.03333333333333333, , 0.0008333333333333334, , 165.418486
4456241.exe, 0.033166666666666664, , 0.0008333333333333334, , 165.349699
4456241.exe, 0.03266666666666666, , 0.0008333333333333334, , 164.655085
4456241.exe, 0.03216666666666667, , 0.0008333333333333334, , 172.382143
4456241.exe, 0.03283333333333334, , 0.0008333333333333334, , 166.570314
4456241.exe, 0.03233333333333333, , 0.0008333333333333334, , 169.828188
4456241.exe, 0.03283333333333334, , 0.0008333333333333334, , 165.135519
4839731.exe, 0.03283333333333334, , 0.0008333333333333334, , 168.167382
4839731.exe, 0.033499999999999995, , 0.0008333333333333334, , 165.122432
4839731.exe, 0.033166666666666664, , 0.0008333333333333334, , 164.934112
4839731.exe, 0.03183333333333333, , 0.0008333333333333334, , 171.996055
4839731.exe, 0.033166666666666664, , 0.0008333333333333334, , 166.955063
4839731.exe, 0.0335, , 0.0008333333333333334, , 166.542146
4839731.exe, 0.033499999999999995, , 0.0008333333333333334, , 166.619899
4839731.exe, 0.03333333333333333, , 0.0008333333333333334, , 165.303896
4839731.exe, 0.033, , 0.0008333333333333334, , 166.893208
4839731.exe, 0.03333333333333333, , 0.0008333333333333334, , 165.769139
4976437.exe, 0.034333333333333334, , 0.0008333333333333334, , 170.901129
4976437.exe, 0.034333333333333334, , 0.0008333333333333334, , 169.408233
4976437.exe, 0.034, , 0.0008333333333333334, , 169.257449
4976437.exe, 0.033666666666666664, , 0.0008333333333333334, , 169.546272
4976437.exe, 0.03333333333333333, , 0.0008333333333333334, , 173.09644
4976437.exe, 0.034499999999999996, , 0.0008333333333333334, , 170.608497
4976437.exe, 0.0345, , 0.0008333333333333334, , 169.37288
4976437.exe, 0.03283333333333334, , 0.0008333333333333334, , 174.573398
4976437.exe, 0.0335, , 0.0008333333333333334, , 170.06201
4976437.exe, 0.035166666666666666, , 0.0008333333333333334, , 171.303833
5221218.exe, 0.11616666666666668, , 0.004833333333333333, , 657.759643
5221218.exe, 0.11549999999999999, , 0.004833333333333333, , 652.87714
5221218.exe, 0.11983333333333333, , 0.005, , 675.280145
5221218.exe, 0.117, , 0.004833333333333333, , 670.492698
5221218.exe, 0.11833333333333333, , 0.004833333333333333, , 672.401144
5221218.exe, 0.11316666666666667, , 0.004833333333333333, , 647.984785
5221218.exe, 0.11666666666666668, , 0.004666666666666666, , 671.183602
5221218.exe, 0.11766666666666664, , 0.004833333333333333, , 671.856952
5221218.exe, 0.11683333333333333, , 0.004833333333333333, , 665.071475
5221218.exe, 0.11549999999999999, , 0.004666666666666666, , 663.445308
6023868.exe, 0.11983333333333332, , 0.005, , 698.141965
6023868.exe, 0.12333333333333332, , 0.005166666666666667, , 718.356731
6023868.exe, 0.1145, , 0.004833333333333334, , 704.361752
6023868.exe, 0.1195, , 0.005, , 697.901562
6023868.exe, 0.12266666666666667, , 0.005166666666666667, , 714.046825
6023868.exe, 0.11800000000000001, , 0.005000000000000001, , 697.705069
6023868.exe, 0.11616666666666668, , 0.004833333333333334, , 678.404377
6023868.exe, 0.11366666666666667, , 0.004833333333333334, , 675.902331
6023868.exe, 0.1145, , 0.005, , 689.324995
6023868.exe, 0.11650000000000002, , 0.004833333333333334, , 685.708931
6323073.exe, 0.1165, , 0.004833333333333333, , 666.800431
6323073.exe, 0.11883333333333333, , 0.004833333333333333, , 683.57521
6323073.exe, 0.11466666666666668, , 0.004833333333333333, , 649.516524
6323073.exe, 0.11599999999999998, , 0.004833333333333333, , 667.810679
6323073.exe, 0.114, , 0.004833333333333333, , 646.590365
6323073.exe, 0.11383333333333333, , 0.004833333333333333, , 655.687032
6323073.exe, 0.11866666666666667, , 0.004833333333333333, , 670.23344
6323073.exe, 0.1135, , 0.004833333333333333, , 656.958989
6323073.exe, 0.11533333333333333, , 0.004833333333333333, , 663.539769
6323073.exe, 0.11883333333333333, , 0.004833333333333333, , 676.49418
733419.exe, 0.11116666666666668, , 0.0025, , 527.894319
733419.exe, 0.11216666666666666, , 0.0026666666666666666, , 529.779291
733419.exe, 0.11283333333333333, , 0.0025, , 531.013322
733419.exe, 0.11333333333333333, , 0.0026666666666666666, , 531.122485
733419.exe, 0.11233333333333334, , 0.0026666666666666666, , 529.330616
733419.exe, 0.112, , 0.0026666666666666666, , 528.516046
733419.exe, 0.11166666666666665, , 0.0026666666666666666, , 529.240296
733419.exe, 0.112, , 0.0026666666666666666, , 533.715439
733419.exe, 0.11133333333333334, , 0.0026666666666666666, , 528.45451
733419.exe, 0.112, , 0.0026666666666666666, , 529.662023
8065224.exe, 0.10316666666666666, , 0.0023333333333333335, , 485.661824
8065224.exe, 0.10316666666666666, , 0.0023333333333333335, , 484.98925
8065224.exe, 0.10333333333333333, , 0.0023333333333333335, , 482.151383
8065224.exe, 0.10383333333333335, , 0.0023333333333333335, , 483.595297
8065224.exe, 0.10383333333333335, , 0.0023333333333333335, , 483.869036
8065224.exe, 0.1035, , 0.0023333333333333335, , 482.013353
8065224.exe, 0.10366666666666666, , 0.0023333333333333335, , 483.136915
8065224.exe, 0.10366666666666666, , 0.0023333333333333335, , 484.313791
8065224.exe, 0.10416666666666667, , 0.0023333333333333335, , 482.84073
8065224.exe, 0.10333333333333333, , 0.0023333333333333335, , 482.433329
8387568.exe, 0.044166666666666674, , 0.0011666666666666665, , 221.500249
8387568.exe, 0.043666666666666666, , 0.0011666666666666665, , 221.161962
8387568.exe, 0.04383333333333333, , 0.0011666666666666665, , 223.513709
8387568.exe, 0.04466666666666666, , 0.0011666666666666665, , 220.847203
8387568.exe, 0.043666666666666666, , 0.0011666666666666665, , 220.455192
8387568.exe, 0.044, , 0.0011666666666666665, , 220.271774
8387568.exe, 0.043666666666666666, , 0.0011666666666666665, , 223.087206
8387568.exe, 0.043666666666666666, , 0.0011666666666666665, , 223.018957
8387568.exe, 0.044166666666666674, , 0.0011666666666666665, , 220.846944
8387568.exe, 0.04383333333333333, , 0.0011666666666666665, , 220.76201
841011.exe, 0.044166666666666674, , 0.0011666666666666665, , 221.230946
841011.exe, 0.044000000000000004, , 0.0011666666666666665, , 222.430582
841011.exe, 0.044, , 0.0011666666666666665, , 221.300184
841011.exe, 0.043666666666666666, , 0.0011666666666666665, , 221.278431
841011.exe, 0.044, , 0.0013333333333333333, , 221.577786
841011.exe, 0.0445, , 0.0011666666666666665, , 221.616466
841011.exe, 0.0435, , 0.0011666666666666665, , 222.979404
841011.exe, 0.044166666666666674, , 0.0013333333333333333, , 221.564385
841011.exe, 0.044166666666666674, , 0.0011666666666666665, , 222.427564
841011.exe, 0.044333333333333336, , 0.0011666666666666665, , 222.733662
