1267787.exe, 0.10149999999999999, , 0.0025, , 545.809011
1267787.exe, 0.1065, , 0.0023333333333333335, , 491.065296
1267787.exe, 0.10466666666666667, , 0.0023333333333333335, , 488.027703
1267787.exe, 0.10566666666666667, , 0.0023333333333333335, , 493.486607
1267787.exe, 0.10516666666666667, , 0.0023333333333333335, , 488.826859
1267787.exe, 0.1045, , 0.0023333333333333335, , 487.485072
1267787.exe, 0.10566666666666666, , 0.0023333333333333335, , 493.946321
1267787.exe, 0.10483333333333333, , 0.0023333333333333335, , 489.271096
1267787.exe, 0.105, , 0.0023333333333333335, , 489.539283
1267787.exe, 0.10483333333333335, , 0.0023333333333333335, , 487.183189
1327269.exe, 0.13283333333333333, , 0.0055000000000000005, , 775.567601
1327269.exe, 0.1345, , 0.0055000000000000005, , 797.306921
1327269.exe, 0.13416666666666668, , 0.0055000000000000005, , 797.756279
1327269.exe, 0.13083333333333333, , 0.0055000000000000005, , 777.759181
1327269.exe, 0.1383333333333333, , 0.005666666666666667, , 791.645181
1327269.exe, 0.13233333333333333, , 0.0055000000000000005, , 778.427215
1327269.exe, 0.13283333333333333, , 0.0055000000000000005, , 782.520888
1327269.exe, 0.13533333333333336, , 0.0055000000000000005, , 793.111046
1327269.exe, 0.13366666666666666, , 0.0055000000000000005, , 785.51744
1327269.exe, 0.132, , 0.0055000000000000005, , 778.789102
1343486.exe, 0.10383333333333335, , 0.0023333333333333335, , 491.1445
1343486.exe, 0.10433333333333333, , 0.0023333333333333335, , 492.776894
1343486.exe, 0.10466666666666666, , 0.0023333333333333335, , 490.612249
1343486.exe, 0.10450000000000001, , 0.0023333333333333335, , 490.809629
1343486.exe, 0.10433333333333335, , 0.0023333333333333335, , 491.332145
1343486.exe, 0.10466666666666667, , 0.0023333333333333335, , 490.91981
1343486.exe, 0.10483333333333333, , 0.0023333333333333335, , 491.584109
1343486.exe, 0.10450000000000001, , 0.0023333333333333335, , 489.887207
1343486.exe, 0.10466666666666667, , 0.0023333333333333335, , 489.985657
1343486.exe, 0.10466666666666667, , 0.0023333333333333335, , 490.691899
1414577.exe, 0.04, , 0.0008333333333333334, , 200.016494
1414577.exe, 0.04016666666666667, , 0.0008333333333333334, , 199.862463
1414577.exe, 0.03983333333333334, , 0.0008333333333333334, , 199.516091
1414577.exe, 0.0395, , 0.0008333333333333334, , 201.72296
1414577.exe, 0.04, , 0.0008333333333333334, , 199.527221
1414577.exe, 0.04, , 0.0008333333333333334, , 199.544817
1414577.exe, 0.04016666666666667, , 0.0008333333333333334, , 199.691033
1414577.exe, 0.03983333333333334, , 0.0008333333333333334, , 201.004597
1414577.exe, 0.03966666666666666, , 0.0008333333333333334, , 200.102246
1414577.exe, 0.03983333333333334, , 0.0008333333333333334, , 200.215078
1417709.exe, 0.17400000000000002, , 0.006500000000000001, , 1031.723292
1417709.exe, 0.16983333333333334, , 0.006500000000000001, , 1020.847156
1417709.exe, 0.16933333333333334, , 0.006500000000000001, , 1008.935085
1417709.exe, 0.17083333333333334, , 0.006500000000000001, , 1020.363615
1417709.exe, 0.16933333333333334, , 0.006500000000000001, , 1006.006563
1417709.exe, 0.17133333333333337, , 0.006500000000000001, , 1025.624149
1417709.exe, 0.17266666666666666, , 0.006333333333333333, , 1036.774055
1417709.exe, 0.1703333333333333, , 0.006500000000000001, , 1028.708115
1417709.exe, 0.17016666666666666, , 0.006500000000000001, , 1016.89683
1417709.exe, 0.17099999999999999, , 0.006666666666666667, , 1028.21916
1447707.exe, 0.03900000000000001, , 0.001, , 197.53844
1447707.exe, 0.03966666666666667, , 0.0008333333333333334, , 194.659803
1447707.exe, 0.03933333333333334, , 0.0008333333333333334, , 194.902872
1447707.exe, 0.0395, , 0.0008333333333333334, , 195.21325
1447707.exe, 0.0395, , 0.0008333333333333334, , 194.873918
1447707.exe, 0.0395, , 0.001, , 194.985485
1447707.exe, 0.03916666666666667, , 0.0008333333333333334, , 195.417894
1447707.exe, 0.03966666666666666, , 0.0008333333333333334, , 194.866292
1447707.exe, 0.03933333333333334, , 0.0008333333333333334, , 197.571666
1447707.exe, 0.0395, , 0.0008333333333333334, , 195.089862
1526865.exe, 0.20916666666666667, , 0.0105, , 1271.993287
1526865.exe, 0.21033333333333332, , 0.0105, , 1269.844827
1526865.exe, 0.2075, , 0.0105, , 1262.39235
1526865.exe, 0.20883333333333334, , 0.0105, , 1270.314448
1526865.exe, 0.21216666666666667, , 0.0105, , 1284.269903
1526865.exe, 0.21283333333333332, , 0.0105, , 1282.948328
1526865.exe, 0.21033333333333334, , 0.0105, , 1263.593846
1526865.exe, 0.21233333333333335, , 0.0105, , 1279.951725
1526865.exe, 0.21200000000000002, , 0.0105, , 1267.055084
1526865.exe, 0.21016666666666667, , 0.0105, , 1267.311154
1848211.exe, 0.094, , 0.0018333333333333335, , 439.611462
1848211.exe, 0.09499999999999999, , 0.0018333333333333335, , 438.33126
1848211.exe, 0.09483333333333333, , 0.0018333333333333335, , 438.005315
1848211.exe, 0.09216666666666667, , 0.002, , 455.462009
1848211.exe, 0.09416666666666666, , 0.0018333333333333335, , 436.249001
1848211.exe, 0.09400000000000001, , 0.0018333333333333335, , 437.481998
1848211.exe, 0.09533333333333333, , 0.0018333333333333335, , 438.22097
1848211.exe, 0.09466666666666666, , 0.0018333333333333335, , 439.200387
1848211.exe, 0.095, , 0.0018333333333333335, , 441.135445
1848211.exe, 0.0955, , 0.0018333333333333335, , 439.270244
2149463.exe, 0.10216666666666668, , 0.0023333333333333335, , 477.102758
2149463.exe, 0.10200000000000001, , 0.0023333333333333335, , 479.941752
2149463.exe, 0.10116666666666667, , 0.0023333333333333335, , 481.138852
2149463.exe, 0.10200000000000001, , 0.0023333333333333335, , 479.276422
2149463.exe, 0.10166666666666666, , 0.0023333333333333335, , 476.292968
2149463.exe, 0.10149999999999999, , 0.0023333333333333335, , 478.633162
2149463.exe, 0.10133333333333333, , 0.0023333333333333335, , 476.801093
2149463.exe, 0.10250000000000001, , 0.0023333333333333335, , 481.194086
2149463.exe, 0.10116666666666667, , 0.0023333333333333335, , 475.324392
2149463.exe, 0.10183333333333335, , 0.0023333333333333335, , 477.472342
2257128.exe, 0.04483333333333333, , 0.0011666666666666665, , 221.975487
2257128.exe, 0.044, , 0.0011666666666666665, , 220.75497
2257128.exe, 0.044, , 0.0011666666666666665, , 221.968749
2257128.exe, 0.0435, , 0.0011666666666666665, , 221.093829
2257128.exe, 0.044, , 0.0011666666666666665, , 222.3836
2257128.exe, 0.04466666666666667, , 0.0013333333333333333, , 221.801556
2257128.exe, 0.044166666666666674, , 0.0011666666666666665, , 223.242824
2257128.exe, 0.045000000000000005, , 0.0015, , 223.104785
2257128.exe, 0.044333333333333336, , 0.0011666666666666665, , 220.911594
2257128.exe, 0.044333333333333336, , 0.0011666666666666665, , 221.819953
230934.exe, 0.09883333333333333, , 0.0021666666666666666, , 457.02865
230934.exe, 0.0985, , 0.0021666666666666666, , 454.504483
230934.exe, 0.09816666666666668, , 0.0021666666666666666, , 455.84714
230934.exe, 0.09816666666666668, , 0.0021666666666666666, , 454.631893
230934.exe, 0.09866666666666667, , 0.0021666666666666666, , 455.690196
230934.exe, 0.0985, , 0.0023333333333333335, , 454.862275
230934.exe, 0.09899999999999999, , 0.0023333333333333335, , 456.222148
230934.exe, 0.099, , 0.0021666666666666666, , 455.437424
230934.exe, 0.09899999999999999, , 0.0023333333333333335, , 458.971618
230934.exe, 0.09883333333333333, , 0.0021666666666666666, , 456.217193
2369399.exe, 0.04466666666666666, , 0.0013333333333333333, , 228.1942
2369399.exe, 0.04583333333333333, , 0.0011666666666666665, , 226.408595
2369399.exe, 0.04483333333333334, , 0.0011666666666666665, , 227.457847
2369399.exe, 0.0455, , 0.0011666666666666665, , 225.661375
2369399.exe, 0.04516666666666667, , 0.0011666666666666665, , 225.848318
2369399.exe, 0.04516666666666667, , 0.0013333333333333333, , 227.750781
2369399.exe, 0.04516666666666667, , 0.0013333333333333333, , 225.70107
2369399.exe, 0.04533333333333333, , 0.0011666666666666665, , 225.790626
2369399.exe, 0.045500000000000006, , 0.0011666666666666665, , 225.470883
2369399.exe, 0.04516666666666667, , 0.0013333333333333333, , 227.38178
2478892.exe, 0.10350000000000001, , 0.0023333333333333335, , 482.56032
2478892.exe, 0.10433333333333333, , 0.0023333333333333335, , 482.606002
2478892.exe, 0.10333333333333333, , 0.0023333333333333335, , 480.950361
2478892.exe, 0.10366666666666666, , 0.0023333333333333335, , 481.041826
2478892.exe, 0.1035, , 0.0023333333333333335, , 482.619002
2478892.exe, 0.10366666666666667, , 0.0023333333333333335, , 481.62624
2478892.exe, 0.1035, , 0.0023333333333333335, , 481.176364
2478892.exe, 0.103, , 0.0023333333333333335, , 481.342859
2478892.exe, 0.10316666666666666, , 0.0023333333333333335, , 481.183927
2478892.exe, 0.103, , 0.0023333333333333335, , 481.132154
2588525.exe, 0.09516666666666665, , 0.0018333333333333335, , 440.242038
2588525.exe, 0.09583333333333334, , 0.0018333333333333335, , 439.671339
2588525.exe, 0.09616666666666666, , 0.0018333333333333335, , 440.238806
2588525.exe, 0.09716666666666665, , 0.002, , 442.744462
2588525.exe, 0.09583333333333334, , 0.0018333333333333335, , 443.592543
2588525.exe, 0.096, , 0.0018333333333333335, , 440.540102
2588525.exe, 0.09533333333333333, , 0.0018333333333333335, , 442.203401
2588525.exe, 0.09633333333333333, , 0.0018333333333333335, , 441.299992
2588525.exe, 0.09683333333333331, , 0.0018333333333333335, , 441.543926
2588525.exe, 0.09716666666666667, , 0.0018333333333333335, , 440.24833
2725657.exe, 0.04333333333333333, , 0.0011666666666666665, , 213.400891
2725657.exe, 0.043000000000000003, , 0.0011666666666666665, , 213.832237
2725657.exe, 0.042499999999999996, , 0.0011666666666666665, , 214.133402
2725657.exe, 0.04283333333333333, , 0.0011666666666666665, , 214.513623
2725657.exe, 0.04283333333333334, , 0.0011666666666666665, , 213.409815
2725657.exe, 0.042499999999999996, , 0.0011666666666666665, , 213.009553
2725657.exe, 0.04283333333333334, , 0.0011666666666666665, , 213.607008
2725657.exe, 0.04283333333333334, , 0.0011666666666666665, , 213.418913
2725657.exe, 0.04266666666666666, , 0.0011666666666666665, , 213.330249
2725657.exe, 0.04283333333333334, , 0.0011666666666666665, , 213.514562
