1061805.exe, 0.10283333333333333, , 0.004833333333333334, , 600.273809
1061805.exe, 0.10316666666666667, , 0.003666666666666666, , 539.226065
1061805.exe, 0.10416666666666666, , 0.003833333333333333, , 533.997366
1061805.exe, 0.10166666666666666, , 0.003999999999999999, , 547.229571
1061805.exe, 0.1015, , 0.003999999999999999, , 551.947221
1061805.exe, 0.10166666666666667, , 0.003999999999999999, , 542.937169
1061805.exe, 0.10233333333333333, , 0.004166666666666667, , 536.757166
1061805.exe, 0.10349999999999998, , 0.003833333333333333, , 535.365459
1061805.exe, 0.10116666666666667, , 0.003999999999999999, , 543.947967
1061805.exe, 0.10166666666666666, , 0.003999999999999999, , 542.699751
1094941.exe, 0.1615, , 0.004666666666666667, , 801.953484
1094941.exe, 0.16266666666666665, , 0.004666666666666667, , 797.874015
1094941.exe, 0.16299999999999998, , 0.0045000000000000005, , 793.184551
1094941.exe, 0.16366666666666668, , 0.004833333333333334, , 797.292617
1094941.exe, 0.16383333333333333, , 0.004833333333333334, , 796.677811
1094941.exe, 0.16566666666666666, , 0.004833333333333334, , 798.129027
1094941.exe, 0.16083333333333333, , 0.004666666666666667, , 795.526287
1094941.exe, 0.16216666666666668, , 0.004833333333333334, , 796.525116
1094941.exe, 0.16299999999999998, , 0.004666666666666667, , 798.615771
1094941.exe, 0.16183333333333336, , 0.004666666666666667, , 796.237725
1133411.exe, 0.1075, , 0.002666666666666666, , 537.985941
1133411.exe, 0.10966666666666666, , 0.0024999999999999996, , 527.129227
1133411.exe, 0.10883333333333335, , 0.0024999999999999996, , 527.91618
1133411.exe, 0.10766666666666667, , 0.002666666666666666, , 531.350702
1133411.exe, 0.10800000000000001, , 0.002666666666666666, , 535.124498
1133411.exe, 0.10899999999999999, , 0.002666666666666666, , 526.38694
1133411.exe, 0.10750000000000001, , 0.0024999999999999996, , 532.880558
1133411.exe, 0.11, , 0.0024999999999999996, , 519.79835
1133411.exe, 0.10983333333333332, , 0.0024999999999999996, , 521.172626
1133411.exe, 0.11016666666666668, , 0.0024999999999999996, , 522.115129
1141022.exe, 0.07866666666666666, , 0.0026666666666666666, , 421.751301
1141022.exe, 0.07766666666666668, , 0.0026666666666666666, , 428.134362
1141022.exe, 0.078, , 0.002833333333333333, , 429.10814
1141022.exe, 0.07783333333333334, , 0.0026666666666666666, , 429.148002
1141022.exe, 0.0775, , 0.0026666666666666666, , 428.09465
1141022.exe, 0.07833333333333334, , 0.0026666666666666666, , 419.940438
1141022.exe, 0.0775, , 0.003, , 427.959679
1141022.exe, 0.07883333333333332, , 0.002833333333333333, , 423.602624
1141022.exe, 0.07583333333333334, , 0.002833333333333333, , 431.112105
1141022.exe, 0.07983333333333335, , 0.0029999999999999996, , 423.237938
1165956.exe, 0.14683333333333332, , 0.004166666666666667, , 722.235056
1165956.exe, 0.14583333333333334, , 0.004166666666666667, , 722.231755
1165956.exe, 0.1446666666666667, , 0.004, , 719.271667
1165956.exe, 0.1485, , 0.004333333333333333, , 719.310135
1165956.exe, 0.14733333333333334, , 0.004, , 721.600151
1165956.exe, 0.1451666666666667, , 0.004333333333333333, , 720.439048
1165956.exe, 0.14583333333333334, , 0.004, , 721.271717
1165956.exe, 0.14683333333333334, , 0.0045000000000000005, , 722.396351
1165956.exe, 0.14750000000000002, , 0.003833333333333333, , 718.451247
1165956.exe, 0.14666666666666667, , 0.004333333333333333, , 730.739433
1344769.exe, 0.14716666666666667, , 0.0045000000000000005, , 726.737887
1344769.exe, 0.147, , 0.004166666666666667, , 722.283298
1344769.exe, 0.1451666666666667, , 0.004166666666666667, , 725.9696
1344769.exe, 0.14433333333333334, , 0.004, , 721.914133
1344769.exe, 0.145, , 0.004333333333333333, , 721.628923
1344769.exe, 0.14366666666666666, , 0.003833333333333333, , 727.571772
1344769.exe, 0.1436666666666667, , 0.003833333333333333, , 726.997966
1344769.exe, 0.14766666666666667, , 0.004333333333333333, , 720.612543
1344769.exe, 0.14800000000000002, , 0.004666666666666667, , 728.212702
1344769.exe, 0.14833333333333334, , 0.004333333333333333, , 726.338635
1370229.exe, 0.09283333333333334, , 0.003166666666666666, , 483.973826
1370229.exe, 0.09383333333333334, , 0.0033333333333333327, , 482.521696
1370229.exe, 0.09333333333333332, , 0.003166666666666666, , 481.179456
1370229.exe, 0.09333333333333332, , 0.003166666666666666, , 481.707972
1370229.exe, 0.09016666666666667, , 0.0033333333333333327, , 492.529938
1370229.exe, 0.09133333333333334, , 0.003166666666666666, , 489.457764
1370229.exe, 0.08966666666666666, , 0.003499999999999999, , 489.046978
1370229.exe, 0.09233333333333335, , 0.0033333333333333327, , 481.428925
1370229.exe, 0.0915, , 0.0033333333333333327, , 488.674264
1370229.exe, 0.09099999999999998, , 0.003166666666666666, , 487.977177
1435015.exe, 0.04466666666666665, , 0.0011666666666666668, , 224.665524
1435015.exe, 0.040833333333333326, , 0.0011666666666666668, , 239.481541
1435015.exe, 0.040666666666666657, , 0.0011666666666666668, , 241.197698
1435015.exe, 0.04133333333333333, , 0.0011666666666666668, , 235.636845
1435015.exe, 0.0395, , 0.0011666666666666668, , 245.721979
1435015.exe, 0.041, , 0.0011666666666666668, , 240.018579
1435015.exe, 0.03666666666666666, , 0.0013333333333333333, , 268.422869
1435015.exe, 0.04, , 0.0011666666666666668, , 242.502194
1435015.exe, 0.039166666666666676, , 0.0011666666666666668, , 246.940427
1435015.exe, 0.03933333333333333, , 0.0011666666666666668, , 244.520907
1769104.exe, 0.14466666666666667, , 0.004166666666666667, , 718.548311
1769104.exe, 0.1465, , 0.004333333333333333, , 716.983071
1769104.exe, 0.14466666666666667, , 0.004333333333333333, , 718.937958
1769104.exe, 0.14483333333333331, , 0.004166666666666667, , 720.337283
1769104.exe, 0.146, , 0.004166666666666667, , 718.899726
1769104.exe, 0.14433333333333337, , 0.004166666666666667, , 719.340433
1769104.exe, 0.143, , 0.004, , 725.130815
1769104.exe, 0.14383333333333334, , 0.004333333333333333, , 718.603725
1769104.exe, 0.14400000000000002, , 0.004333333333333333, , 729.207423
1769104.exe, 0.14633333333333332, , 0.004, , 718.905251
1979579.exe, 0.14633333333333334, , 0.004166666666666667, , 729.802294
1979579.exe, 0.1486666666666667, , 0.004333333333333333, , 725.84133
1979579.exe, 0.14716666666666667, , 0.004166666666666667, , 720.999752
1979579.exe, 0.14600000000000002, , 0.004333333333333333, , 725.305391
1979579.exe, 0.14683333333333334, , 0.004166666666666667, , 723.498979
1979579.exe, 0.14783333333333332, , 0.004333333333333333, , 722.527433
1979579.exe, 0.1475, , 0.004166666666666667, , 721.472056
1979579.exe, 0.14616666666666667, , 0.004166666666666667, , 721.949192
1979579.exe, 0.14650000000000002, , 0.004333333333333333, , 722.71229
1979579.exe, 0.14583333333333331, , 0.004166666666666667, , 727.267063
1997948.exe, 0.11049999999999999, , 0.002333333333333333, , 519.640529
1997948.exe, 0.1095, , 0.0024999999999999996, , 518.86829
1997948.exe, 0.10700000000000001, , 0.0024999999999999996, , 529.73153
1997948.exe, 0.1095, , 0.0024999999999999996, , 520.950733
1997948.exe, 0.10816666666666667, , 0.0024999999999999996, , 522.403089
1997948.exe, 0.10916666666666668, , 0.0024999999999999996, , 521.233881
1997948.exe, 0.11016666666666669, , 0.002333333333333333, , 520.76664
1997948.exe, 0.11116666666666668, , 0.002333333333333333, , 522.980241
1997948.exe, 0.11016666666666668, , 0.0024999999999999996, , 519.520697
1997948.exe, 0.10983333333333332, , 0.0024999999999999996, , 517.932767
2059363.exe, 0.039833333333333325, , 0.0011666666666666668, , 237.634178
2059363.exe, 0.038833333333333324, , 0.0011666666666666668, , 243.568588
2059363.exe, 0.04, , 0.0011666666666666668, , 241.769466
2059363.exe, 0.0395, , 0.0011666666666666668, , 246.618824
2059363.exe, 0.03733333333333334, , 0.0011666666666666668, , 255.477982
2059363.exe, 0.04016666666666667, , 0.0011666666666666668, , 238.086174
2059363.exe, 0.041, , 0.0011666666666666668, , 230.869363
2059363.exe, 0.041, , 0.0011666666666666668, , 234.651139
2059363.exe, 0.03916666666666666, , 0.0011666666666666668, , 248.754837
2059363.exe, 0.03766666666666667, , 0.0011666666666666668, , 248.447305
2061586.exe, 0.14433333333333334, , 0.004166666666666667, , 722.05642
2061586.exe, 0.14566666666666667, , 0.004, , 724.767597
2061586.exe, 0.14416666666666667, , 0.0045000000000000005, , 719.578222
2061586.exe, 0.14566666666666667, , 0.004166666666666667, , 720.571346
2061586.exe, 0.1451666666666667, , 0.003833333333333333, , 718.725684
2061586.exe, 0.14500000000000002, , 0.004166666666666667, , 720.920691
2061586.exe, 0.1435, , 0.004333333333333333, , 750.803954
2061586.exe, 0.14666666666666667, , 0.004166666666666667, , 722.929631
2061586.exe, 0.14716666666666667, , 0.004166666666666667, , 726.300809
2061586.exe, 0.14550000000000002, , 0.0045000000000000005, , 723.392582
2203032.exe, 0.07616666666666667, , 0.002833333333333333, , 422.93474
2203032.exe, 0.075, , 0.003, , 427.484505
2203032.exe, 0.07583333333333335, , 0.0026666666666666666, , 420.741422
2203032.exe, 0.07616666666666667, , 0.003, , 425.201059
2203032.exe, 0.07566666666666667, , 0.0026666666666666666, , 419.429133
2203032.exe, 0.07666666666666666, , 0.002833333333333333, , 423.616579
2203032.exe, 0.077, , 0.002833333333333333, , 416.068541
2203032.exe, 0.07633333333333334, , 0.002833333333333333, , 426.168867
2203032.exe, 0.07766666666666668, , 0.002833333333333333, , 413.834703
2203032.exe, 0.07583333333333335, , 0.002833333333333333, , 423.681641
2203602.exe, 0.1445, , 0.004333333333333333, , 722.468636
2203602.exe, 0.14266666666666666, , 0.004166666666666667, , 732.682376
2203602.exe, 0.14533333333333334, , 0.004166666666666667, , 722.758694
2203602.exe, 0.14450000000000002, , 0.004, , 727.088991
2203602.exe, 0.1438333333333333, , 0.004333333333333333, , 730.308654
2203602.exe, 0.1445, , 0.004, , 721.168664
2203602.exe, 0.1446666666666667, , 0.004166666666666667, , 719.638387
2203602.exe, 0.14600000000000002, , 0.004166666666666667, , 731.986129
2203602.exe, 0.14466666666666667, , 0.004333333333333333, , 721.309627
2203602.exe, 0.14583333333333334, , 0.004166666666666667, , 719.29008
2207605.exe, 0.07800000000000001, , 0.002833333333333333, , 419.618504
2207605.exe, 0.0775, , 0.003, , 422.567546
2207605.exe, 0.07666666666666666, , 0.0029999999999999996, , 417.891263
2207605.exe, 0.07933333333333333, , 0.002833333333333333, , 413.129584
2207605.exe, 0.079, , 0.0029999999999999996, , 412.381719
2207605.exe, 0.077, , 0.0026666666666666666, , 418.26976
2207605.exe, 0.07683333333333332, , 0.003, , 422.554439
2207605.exe, 0.07833333333333334, , 0.003, , 421.217595
2207605.exe, 0.0755, , 0.003166666666666666, , 428.483579
2207605.exe, 0.07766666666666665, , 0.003, , 416.964434
2213898.exe, 0.11000000000000001, , 0.002333333333333333, , 517.329348
2213898.exe, 0.11066666666666668, , 0.002333333333333333, , 517.751328
2213898.exe, 0.11016666666666668, , 0.0024999999999999996, , 517.254577
2213898.exe, 0.11066666666666668, , 0.0024999999999999996, , 518.12146
2213898.exe, 0.11183333333333335, , 0.002333333333333333, , 518.785173
2213898.exe, 0.1105, , 0.002333333333333333, , 517.739422
2213898.exe, 0.1105, , 0.002333333333333333, , 521.303856
2213898.exe, 0.10816666666666667, , 0.0024999999999999996, , 526.485478
2213898.exe, 0.10966666666666666, , 0.0024999999999999996, , 518.198123
2213898.exe, 0.11033333333333334, , 0.002333333333333333, , 520.017913
2231071.exe, 0.14733333333333334, , 0.004166666666666667, , 724.443678
2231071.exe, 0.147, , 0.003833333333333333, , 722.255861
2231071.exe, 0.147, , 0.004333333333333333, , 720.960064
2231071.exe, 0.14633333333333334, , 0.004166666666666667, , 723.514444
2231071.exe, 0.14766666666666667, , 0.004, , 722.214411
2231071.exe, 0.14466666666666667, , 0.004, , 729.048368
2231071.exe, 0.14683333333333334, , 0.004, , 721.97884
2231071.exe, 0.14833333333333334, , 0.0045000000000000005, , 729.427242
2231071.exe, 0.147, , 0.004333333333333333, , 724.441837
2231071.exe, 0.14666666666666667, , 0.003833333333333333, , 720.454508
237541.exe, 0.07466666666666667, , 0.0025000000000000005, , 404.473801
237541.exe, 0.07450000000000001, , 0.0026666666666666666, , 404.741913
237541.exe, 0.0755, , 0.0026666666666666666, , 403.069066
237541.exe, 0.07616666666666667, , 0.0026666666666666666, , 401.784099
237541.exe, 0.07316666666666666, , 0.002833333333333333, , 413.526152
237541.exe, 0.07483333333333334, , 0.0026666666666666666, , 402.105348
237541.exe, 0.07283333333333335, , 0.0025, , 411.850387
237541.exe, 0.07616666666666667, , 0.002833333333333333, , 406.522286
237541.exe, 0.0735, , 0.002833333333333333, , 411.67569
237541.exe, 0.07483333333333334, , 0.0026666666666666666, , 408.478203
2407087.exe, 0.146, , 0.004166666666666667, , 723.688849
2407087.exe, 0.145, , 0.004333333333333333, , 733.837331
2407087.exe, 0.14550000000000002, , 0.004, , 725.118824
2407087.exe, 0.14716666666666667, , 0.004166666666666667, , 722.771303
2407087.exe, 0.14550000000000002, , 0.004166666666666667, , 728.07378
2407087.exe, 0.14733333333333334, , 0.004333333333333333, , 723.190787
2407087.exe, 0.1476666666666667, , 0.004333333333333333, , 723.971023
2407087.exe, 0.14633333333333334, , 0.004166666666666667, , 722.615765
2407087.exe, 0.14550000000000002, , 0.004166666666666667, , 726.372798
2407087.exe, 0.14633333333333334, , 0.004166666666666667, , 722.639381
2481996.exe, 0.111, , 0.002333333333333333, , 517.568617
2481996.exe, 0.10916666666666668, , 0.002333333333333333, , 517.834441
2481996.exe, 0.11016666666666666, , 0.0024999999999999996, , 516.764238
2481996.exe, 0.1095, , 0.002333333333333333, , 516.895194
2481996.exe, 0.10966666666666666, , 0.002333333333333333, , 515.492438
2481996.exe, 0.10966666666666666, , 0.0024999999999999996, , 515.39411
2481996.exe, 0.10983333333333332, , 0.0024999999999999996, , 517.489512
2481996.exe, 0.11233333333333334, , 0.002333333333333333, , 517.807543
2481996.exe, 0.10683333333333335, , 0.0024999999999999996, , 522.320781
2481996.exe, 0.10916666666666668, , 0.0024999999999999996, , 516.426323
2745547.exe, 0.1445, , 0.004, , 720.480686
2745547.exe, 0.15533333333333335, , 0.004833333333333334, , 729.823668
2745547.exe, 0.14433333333333334, , 0.004166666666666667, , 718.435094
2745547.exe, 0.15083333333333335, , 0.004333333333333333, , 719.298305
2745547.exe, 0.1476666666666667, , 0.0045000000000000005, , 717.421921
2745547.exe, 0.15216666666666667, , 0.004333333333333333, , 721.72557
2745547.exe, 0.14950000000000002, , 0.0045000000000000005, , 723.69
2745547.exe, 0.16683333333333336, , 0.007499999999999999, , 784.363014
2745547.exe, 0.16666666666666663, , 0.007500000000000001, , 780.569995
2745547.exe, 0.162, , 0.007166666666666667, , 763.037428
2774509.exe, 0.11766666666666667, , 0.0035, , 528.918404
2774509.exe, 0.11716666666666666, , 0.0036666666666666666, , 531.267192
2774509.exe, 0.11683333333333333, , 0.003333333333333333, , 528.697415
2774509.exe, 0.11516666666666667, , 0.003333333333333333, , 531.590244
2774509.exe, 0.11616666666666668, , 0.003166666666666666, , 526.766669
2774509.exe, 0.1155, , 0.003, , 528.588239
2774509.exe, 0.11433333333333333, , 0.002833333333333333, , 524.309414
2774509.exe, 0.1125, , 0.002666666666666666, , 524.501744
2774509.exe, 0.11250000000000002, , 0.002666666666666666, , 535.477139
2774509.exe, 0.11, , 0.0024999999999999996, , 524.963267
2832245.exe, 0.10900000000000001, , 0.002333333333333333, , 515.577425
2832245.exe, 0.10733333333333334, , 0.0024999999999999996, , 520.912495
2832245.exe, 0.10916666666666668, , 0.002666666666666666, , 516.166485
2832245.exe, 0.10716666666666666, , 0.002333333333333333, , 517.28284
2832245.exe, 0.10666666666666666, , 0.0024999999999999996, , 519.474451
2832245.exe, 0.10833333333333334, , 0.002333333333333333, , 514.250557
2832245.exe, 0.10750000000000001, , 0.0024999999999999996, , 518.095786
2832245.exe, 0.1085, , 0.002333333333333333, , 516.456326
2832245.exe, 0.10683333333333334, , 0.002666666666666666, , 516.759504
2832245.exe, 0.10833333333333334, , 0.0024999999999999996, , 514.578059
2847173.exe, 0.07800000000000001, , 0.003, , 414.884294
2847173.exe, 0.07483333333333334, , 0.0026666666666666666, , 406.617686
2847173.exe, 0.07566666666666667, , 0.003, , 408.114587
2847173.exe, 0.07600000000000001, , 0.0026666666666666666, , 408.006246
2847173.exe, 0.07550000000000003, , 0.0026666666666666666, , 404.293512
2847173.exe, 0.07383333333333333, , 0.0026666666666666666, , 415.136571
2847173.exe, 0.07466666666666666, , 0.002833333333333333, , 410.797812
2847173.exe, 0.0755, , 0.0026666666666666666, , 408.728357
2847173.exe, 0.07633333333333335, , 0.0026666666666666666, , 408.649211
2847173.exe, 0.0765, , 0.002833333333333333, , 405.094333
3184306.exe, 0.1085, , 0.0024999999999999996, , 514.628964
3184306.exe, 0.1085, , 0.002333333333333333, , 513.982898
3184306.exe, 0.10716666666666666, , 0.0024999999999999996, , 522.01402
3184306.exe, 0.10800000000000001, , 0.002333333333333333, , 518.405268
3184306.exe, 0.10733333333333334, , 0.0024999999999999996, , 525.041223
3184306.exe, 0.10883333333333335, , 0.002333333333333333, , 523.719647
3184306.exe, 0.10516666666666667, , 0.0024999999999999996, , 528.282391
3184306.exe, 0.10816666666666666, , 0.002666666666666666, , 520.969062
3184306.exe, 0.1065, , 0.0024999999999999996, , 523.212846
3184306.exe, 0.10716666666666666, , 0.0024999999999999996, , 525.412467
3187447.exe, 0.07466666666666666, , 0.0026666666666666666, , 409.130255
3187447.exe, 0.07516666666666667, , 0.0026666666666666666, , 402.18073
3187447.exe, 0.07583333333333335, , 0.0026666666666666666, , 401.60456
3187447.exe, 0.07416666666666666, , 0.0025, , 403.729705
3187447.exe, 0.074, , 0.0026666666666666666, , 412.343302
3187447.exe, 0.075, , 0.0025000000000000005, , 403.321909
3187447.exe, 0.07466666666666667, , 0.0026666666666666666, , 398.195504
3187447.exe, 0.07233333333333333, , 0.0026666666666666666, , 409.258397
3187447.exe, 0.07400000000000001, , 0.002833333333333333, , 409.611773
3187447.exe, 0.0735, , 0.002833333333333333, , 411.044309
3234095.exe, 0.10983333333333335, , 0.0024999999999999996, , 519.376914
3234095.exe, 0.10933333333333334, , 0.002333333333333333, , 516.832874
3234095.exe, 0.10916666666666668, , 0.002333333333333333, , 516.145837
3234095.exe, 0.11383333333333333, , 0.0024999999999999996, , 516.71639
3234095.exe, 0.10816666666666667, , 0.0024999999999999996, , 521.128391
3234095.exe, 0.10833333333333334, , 0.0024999999999999996, , 516.046314
3234095.exe, 0.10900000000000001, , 0.002333333333333333, , 514.745879
3234095.exe, 0.10866666666666666, , 0.002333333333333333, , 516.98842
3234095.exe, 0.10866666666666669, , 0.002333333333333333, , 515.273252
3234095.exe, 0.10716666666666669, , 0.002666666666666666, , 528.059158
3235338.exe, 0.10816666666666667, , 0.0024999999999999996, , 512.315339
3235338.exe, 0.10716666666666666, , 0.002666666666666666, , 520.298686
3235338.exe, 0.10766666666666666, , 0.002333333333333333, , 512.264911
3235338.exe, 0.10833333333333332, , 0.0024999999999999996, , 512.129668
3235338.exe, 0.10766666666666666, , 0.0024999999999999996, , 516.957777
3235338.exe, 0.1056666666666667, , 0.0024999999999999996, , 536.710625
3235338.exe, 0.10733333333333332, , 0.002333333333333333, , 517.018515
3235338.exe, 0.10750000000000001, , 0.002333333333333333, , 513.404392
3235338.exe, 0.10749999999999998, , 0.002333333333333333, , 515.302877
3235338.exe, 0.10833333333333334, , 0.002333333333333333, , 512.669352
3270012.exe, 0.10716666666666666, , 0.0024999999999999996, , 517.241134
3270012.exe, 0.10850000000000003, , 0.0024999999999999996, , 512.047035
3270012.exe, 0.10816666666666666, , 0.0024999999999999996, , 522.125131
3270012.exe, 0.10800000000000003, , 0.0024999999999999996, , 522.233891
3270012.exe, 0.10833333333333336, , 0.0024999999999999996, , 514.833348
3270012.exe, 0.10966666666666666, , 0.002333333333333333, , 513.637502
3270012.exe, 0.109, , 0.0024999999999999996, , 512.610488
3270012.exe, 0.1085, , 0.0024999999999999996, , 513.198625
3270012.exe, 0.10666666666666667, , 0.0024999999999999996, , 533.68313
3270012.exe, 0.108, , 0.002333333333333333, , 514.845512
3523845.exe, 0.049, , 0.001833333333333333, , 293.453277
3523845.exe, 0.05100000000000001, , 0.001833333333333333, , 282.365601
3523845.exe, 0.05533333333333334, , 0.0019999999999999996, , 284.702644
3523845.exe, 0.0495, , 0.0019999999999999996, , 288.834655
3523845.exe, 0.051166666666666666, , 0.0019999999999999996, , 286.654292
3523845.exe, 0.050499999999999996, , 0.0019999999999999996, , 283.179493
3523845.exe, 0.050166666666666665, , 0.001833333333333333, , 281.52689
3523845.exe, 0.051166666666666666, , 0.0019999999999999996, , 283.467831
3523845.exe, 0.050833333333333314, , 0.0019999999999999996, , 283.290895
3523845.exe, 0.050166666666666665, , 0.0021666666666666666, , 285.751972
3627289.exe, 0.10733333333333334, , 0.002333333333333333, , 515.557705
3627289.exe, 0.10933333333333334, , 0.002333333333333333, , 515.878529
3627289.exe, 0.10900000000000001, , 0.0024999999999999996, , 516.903546
3627289.exe, 0.11000000000000001, , 0.0024999999999999996, , 517.611341
3627289.exe, 0.10966666666666666, , 0.002333333333333333, , 517.191956
3627289.exe, 0.10916666666666668, , 0.002333333333333333, , 521.860639
3627289.exe, 0.10883333333333334, , 0.002666666666666666, , 522.608238
3627289.exe, 0.10866666666666668, , 0.002333333333333333, , 517.735747
3627289.exe, 0.10716666666666667, , 0.0024999999999999996, , 526.078077
3627289.exe, 0.10800000000000003, , 0.0024999999999999996, , 517.495764
375888.exe, 0.074, , 0.0026666666666666666, , 404.972662
375888.exe, 0.07466666666666667, , 0.0026666666666666666, , 398.551836
375888.exe, 0.07866666666666666, , 0.0026666666666666666, , 403.092347
375888.exe, 0.07366666666666669, , 0.0026666666666666666, , 404.164678
375888.exe, 0.07300000000000001, , 0.0025, , 407.553057
375888.exe, 0.07500000000000001, , 0.0026666666666666666, , 401.695356
375888.exe, 0.07466666666666667, , 0.0026666666666666666, , 400.824521
375888.exe, 0.07616666666666667, , 0.0026666666666666666, , 402.676866
375888.exe, 0.07583333333333335, , 0.0026666666666666666, , 400.027063
375888.exe, 0.07566666666666669, , 0.0026666666666666666, , 401.432319
3863251.exe, 0.13783333333333334, , 0.003833333333333333, , 696.900224
3863251.exe, 0.13866666666666666, , 0.003833333333333333, , 693.61905
3863251.exe, 0.1375, , 0.003833333333333333, , 701.663187
3863251.exe, 0.13833333333333334, , 0.003833333333333333, , 692.017379
3863251.exe, 0.13866666666666666, , 0.003666666666666666, , 691.638736
3863251.exe, 0.1395, , 0.003833333333333333, , 693.457553
3863251.exe, 0.13849999999999998, , 0.003833333333333333, , 692.928986
3863251.exe, 0.1395, , 0.003833333333333333, , 694.859341
3863251.exe, 0.1375, , 0.003666666666666666, , 699.108696
3863251.exe, 0.14033333333333334, , 0.003666666666666666, , 694.278895
3901913.exe, 0.08216666666666667, , 0.002833333333333333, , 433.466529
3901913.exe, 0.08116666666666668, , 0.002833333333333333, , 437.225162
3901913.exe, 0.0815, , 0.002833333333333333, , 435.570028
3901913.exe, 0.08133333333333333, , 0.002833333333333333, , 438.841554
3901913.exe, 0.08100000000000002, , 0.0026666666666666666, , 448.542846
3901913.exe, 0.08200000000000002, , 0.0026666666666666666, , 436.553732
3901913.exe, 0.07933333333333334, , 0.002833333333333333, , 441.350236
3901913.exe, 0.08166666666666668, , 0.0026666666666666666, , 436.126846
3901913.exe, 0.08299999999999999, , 0.002833333333333333, , 434.157685
3901913.exe, 0.08183333333333336, , 0.002833333333333333, , 433.306088
3902315.exe, 0.042499999999999996, , 0.0011666666666666668, , 220.070028
3902315.exe, 0.04083333333333334, , 0.0011666666666666668, , 228.338359
3902315.exe, 0.03816666666666667, , 0.0011666666666666668, , 254.947288
3902315.exe, 0.04083333333333334, , 0.0011666666666666668, , 227.28002
3902315.exe, 0.03849999999999999, , 0.0011666666666666668, , 242.191312
3902315.exe, 0.039833333333333325, , 0.0011666666666666668, , 231.986794
3902315.exe, 0.037333333333333336, , 0.0011666666666666668, , 244.351672
3902315.exe, 0.034833333333333334, , 0.0011666666666666668, , 264.850201
3902315.exe, 0.04016666666666666, , 0.0011666666666666668, , 234.305538
3902315.exe, 0.0375, , 0.0011666666666666668, , 247.629067
3903900.exe, 0.09883333333333333, , 0.0033333333333333327, , 548.770709
3903900.exe, 0.0995, , 0.003166666666666666, , 537.67272
3903900.exe, 0.09983333333333334, , 0.003166666666666666, , 534.56925
3903900.exe, 0.099, , 0.003166666666666666, , 536.865139
3903900.exe, 0.09833333333333334, , 0.003166666666666666, , 536.066025
3903900.exe, 0.10416666666666667, , 0.0033333333333333327, , 538.17768
3903900.exe, 0.10116666666666665, , 0.003166666666666666, , 533.536896
3903900.exe, 0.10083333333333334, , 0.003166666666666666, , 534.558955
3903900.exe, 0.09949999999999999, , 0.003166666666666666, , 533.45804
3903900.exe, 0.1005, , 0.003166666666666666, , 539.186755
3903935.exe, 0.0405, , 0.0011666666666666668, , 237.257824
3903935.exe, 0.040499999999999994, , 0.0011666666666666668, , 240.941676
3903935.exe, 0.03966666666666666, , 0.0011666666666666668, , 243.739484
3903935.exe, 0.0385, , 0.0011666666666666668, , 255.181091
3903935.exe, 0.037333333333333336, , 0.0011666666666666668, , 266.967505
3903935.exe, 0.038500000000000006, , 0.0011666666666666668, , 253.069143
3903935.exe, 0.04033333333333333, , 0.0011666666666666668, , 238.725804
3903935.exe, 0.03666666666666666, , 0.0011666666666666668, , 258.488339
3903935.exe, 0.03883333333333334, , 0.0011666666666666668, , 251.036934
3903935.exe, 0.03849999999999999, , 0.0011666666666666668, , 253.40511
3932932.exe, 0.1435, , 0.004166666666666667, , 717.635485
3932932.exe, 0.143, , 0.003833333333333333, , 719.352859
3932932.exe, 0.14266666666666666, , 0.004166666666666667, , 720.84244
3932932.exe, 0.14216666666666666, , 0.004, , 722.105299
3932932.exe, 0.15116666666666667, , 0.004166666666666667, , 720.663513
3932932.exe, 0.142, , 0.004166666666666667, , 726.322539
3932932.exe, 0.14049999999999999, , 0.003833333333333333, , 731.116883
3932932.exe, 0.14250000000000002, , 0.003833333333333333, , 725.760623
3932932.exe, 0.143, , 0.004166666666666667, , 723.055307
3932932.exe, 0.14283333333333334, , 0.004333333333333333, , 726.653406
4073051.exe, 0.14166666666666666, , 0.004333333333333333, , 724.134717
4073051.exe, 0.1436666666666667, , 0.004333333333333333, , 716.960735
4073051.exe, 0.14416666666666667, , 0.004166666666666667, , 716.893608
4073051.exe, 0.14316666666666666, , 0.003833333333333333, , 717.887626
4073051.exe, 0.142, , 0.004, , 716.894614
4073051.exe, 0.14166666666666666, , 0.004, , 720.940216
4073051.exe, 0.14100000000000001, , 0.003833333333333333, , 716.633553
4073051.exe, 0.143, , 0.003833333333333333, , 717.051892
4073051.exe, 0.14433333333333334, , 0.003833333333333333, , 717.594448
4073051.exe, 0.14350000000000002, , 0.004, , 715.634511
4122402.exe, 0.169, , 0.004833333333333334, , 844.668113
4122402.exe, 0.1675, , 0.004833333333333334, , 839.575426
4122402.exe, 0.16566666666666668, , 0.004833333333333334, , 846.906663
4122402.exe, 0.166, , 0.004833333333333334, , 836.417978
4122402.exe, 0.16783333333333333, , 0.004833333333333334, , 840.745474
4122402.exe, 0.1676666666666667, , 0.004833333333333334, , 839.855106
4122402.exe, 0.16716666666666669, , 0.004833333333333334, , 838.210932
4122402.exe, 0.16666666666666666, , 0.004833333333333334, , 840.504985
4122402.exe, 0.1676666666666667, , 0.004833333333333334, , 842.937888
4122402.exe, 0.16699999999999998, , 0.004833333333333334, , 842.308119
4237499.exe, 0.07333333333333332, , 0.0026666666666666666, , 404.341158
4237499.exe, 0.075, , 0.0026666666666666666, , 403.493684
4237499.exe, 0.07450000000000001, , 0.0026666666666666666, , 401.865075
4237499.exe, 0.07466666666666667, , 0.0025, , 400.851883
4237499.exe, 0.07466666666666666, , 0.0026666666666666666, , 400.648735
4237499.exe, 0.07516666666666667, , 0.0026666666666666666, , 401.619237
4237499.exe, 0.07516666666666666, , 0.002833333333333333, , 402.205796
4237499.exe, 0.07483333333333334, , 0.0026666666666666666, , 404.952026
4237499.exe, 0.07466666666666666, , 0.0026666666666666666, , 402.665092
4237499.exe, 0.07483333333333334, , 0.002333333333333333, , 402.79327
4526544.exe, 0.14133333333333334, , 0.004, , 720.352489
4526544.exe, 0.143, , 0.004166666666666667, , 716.038761
4526544.exe, 0.1425, , 0.004166666666666667, , 715.530979
4526544.exe, 0.14250000000000002, , 0.004, , 715.064509
4526544.exe, 0.1495, , 0.004166666666666667, , 720.717411
4526544.exe, 0.14483333333333331, , 0.004166666666666667, , 719.47878
4526544.exe, 0.1445, , 0.004, , 715.865102
4526544.exe, 0.1431666666666667, , 0.004, , 716.856812
4526544.exe, 0.14316666666666666, , 0.004166666666666667, , 722.754473
4526544.exe, 0.14233333333333334, , 0.004166666666666667, , 717.092788
4578708.exe, 0.10533333333333333, , 0.004166666666666667, , 587.999972
4578708.exe, 0.10316666666666668, , 0.003999999999999999, , 592.855856
4578708.exe, 0.10466666666666669, , 0.004166666666666667, , 586.91918
4578708.exe, 0.10566666666666667, , 0.004166666666666667, , 589.63377
4578708.exe, 0.10500000000000001, , 0.004166666666666667, , 585.007483
4578708.exe, 0.10450000000000002, , 0.004166666666666667, , 582.589434
4578708.exe, 0.1035, , 0.004166666666666667, , 592.405891
4578708.exe, 0.10416666666666669, , 0.004166666666666667, , 585.819283
4578708.exe, 0.10666666666666667, , 0.004, , 585.318476
4578708.exe, 0.10250000000000001, , 0.004166666666666667, , 595.648703
4581289.exe, 0.07566666666666667, , 0.0026666666666666666, , 405.897737
4581289.exe, 0.07566666666666667, , 0.0026666666666666666, , 402.968901
4581289.exe, 0.0755, , 0.0026666666666666666, , 406.879627
4581289.exe, 0.07500000000000001, , 0.0026666666666666666, , 404.520828
4581289.exe, 0.07333333333333333, , 0.0026666666666666666, , 412.696196
4581289.exe, 0.07466666666666667, , 0.0026666666666666666, , 402.912007
4581289.exe, 0.07483333333333334, , 0.002833333333333333, , 406.676777
4581289.exe, 0.07466666666666667, , 0.0026666666666666666, , 406.992984
4581289.exe, 0.07466666666666667, , 0.0026666666666666666, , 405.931354
4581289.exe, 0.0735, , 0.0026666666666666666, , 411.459254
4630635.exe, 0.07416666666666667, , 0.0026666666666666666, , 400.41735
4630635.exe, 0.07483333333333332, , 0.0026666666666666666, , 400.37603
4630635.exe, 0.0745, , 0.0026666666666666666, , 400.787403
4630635.exe, 0.0725, , 0.0026666666666666666, , 407.883731
4630635.exe, 0.07349999999999998, , 0.0026666666666666666, , 402.404837
4630635.exe, 0.0735, , 0.0026666666666666666, , 398.901702
4630635.exe, 0.07366666666666667, , 0.0025, , 399.041723
4630635.exe, 0.0745, , 0.0026666666666666666, , 402.321613
4630635.exe, 0.07400000000000001, , 0.002833333333333333, , 404.871436
4630635.exe, 0.07366666666666667, , 0.0026666666666666666, , 403.631684
4718203.exe, 0.10783333333333335, , 0.0024999999999999996, , 515.572493
4718203.exe, 0.10783333333333335, , 0.0024999999999999996, , 514.97331
4718203.exe, 0.10883333333333335, , 0.0024999999999999996, , 514.285914
4718203.exe, 0.10833333333333334, , 0.0024999999999999996, , 514.235537
4718203.exe, 0.10766666666666666, , 0.0024999999999999996, , 514.502601
4718203.exe, 0.10833333333333334, , 0.0024999999999999996, , 515.003967
4718203.exe, 0.10816666666666666, , 0.002333333333333333, , 515.483292
4718203.exe, 0.10833333333333334, , 0.0024999999999999996, , 516.454497
4718203.exe, 0.10733333333333335, , 0.002333333333333333, , 513.75722
4718203.exe, 0.10816666666666667, , 0.0024999999999999996, , 514.43826
4817270.exe, 0.1465, , 0.004333333333333333, , 727.504482
4817270.exe, 0.14416666666666667, , 0.004, , 715.759695
4817270.exe, 0.14483333333333331, , 0.004166666666666667, , 718.109854
4817270.exe, 0.14500000000000002, , 0.003833333333333333, , 716.621808
4817270.exe, 0.14533333333333334, , 0.004166666666666667, , 720.49527
4817270.exe, 0.14183333333333334, , 0.004166666666666667, , 728.207108
4817270.exe, 0.14316666666666666, , 0.004, , 724.705284
4817270.exe, 0.14433333333333334, , 0.004, , 718.988706
4817270.exe, 0.14433333333333334, , 0.003833333333333333, , 717.309058
4817270.exe, 0.14400000000000002, , 0.003833333333333333, , 717.013131
4913843.exe, 0.156, , 0.005000000000000001, , 804.762578
4913843.exe, 0.1571666666666667, , 0.005000000000000001, , 792.64164
4913843.exe, 0.15983333333333336, , 0.004833333333333334, , 793.760022
4913843.exe, 0.15816666666666668, , 0.004666666666666667, , 798.041253
4913843.exe, 0.15733333333333335, , 0.005000000000000001, , 796.291833
4913843.exe, 0.15649999999999997, , 0.0051666666666666675, , 817.075896
4913843.exe, 0.15733333333333333, , 0.005000000000000001, , 794.583339
4913843.exe, 0.159, , 0.005000000000000001, , 798.365437
4913843.exe, 0.1585, , 0.005000000000000001, , 797.856726
4913843.exe, 0.15750000000000003, , 0.005000000000000001, , 794.407257
5032964.exe, 0.1435, , 0.004, , 719.591538
5032964.exe, 0.14883333333333332, , 0.004166666666666667, , 732.608879
5032964.exe, 0.14266666666666666, , 0.004166666666666667, , 721.636292
5032964.exe, 0.1421666666666667, , 0.004166666666666667, , 735.619071
5032964.exe, 0.14416666666666667, , 0.0045000000000000005, , 730.294532
5032964.exe, 0.14250000000000002, , 0.0045000000000000005, , 752.747392
5032964.exe, 0.1438333333333333, , 0.004, , 719.824427
5032964.exe, 0.14316666666666666, , 0.0045000000000000005, , 724.419073
5032964.exe, 0.144, , 0.004166666666666667, , 719.132537
5032964.exe, 0.144, , 0.004, , 720.967809
5220552.exe, 0.1435, , 0.004166666666666667, , 723.280498
5220552.exe, 0.14666666666666667, , 0.0045000000000000005, , 720.580664
5220552.exe, 0.14466666666666667, , 0.004, , 717.577312
5220552.exe, 0.1423333333333333, , 0.004333333333333333, , 719.601644
5220552.exe, 0.1436666666666667, , 0.004, , 717.599691
5220552.exe, 0.14433333333333334, , 0.004333333333333333, , 720.939222
5220552.exe, 0.14316666666666666, , 0.004, , 718.920953
5220552.exe, 0.14483333333333334, , 0.004333333333333333, , 720.084837
5220552.exe, 0.1438333333333333, , 0.004166666666666667, , 715.700034
5220552.exe, 0.14433333333333334, , 0.003833333333333333, , 718.008423
5383429.exe, 0.07116666666666667, , 0.0025000000000000005, , 405.253319
5383429.exe, 0.07233333333333332, , 0.0026666666666666666, , 398.151943
5383429.exe, 0.07033333333333333, , 0.002833333333333333, , 412.685905
5383429.exe, 0.07283333333333333, , 0.0026666666666666666, , 396.357846
5383429.exe, 0.07200000000000001, , 0.003, , 404.113735
5383429.exe, 0.0735, , 0.0026666666666666666, , 398.004028
5383429.exe, 0.07716666666666668, , 0.002833333333333333, , 404.767308
5383429.exe, 0.075, , 0.0026666666666666666, , 397.532967
5383429.exe, 0.07183333333333333, , 0.002833333333333333, , 420.119586
5383429.exe, 0.07300000000000001, , 0.0026666666666666666, , 399.421441
5398757.exe, 0.041666666666666664, , 0.0011666666666666668, , 227.629422
5398757.exe, 0.04016666666666666, , 0.0011666666666666668, , 238.33512
5398757.exe, 0.03949999999999999, , 0.0011666666666666668, , 240.956228
5398757.exe, 0.043166666666666666, , 0.0011666666666666668, , 224.67747
5398757.exe, 0.041999999999999996, , 0.0011666666666666668, , 228.657422
5398757.exe, 0.042333333333333334, , 0.0011666666666666668, , 225.196262
5398757.exe, 0.03883333333333334, , 0.0011666666666666668, , 239.932074
5398757.exe, 0.041999999999999996, , 0.0011666666666666668, , 228.369647
5398757.exe, 0.042333333333333334, , 0.0011666666666666668, , 225.788215
5398757.exe, 0.04266666666666666, , 0.0011666666666666668, , 224.751059
5414757.exe, 0.10866666666666666, , 0.0024999999999999996, , 517.110983
5414757.exe, 0.10916666666666665, , 0.0024999999999999996, , 518.270476
5414757.exe, 0.10933333333333334, , 0.0024999999999999996, , 517.629722
5414757.exe, 0.10916666666666668, , 0.002333333333333333, , 519.547291
5414757.exe, 0.10950000000000001, , 0.0024999999999999996, , 518.097536
5414757.exe, 0.10833333333333334, , 0.0024999999999999996, , 520.563998
5414757.exe, 0.10933333333333334, , 0.002333333333333333, , 518.704665
5414757.exe, 0.10916666666666668, , 0.002333333333333333, , 522.691926
5414757.exe, 0.10933333333333334, , 0.002333333333333333, , 517.915184
5414757.exe, 0.10866666666666666, , 0.002333333333333333, , 521.566514
5869113.exe, 0.14283333333333334, , 0.004, , 727.553645
5869113.exe, 0.14233333333333334, , 0.004, , 720.985652
5869113.exe, 0.14266666666666664, , 0.004, , 717.474513
5869113.exe, 0.14250000000000002, , 0.004, , 723.959533
5869113.exe, 0.143, , 0.004, , 716.601328
5869113.exe, 0.14183333333333334, , 0.004, , 718.556138
5869113.exe, 0.14233333333333334, , 0.004, , 714.587693
5869113.exe, 0.14283333333333334, , 0.003833333333333333, , 717.833537
5869113.exe, 0.14383333333333334, , 0.004166666666666667, , 722.000178
5869113.exe, 0.143, , 0.003833333333333333, , 715.885298
5884549.exe, 0.14316666666666666, , 0.004, , 717.152763
5884549.exe, 0.14366666666666666, , 0.004166666666666667, , 717.728785
5884549.exe, 0.14383333333333334, , 0.003833333333333333, , 718.589641
5884549.exe, 0.14416666666666667, , 0.004166666666666667, , 719.720846
5884549.exe, 0.14416666666666667, , 0.004, , 719.880297
5884549.exe, 0.1438333333333333, , 0.004, , 719.011606
5884549.exe, 0.14433333333333334, , 0.0045000000000000005, , 721.644229
5884549.exe, 0.1435, , 0.004, , 719.918121
5884549.exe, 0.143, , 0.004333333333333333, , 722.096226
5884549.exe, 0.14250000000000002, , 0.004333333333333333, , 720.592585
591151.exe, 0.14850000000000002, , 0.004666666666666667, , 753.187269
591151.exe, 0.14883333333333335, , 0.004833333333333334, , 751.656729
591151.exe, 0.1575, , 0.004666666666666667, , 753.03776
591151.exe, 0.14833333333333334, , 0.0045000000000000005, , 748.429687
591151.exe, 0.149, , 0.004833333333333334, , 750.283754
591151.exe, 0.1505, , 0.004833333333333334, , 749.008708
591151.exe, 0.14950000000000002, , 0.004833333333333334, , 750.485048
591151.exe, 0.14966666666666667, , 0.004666666666666667, , 748.643045
591151.exe, 0.14933333333333335, , 0.004833333333333334, , 753.051323
591151.exe, 0.1491666666666667, , 0.004833333333333334, , 750.142577
5976921.exe, 0.14433333333333337, , 0.004333333333333333, , 721.439436
5976921.exe, 0.14433333333333334, , 0.004333333333333333, , 716.388286
5976921.exe, 0.14466666666666667, , 0.004166666666666667, , 726.206709
5976921.exe, 0.145, , 0.004, , 717.534068
5976921.exe, 0.14466666666666667, , 0.004, , 717.197496
5976921.exe, 0.14466666666666667, , 0.004333333333333333, , 717.967825
5976921.exe, 0.1435, , 0.004, , 719.261697
5976921.exe, 0.1615, , 0.004666666666666667, , 724.068375
5976921.exe, 0.14416666666666667, , 0.004333333333333333, , 716.936579
5976921.exe, 0.1435, , 0.004, , 717.100608
5980253.exe, 0.14333333333333334, , 0.004166666666666667, , 715.491503
5980253.exe, 0.14433333333333334, , 0.004166666666666667, , 719.557986
5980253.exe, 0.15316666666666665, , 0.004166666666666667, , 721.012205
5980253.exe, 0.14433333333333334, , 0.003833333333333333, , 715.670975
5980253.exe, 0.143, , 0.003833333333333333, , 718.825632
5980253.exe, 0.14333333333333334, , 0.004166666666666667, , 717.047718
5980253.exe, 0.14383333333333334, , 0.004166666666666667, , 716.607573
5980253.exe, 0.143, , 0.004166666666666667, , 720.123846
5980253.exe, 0.14333333333333334, , 0.004, , 715.116649
5980253.exe, 0.14366666666666666, , 0.004, , 722.175865
6028185.exe, 0.10783333333333332, , 0.002333333333333333, , 514.894989
6028185.exe, 0.10750000000000001, , 0.002333333333333333, , 518.262615
6028185.exe, 0.10566666666666666, , 0.0024999999999999996, , 526.655479
6028185.exe, 0.10600000000000001, , 0.0024999999999999996, , 515.764966
6028185.exe, 0.1065, , 0.0024999999999999996, , 518.917982
6028185.exe, 0.10483333333333333, , 0.0024999999999999996, , 523.627754
6028185.exe, 0.10800000000000001, , 0.002333333333333333, , 517.903055
6028185.exe, 0.10766666666666667, , 0.0024999999999999996, , 518.907462
6028185.exe, 0.10716666666666669, , 0.0024999999999999996, , 516.363858
6028185.exe, 0.10483333333333335, , 0.002666666666666666, , 538.845695
6047500.exe, 0.14299999999999996, , 0.004333333333333333, , 744.823644
6047500.exe, 0.14433333333333334, , 0.0045000000000000005, , 727.153565
6047500.exe, 0.145, , 0.004166666666666667, , 728.007457
6047500.exe, 0.1421666666666667, , 0.004333333333333333, , 740.041577
6047500.exe, 0.14466666666666667, , 0.004166666666666667, , 724.544121
6047500.exe, 0.14500000000000002, , 0.004166666666666667, , 725.015207
6047500.exe, 0.14483333333333334, , 0.004166666666666667, , 722.253011
6047500.exe, 0.1438333333333333, , 0.004166666666666667, , 724.22214
6047500.exe, 0.14483333333333331, , 0.0045000000000000005, , 727.256113
6047500.exe, 0.14433333333333334, , 0.004, , 719.218276
6079734.exe, 0.15783333333333335, , 0.004833333333333334, , 803.587543
6079734.exe, 0.15933333333333335, , 0.005000000000000001, , 804.426288
6079734.exe, 0.16016666666666668, , 0.0051666666666666675, , 808.719058
6079734.exe, 0.15816666666666668, , 0.0051666666666666675, , 799.99919
6079734.exe, 0.15816666666666668, , 0.004833333333333334, , 797.648307
6079734.exe, 0.1585, , 0.004833333333333334, , 796.80047
6079734.exe, 0.15866666666666668, , 0.004833333333333334, , 797.718669
6079734.exe, 0.15983333333333333, , 0.005000000000000001, , 796.992623
6079734.exe, 0.1585, , 0.004833333333333334, , 797.917103
6079734.exe, 0.15883333333333335, , 0.005000000000000001, , 797.545729
6109493.exe, 0.147, , 0.004666666666666667, , 731.935332
6109493.exe, 0.14650000000000002, , 0.004666666666666667, , 730.823232
6109493.exe, 0.15416666666666667, , 0.004666666666666667, , 739.542649
6109493.exe, 0.14683333333333334, , 0.004666666666666667, , 732.348871
6109493.exe, 0.147, , 0.0045000000000000005, , 732.181651
6109493.exe, 0.14683333333333334, , 0.004666666666666667, , 731.097659
6109493.exe, 0.14716666666666667, , 0.004666666666666667, , 732.896837
6109493.exe, 0.14883333333333332, , 0.004666666666666667, , 738.581515
6109493.exe, 0.14633333333333332, , 0.004666666666666667, , 732.664388
6109493.exe, 0.14650000000000002, , 0.0045000000000000005, , 730.78864
6146072.exe, 0.14533333333333334, , 0.004166666666666667, , 723.749222
6146072.exe, 0.14483333333333334, , 0.004, , 720.415201
6146072.exe, 0.14550000000000002, , 0.004166666666666667, , 723.200628
6146072.exe, 0.14816666666666667, , 0.004333333333333333, , 722.342157
6146072.exe, 0.14466666666666667, , 0.003833333333333333, , 718.425782
6146072.exe, 0.146, , 0.004333333333333333, , 727.679304
6146072.exe, 0.1475, , 0.004166666666666667, , 724.392608
6146072.exe, 0.147, , 0.004166666666666667, , 722.619439
6146072.exe, 0.145, , 0.004, , 719.118855
6146072.exe, 0.14483333333333331, , 0.004, , 720.783866
6186538.exe, 0.145, , 0.0045000000000000005, , 729.103347
6186538.exe, 0.1451666666666667, , 0.004, , 719.524618
6186538.exe, 0.1461666666666667, , 0.004333333333333333, , 723.001961
6186538.exe, 0.1451666666666667, , 0.003833333333333333, , 723.175324
6186538.exe, 0.14933333333333335, , 0.004166666666666667, , 724.052156
6186538.exe, 0.14566666666666667, , 0.004166666666666667, , 724.21735
6186538.exe, 0.1445, , 0.004166666666666667, , 722.776069
6186538.exe, 0.1451666666666667, , 0.004166666666666667, , 724.348695
6186538.exe, 0.14533333333333334, , 0.004166666666666667, , 721.603683
6186538.exe, 0.14466666666666667, , 0.004333333333333333, , 744.752249
6200657.exe, 0.05216666666666667, , 0.0011666666666666668, , 289.156685
6200657.exe, 0.053000000000000005, , 0.0011666666666666668, , 280.576644
6200657.exe, 0.05316666666666667, , 0.0011666666666666668, , 283.101952
6200657.exe, 0.05316666666666667, , 0.0013333333333333333, , 280.322207
6200657.exe, 0.05366666666666667, , 0.0011666666666666668, , 281.081335
6200657.exe, 0.05383333333333334, , 0.0011666666666666668, , 280.236333
6200657.exe, 0.05116666666666667, , 0.0011666666666666668, , 290.879438
6200657.exe, 0.05316666666666667, , 0.0011666666666666668, , 281.860379
6200657.exe, 0.053, , 0.0011666666666666668, , 282.700267
6200657.exe, 0.05166666666666666, , 0.0013333333333333333, , 289.823011
6265278.exe, 0.07583333333333334, , 0.0026666666666666666, , 407.125183
6265278.exe, 0.07516666666666666, , 0.0026666666666666666, , 405.36485
6265278.exe, 0.07483333333333334, , 0.0026666666666666666, , 404.717118
6265278.exe, 0.07466666666666667, , 0.0025, , 406.870634
6265278.exe, 0.07566666666666669, , 0.002833333333333333, , 408.820617
6265278.exe, 0.07516666666666666, , 0.0026666666666666666, , 404.862314
6265278.exe, 0.07083333333333333, , 0.002833333333333333, , 444.47484
6265278.exe, 0.0755, , 0.0026666666666666666, , 405.296808
6265278.exe, 0.074, , 0.0026666666666666666, , 411.641953
6265278.exe, 0.07866666666666668, , 0.0026666666666666666, , 409.049246
635598.exe, 0.14383333333333334, , 0.004166666666666667, , 722.192853
635598.exe, 0.14333333333333334, , 0.003833333333333333, , 719.806213
635598.exe, 0.14166666666666666, , 0.004166666666666667, , 724.753664
635598.exe, 0.1445, , 0.004, , 720.50493
635598.exe, 0.14433333333333334, , 0.004166666666666667, , 719.463548
635598.exe, 0.144, , 0.004333333333333333, , 717.715284
635598.exe, 0.143, , 0.004166666666666667, , 717.145399
635598.exe, 0.14400000000000002, , 0.004333333333333333, , 718.888836
635598.exe, 0.14250000000000002, , 0.004, , 721.32263
635598.exe, 0.14433333333333334, , 0.004, , 718.575808
6426681.exe, 0.14066666666666666, , 0.004166666666666667, , 728.340211
6426681.exe, 0.1435, , 0.004166666666666667, , 716.956838
6426681.exe, 0.14216666666666666, , 0.004166666666666667, , 726.117157
6426681.exe, 0.14416666666666667, , 0.004, , 719.084237
6426681.exe, 0.14283333333333334, , 0.004, , 713.832256
6426681.exe, 0.1438333333333333, , 0.004, , 714.702537
6426681.exe, 0.14283333333333334, , 0.004166666666666667, , 719.161958
6426681.exe, 0.14266666666666664, , 0.004166666666666667, , 718.559973
6426681.exe, 0.1445, , 0.003833333333333333, , 716.399489
6426681.exe, 0.1436666666666667, , 0.004, , 714.73214
6771116.exe, 0.07583333333333335, , 0.0026666666666666666, , 409.15914
6771116.exe, 0.07466666666666666, , 0.0026666666666666666, , 418.331752
6771116.exe, 0.07383333333333333, , 0.002833333333333333, , 415.915202
6771116.exe, 0.08316666666666667, , 0.002833333333333333, , 410.838946
6771116.exe, 0.07400000000000001, , 0.0026666666666666666, , 416.580046
6771116.exe, 0.075, , 0.0026666666666666666, , 405.236431
6771116.exe, 0.075, , 0.0026666666666666666, , 406.720288
6771116.exe, 0.07450000000000001, , 0.0026666666666666666, , 410.990651
6771116.exe, 0.07466666666666667, , 0.002833333333333333, , 411.58728
6771116.exe, 0.07466666666666666, , 0.0026666666666666666, , 407.197741
6796016.exe, 0.14316666666666666, , 0.004333333333333333, , 722.947346
6796016.exe, 0.1435, , 0.004166666666666667, , 718.968272
6796016.exe, 0.14350000000000002, , 0.004166666666666667, , 722.467376
6796016.exe, 0.14283333333333334, , 0.004, , 719.339678
6796016.exe, 0.14366666666666666, , 0.004166666666666667, , 717.553995
6796016.exe, 0.14316666666666666, , 0.004, , 721.802638
6796016.exe, 0.14433333333333334, , 0.004166666666666667, , 719.692356
6796016.exe, 0.14266666666666666, , 0.004, , 722.135339
6796016.exe, 0.14350000000000002, , 0.0045000000000000005, , 725.413945
6796016.exe, 0.14433333333333334, , 0.004, , 722.437826
6828397.exe, 0.10716666666666666, , 0.0024999999999999996, , 522.956592
6828397.exe, 0.10683333333333332, , 0.002333333333333333, , 522.974432
6828397.exe, 0.10633333333333335, , 0.0024999999999999996, , 527.55237
6828397.exe, 0.10816666666666667, , 0.0024999999999999996, , 520.603607
6828397.exe, 0.10783333333333335, , 0.002333333333333333, , 522.569375
6828397.exe, 0.10866666666666666, , 0.002333333333333333, , 521.799415
6828397.exe, 0.10716666666666666, , 0.0024999999999999996, , 520.418852
6828397.exe, 0.10733333333333334, , 0.002333333333333333, , 522.01226
6828397.exe, 0.10966666666666668, , 0.0024999999999999996, , 517.90661
6828397.exe, 0.11549999999999999, , 0.002333333333333333, , 522.224779
7766424.exe, 0.10916666666666668, , 0.0024999999999999996, , 520.340558
7766424.exe, 0.10883333333333332, , 0.0024999999999999996, , 522.258956
7766424.exe, 0.10933333333333334, , 0.002333333333333333, , 521.358477
7766424.exe, 0.1095, , 0.002333333333333333, , 519.729058
7766424.exe, 0.108, , 0.002333333333333333, , 521.532978
7766424.exe, 0.10900000000000001, , 0.002333333333333333, , 520.340476
7766424.exe, 0.10833333333333335, , 0.0024999999999999996, , 521.961326
7766424.exe, 0.10783333333333332, , 0.0024999999999999996, , 519.21797
7766424.exe, 0.10733333333333332, , 0.0024999999999999996, , 524.043524
7766424.exe, 0.10866666666666666, , 0.0024999999999999996, , 522.670168
779257.exe, 0.11133333333333334, , 0.002333333333333333, , 522.401538
779257.exe, 0.11083333333333335, , 0.0024999999999999996, , 523.172186
779257.exe, 0.11000000000000001, , 0.002333333333333333, , 522.912573
779257.exe, 0.11066666666666668, , 0.002666666666666666, , 522.824841
779257.exe, 0.10916666666666668, , 0.0024999999999999996, , 526.194705
779257.exe, 0.10883333333333335, , 0.002333333333333333, , 525.870211
779257.exe, 0.10816666666666667, , 0.002666666666666666, , 529.813941
779257.exe, 0.10933333333333334, , 0.002333333333333333, , 523.901707
779257.exe, 0.11050000000000001, , 0.002666666666666666, , 522.519134
779257.exe, 0.10933333333333334, , 0.0024999999999999996, , 526.192812
779384.exe, 0.07616666666666667, , 0.0026666666666666666, , 416.824834
779384.exe, 0.07583333333333334, , 0.0026666666666666666, , 405.798872
779384.exe, 0.07633333333333334, , 0.0026666666666666666, , 406.57448
779384.exe, 0.07516666666666667, , 0.0025, , 406.579428
779384.exe, 0.07600000000000001, , 0.0026666666666666666, , 406.837307
779384.exe, 0.07583333333333334, , 0.003, , 409.952022
779384.exe, 0.075, , 0.0026666666666666666, , 409.156437
779384.exe, 0.07600000000000001, , 0.0025, , 408.680831
779384.exe, 0.07400000000000001, , 0.0026666666666666666, , 417.511122
779384.exe, 0.07516666666666667, , 0.0026666666666666666, , 408.733407
