2366368.exe, 0.1125, , 0.002833333333333333, , 554.746403
2366368.exe, 0.11099999999999999, , 0.0024999999999999996, , 522.65442
2366368.exe, 0.10933333333333332, , 0.0024999999999999996, , 524.758731
2366368.exe, 0.11183333333333333, , 0.002333333333333333, , 517.371886
2366368.exe, 0.1115, , 0.0024999999999999996, , 518.435171
2366368.exe, 0.11, , 0.0024999999999999996, , 520.35622
2366368.exe, 0.11083333333333334, , 0.0024999999999999996, , 516.823609
2366368.exe, 0.11316666666666668, , 0.0024999999999999996, , 517.236003
2366368.exe, 0.11149999999999999, , 0.002333333333333333, , 515.753263
2366368.exe, 0.11016666666666668, , 0.0024999999999999996, , 519.98477
2591738.exe, 0.07883333333333332, , 0.0026666666666666666, , 408.650962
2591738.exe, 0.07649999999999998, , 0.002833333333333333, , 415.905606
2591738.exe, 0.0775, , 0.002833333333333333, , 408.331786
2591738.exe, 0.07783333333333334, , 0.0026666666666666666, , 409.845538
2591738.exe, 0.07783333333333334, , 0.002833333333333333, , 409.973287
2591738.exe, 0.07566666666666665, , 0.003, , 419.429957
2591738.exe, 0.07816666666666666, , 0.002833333333333333, , 410.221245
2591738.exe, 0.0785, , 0.002833333333333333, , 409.42478
2591738.exe, 0.07716666666666666, , 0.0026666666666666666, , 408.157091
2591738.exe, 0.07633333333333334, , 0.0026666666666666666, , 417.226906
2736242.exe, 0.077, , 0.0026666666666666666, , 412.730627
2736242.exe, 0.07566666666666667, , 0.0026666666666666666, , 413.721947
2736242.exe, 0.07749999999999999, , 0.0026666666666666666, , 408.458265
2736242.exe, 0.0775, , 0.002833333333333333, , 407.254034
2736242.exe, 0.07766666666666665, , 0.0026666666666666666, , 409.453309
2736242.exe, 0.07766666666666668, , 0.0026666666666666666, , 406.104647
2736242.exe, 0.0785, , 0.0025, , 406.800096
2736242.exe, 0.07749999999999999, , 0.002833333333333333, , 409.38683
2736242.exe, 0.0785, , 0.0026666666666666666, , 407.169594
2736242.exe, 0.07766666666666665, , 0.002833333333333333, , 406.338899
2780834.exe, 0.11000000000000001, , 0.002333333333333333, , 513.628398
2780834.exe, 0.1105, , 0.002333333333333333, , 516.045613
2780834.exe, 0.10816666666666667, , 0.002333333333333333, , 520.351452
2780834.exe, 0.10899999999999999, , 0.002333333333333333, , 513.653759
2780834.exe, 0.107, , 0.0024999999999999996, , 523.888444
2780834.exe, 0.10916666666666666, , 0.002333333333333333, , 515.935941
2780834.exe, 0.1095, , 0.002333333333333333, , 516.076014
2780834.exe, 0.10816666666666667, , 0.0024999999999999996, , 514.457768
2780834.exe, 0.10833333333333334, , 0.002333333333333333, , 517.999032
2780834.exe, 0.10899999999999999, , 0.0024999999999999996, , 515.299633
2913642.exe, 0.07800000000000001, , 0.002833333333333333, , 412.894281
2913642.exe, 0.079, , 0.003, , 414.851161
2913642.exe, 0.0785, , 0.002833333333333333, , 415.50031
2913642.exe, 0.07800000000000001, , 0.002833333333333333, , 411.552558
2913642.exe, 0.07883333333333334, , 0.003, , 414.460535
2913642.exe, 0.07866666666666666, , 0.0026666666666666666, , 409.797239
2913642.exe, 0.076, , 0.002833333333333333, , 421.90998
2913642.exe, 0.077, , 0.0026666666666666666, , 415.101101
2913642.exe, 0.0775, , 0.002833333333333333, , 415.520844
2913642.exe, 0.07716666666666666, , 0.002833333333333333, , 416.846884
3236787.exe, 0.10883333333333335, , 0.002333333333333333, , 519.294744
3236787.exe, 0.10866666666666666, , 0.0024999999999999996, , 518.483067
3236787.exe, 0.10883333333333334, , 0.002333333333333333, , 515.724091
3236787.exe, 0.1085, , 0.002333333333333333, , 520.697083
3236787.exe, 0.1085, , 0.0024999999999999996, , 515.113437
3236787.exe, 0.10883333333333335, , 0.002333333333333333, , 515.879615
3236787.exe, 0.1096666666666667, , 0.002333333333333333, , 515.94191
3236787.exe, 0.10866666666666666, , 0.002333333333333333, , 518.039275
3236787.exe, 0.1095, , 0.002666666666666666, , 530.34284
3236787.exe, 0.11000000000000001, , 0.002333333333333333, , 516.314795
3477485.exe, 0.14616666666666667, , 0.004333333333333333, , 719.651314
3477485.exe, 0.14250000000000002, , 0.003833333333333333, , 724.774836
3477485.exe, 0.14633333333333332, , 0.004333333333333333, , 719.346349
3477485.exe, 0.14433333333333334, , 0.004166666666666667, , 726.817816
3477485.exe, 0.14633333333333332, , 0.004333333333333333, , 719.063056
3477485.exe, 0.14550000000000002, , 0.004, , 719.324504
3477485.exe, 0.14283333333333334, , 0.003833333333333333, , 723.985864
3477485.exe, 0.14483333333333331, , 0.004166666666666667, , 718.422226
3477485.exe, 0.14683333333333332, , 0.004, , 716.186934
3477485.exe, 0.14550000000000002, , 0.004, , 718.466932
3521600.exe, 0.07800000000000001, , 0.002833333333333333, , 407.28369
3521600.exe, 0.0775, , 0.002833333333333333, , 407.892693
3521600.exe, 0.07616666666666667, , 0.0026666666666666666, , 418.45425
3521600.exe, 0.077, , 0.0026666666666666666, , 405.707446
3521600.exe, 0.07733333333333332, , 0.0026666666666666666, , 406.667717
3521600.exe, 0.07533333333333334, , 0.002833333333333333, , 413.994587
3521600.exe, 0.07483333333333334, , 0.0026666666666666666, , 421.771601
3521600.exe, 0.07716666666666668, , 0.0026666666666666666, , 407.866682
3521600.exe, 0.07733333333333334, , 0.0026666666666666666, , 409.414331
3521600.exe, 0.07783333333333335, , 0.002833333333333333, , 404.988158
3892624.exe, 0.14883333333333332, , 0.004666666666666667, , 730.871649
3892624.exe, 0.1485, , 0.0045000000000000005, , 735.863804
3892624.exe, 0.14583333333333334, , 0.004666666666666667, , 735.332019
3892624.exe, 0.14616666666666667, , 0.004666666666666667, , 731.136915
3892624.exe, 0.14466666666666667, , 0.0045000000000000005, , 738.47675
3892624.exe, 0.14633333333333334, , 0.004666666666666667, , 738.799229
3892624.exe, 0.14683333333333334, , 0.004666666666666667, , 737.616173
3892624.exe, 0.146, , 0.004666666666666667, , 734.955937
3892624.exe, 0.14483333333333331, , 0.004666666666666667, , 742.905841
3892624.exe, 0.1475, , 0.004666666666666667, , 734.365579
4121629.exe, 0.145, , 0.0045000000000000005, , 722.744243
4121629.exe, 0.146, , 0.0045000000000000005, , 725.915882
4121629.exe, 0.1451666666666667, , 0.004666666666666667, , 724.685902
4121629.exe, 0.14550000000000002, , 0.0045000000000000005, , 725.997734
4121629.exe, 0.14516666666666664, , 0.0045000000000000005, , 720.843448
4121629.exe, 0.14683333333333332, , 0.004, , 722.882223
4121629.exe, 0.14533333333333334, , 0.004333333333333333, , 720.077696
4121629.exe, 0.14516666666666664, , 0.004333333333333333, , 719.63021
4121629.exe, 0.1461666666666667, , 0.0045000000000000005, , 721.649237
4121629.exe, 0.14633333333333334, , 0.004666666666666667, , 722.340903
526412.exe, 0.146, , 0.004166666666666667, , 722.10356
526412.exe, 0.14366666666666666, , 0.004166666666666667, , 718.564637
526412.exe, 0.1446666666666667, , 0.003833333333333333, , 714.543274
526412.exe, 0.14566666666666667, , 0.003833333333333333, , 717.425277
526412.exe, 0.14500000000000002, , 0.004, , 718.51947
526412.exe, 0.14266666666666666, , 0.004166666666666667, , 723.794549
526412.exe, 0.1435, , 0.004166666666666667, , 713.877051
526412.exe, 0.146, , 0.004166666666666667, , 721.280187
526412.exe, 0.14266666666666664, , 0.004, , 721.701309
526412.exe, 0.14350000000000002, , 0.004, , 722.194016
5415124.exe, 0.10916666666666668, , 0.0024999999999999996, , 516.64076
5415124.exe, 0.109, , 0.002333333333333333, , 516.045235
5415124.exe, 0.10916666666666668, , 0.0024999999999999996, , 519.444139
5415124.exe, 0.10933333333333334, , 0.002333333333333333, , 520.264087
5415124.exe, 0.10966666666666666, , 0.0024999999999999996, , 519.485381
5415124.exe, 0.10916666666666668, , 0.0024999999999999996, , 518.624936
5415124.exe, 0.10900000000000001, , 0.002333333333333333, , 520.132488
5415124.exe, 0.1095, , 0.0024999999999999996, , 518.193488
5415124.exe, 0.10733333333333335, , 0.0024999999999999996, , 522.614517
5415124.exe, 0.10866666666666669, , 0.002333333333333333, , 518.560608
5734036.exe, 0.07566666666666669, , 0.0026666666666666666, , 411.246761
5734036.exe, 0.07483333333333332, , 0.0026666666666666666, , 411.726149
5734036.exe, 0.07533333333333335, , 0.002833333333333333, , 413.248485
5734036.exe, 0.07650000000000001, , 0.0026666666666666666, , 413.490434
5734036.exe, 0.07650000000000001, , 0.002833333333333333, , 410.519916
5734036.exe, 0.07583333333333335, , 0.0026666666666666666, , 407.938527
5734036.exe, 0.07600000000000001, , 0.0026666666666666666, , 409.290057
5734036.exe, 0.07616666666666667, , 0.002833333333333333, , 412.988271
5734036.exe, 0.07466666666666666, , 0.0026666666666666666, , 416.486157
5734036.exe, 0.0765, , 0.0025000000000000005, , 410.94508
5810737.exe, 0.14683333333333334, , 0.004166666666666667, , 724.074959
5810737.exe, 0.1471666666666667, , 0.004333333333333333, , 721.398739
5810737.exe, 0.1465, , 0.004, , 717.084573
5810737.exe, 0.145, , 0.004166666666666667, , 721.489764
5810737.exe, 0.14550000000000002, , 0.004166666666666667, , 723.937349
5810737.exe, 0.14650000000000002, , 0.004, , 720.290819
5810737.exe, 0.14433333333333334, , 0.004166666666666667, , 718.300882
5810737.exe, 0.14516666666666664, , 0.004333333333333333, , 717.612655
5810737.exe, 0.14616666666666667, , 0.004166666666666667, , 718.352614
5810737.exe, 0.14566666666666667, , 0.004166666666666667, , 718.030024
5811632.exe, 0.1135, , 0.002833333333333333, , 541.3584
5811632.exe, 0.11466666666666668, , 0.002833333333333333, , 539.802872
5811632.exe, 0.1145, , 0.002666666666666666, , 541.331293
5811632.exe, 0.11566666666666665, , 0.002833333333333333, , 540.565167
5811632.exe, 0.11366666666666667, , 0.002833333333333333, , 551.211679
5811632.exe, 0.11483333333333334, , 0.002666666666666666, , 540.898074
5811632.exe, 0.11433333333333333, , 0.002833333333333333, , 541.544034
5811632.exe, 0.11483333333333334, , 0.002833333333333333, , 539.231212
5811632.exe, 0.11416666666666667, , 0.002666666666666666, , 541.221558
5811632.exe, 0.114, , 0.002666666666666666, , 540.478332
5817743.exe, 0.10733333333333335, , 0.0024999999999999996, , 516.033065
5817743.exe, 0.1075, , 0.0024999999999999996, , 517.453595
5817743.exe, 0.1085, , 0.0024999999999999996, , 520.549431
5817743.exe, 0.10616666666666669, , 0.0024999999999999996, , 521.262549
5817743.exe, 0.10783333333333335, , 0.002333333333333333, , 514.977326
5817743.exe, 0.10766666666666666, , 0.002333333333333333, , 514.351554
5817743.exe, 0.10833333333333335, , 0.0024999999999999996, , 516.283155
5817743.exe, 0.10866666666666666, , 0.0024999999999999996, , 515.050361
5817743.exe, 0.11, , 0.002333333333333333, , 516.739145
5817743.exe, 0.10850000000000003, , 0.002333333333333333, , 513.792591
6198424.exe, 0.1445, , 0.004166666666666667, , 719.568434
6198424.exe, 0.144, , 0.003833333333333333, , 716.199303
6198424.exe, 0.14366666666666666, , 0.004166666666666667, , 718.557253
6198424.exe, 0.1436666666666667, , 0.004166666666666667, , 717.816104
6198424.exe, 0.1435, , 0.003833333333333333, , 719.921462
6198424.exe, 0.145, , 0.004166666666666667, , 717.591922
6198424.exe, 0.14400000000000002, , 0.003833333333333333, , 723.05638
6198424.exe, 0.14583333333333334, , 0.004166666666666667, , 719.767866
6198424.exe, 0.1438333333333333, , 0.004, , 715.040254
6198424.exe, 0.14550000000000002, , 0.0045000000000000005, , 722.306314
6841510.exe, 0.07766666666666668, , 0.002833333333333333, , 406.602566
6841510.exe, 0.07466666666666667, , 0.002833333333333333, , 413.808346
6841510.exe, 0.07650000000000001, , 0.0026666666666666666, , 407.200853
6841510.exe, 0.077, , 0.0026666666666666666, , 407.458886
6841510.exe, 0.07600000000000001, , 0.0026666666666666666, , 414.100766
6841510.exe, 0.07633333333333334, , 0.0026666666666666666, , 407.322252
6841510.exe, 0.07433333333333333, , 0.002833333333333333, , 419.60635
6841510.exe, 0.07433333333333333, , 0.0026666666666666666, , 412.098223
6841510.exe, 0.07600000000000001, , 0.0026666666666666666, , 406.328438
6841510.exe, 0.077, , 0.002833333333333333, , 408.590097
7449568.exe, 0.144, , 0.004333333333333333, , 720.593635
7449568.exe, 0.14616666666666667, , 0.004333333333333333, , 722.199416
7449568.exe, 0.14433333333333334, , 0.004, , 721.163236
7449568.exe, 0.144, , 0.004166666666666667, , 728.691302
7449568.exe, 0.14483333333333331, , 0.003833333333333333, , 716.64407
7449568.exe, 0.14566666666666667, , 0.004166666666666667, , 720.198379
7449568.exe, 0.14366666666666666, , 0.004333333333333333, , 725.690865
7449568.exe, 0.14383333333333334, , 0.004333333333333333, , 728.447463
7449568.exe, 0.145, , 0.004333333333333333, , 725.847088
7449568.exe, 0.14600000000000002, , 0.004666666666666667, , 726.525422
8327121.exe, 0.14066666666666666, , 0.004, , 735.948193
8327121.exe, 0.14483333333333334, , 0.004166666666666667, , 718.729954
8327121.exe, 0.14566666666666667, , 0.004166666666666667, , 720.141613
8327121.exe, 0.14466666666666667, , 0.004, , 718.944126
8327121.exe, 0.14583333333333334, , 0.004166666666666667, , 719.117821
8327121.exe, 0.14266666666666666, , 0.004166666666666667, , 723.455435
8327121.exe, 0.14283333333333334, , 0.004, , 730.152042
8327121.exe, 0.1455, , 0.004, , 720.689183
8327121.exe, 0.1445, , 0.004, , 717.002635
8327121.exe, 0.14483333333333331, , 0.004333333333333333, , 716.326797
