1655552.exe, 0.3811666666666666, , 0.010333333333333335, , 2082.667171
1655552.exe, 0.37899999999999995, , 0.010000000000000002, , 1971.539467
1655552.exe, 0.37416666666666665, , 0.010000000000000002, , 1953.091649
1655552.exe, 0.375, , 0.009666666666666667, , 1955.548962
1655552.exe, 0.3798333333333333, , 0.010333333333333335, , 1975.128154
1655552.exe, 0.37916666666666665, , 0.009833333333333335, , 1969.804161
1655552.exe, 0.3725, , 0.01, , 1953.556916
1655552.exe, 0.3736666666666667, , 0.009833333333333335, , 1949.646447
1655552.exe, 0.3768333333333333, , 0.009833333333333335, , 1969.796788
1655552.exe, 0.3721666666666667, , 0.009833333333333335, , 1950.297703
174258.exe, 0.5655, , 0.014999999999999998, , 3207.217231
174258.exe, 0.5628333333333334, , 0.014999999999999998, , 3204.478898
174258.exe, 0.5648333333333334, , 0.014999999999999998, , 3200.278337
174258.exe, 0.5651666666666667, , 0.015166666666666665, , 3206.244201
174258.exe, 0.5645, , 0.014999999999999998, , 3203.247392
174258.exe, 0.5638333333333333, , 0.015166666666666665, , 3205.062933
174258.exe, 0.5656666666666667, , 0.014999999999999998, , 3204.015535
174258.exe, 0.5626666666666666, , 0.015166666666666665, , 3203.742827
174258.exe, 0.5705000000000001, , 0.015166666666666665, , 3202.23337
174258.exe, 0.5653333333333334, , 0.014833333333333332, , 3202.373489
1821852.exe, 1.1505, , 0.07616666666666666, , 7193.436166
1821852.exe, 1.1518333333333333, , 0.07600000000000001, , 7182.98504
1821852.exe, 1.1584999999999999, , 0.07600000000000001, , 7206.629593
1821852.exe, 1.1585, , 0.07600000000000001, , 7211.966648
1821852.exe, 1.1603333333333334, , 0.07583333333333334, , 7195.568646
1821852.exe, 1.1681666666666668, , 0.07600000000000001, , 7205.352688
1821852.exe, 1.1665, , 0.07600000000000001, , 7190.305798
1821852.exe, 1.1616666666666666, , 0.07616666666666667, , 7187.73521
1821852.exe, 1.1615, , 0.07583333333333334, , 7175.395383
1821852.exe, 1.165166666666667, , 0.076, , 7189.990213
1898852.exe, 0.4975000000000001, , 0.03916666666666666, , 2995.759222
1898852.exe, 0.49966666666666665, , 0.03916666666666666, , 3001.829737
1898852.exe, 0.49699999999999994, , 0.03916666666666666, , 2999.932146
1898852.exe, 0.4958333333333333, , 0.03933333333333333, , 3017.546741
1898852.exe, 0.49816666666666676, , 0.03933333333333333, , 3001.075972
1898852.exe, 0.49550000000000005, , 0.03916666666666666, , 3004.322877
1898852.exe, 0.5000000000000001, , 0.03933333333333333, , 3016.558695
1898852.exe, 0.5000000000000001, , 0.03949999999999999, , 3019.113683
1898852.exe, 0.5001666666666666, , 0.03916666666666666, , 3008.681599
1898852.exe, 0.49933333333333335, , 0.03933333333333333, , 2998.019351
2054972.exe, 0.5690000000000002, , 0.015500000000000003, , 3216.365266
2054972.exe, 0.5628333333333334, , 0.015499999999999998, , 3231.603603
2054972.exe, 0.574, , 0.01616666666666667, , 3224.939215
2054972.exe, 0.6078333333333333, , 0.021666666666666674, , 3273.797473
2054972.exe, 0.6151666666666666, , 0.026333333333333334, , 3302.31421
2054972.exe, 0.5939999999999999, , 0.02133333333333334, , 3260.378253
2054972.exe, 0.5668333333333333, , 0.016500000000000004, , 3224.616273
2054972.exe, 0.5561666666666666, , 0.015333333333333332, , 3217.847651
2054972.exe, 0.5596666666666668, , 0.01566666666666667, , 3215.277362
2054972.exe, 0.5618333333333333, , 0.015500000000000003, , 3218.786652
2254880.exe, 1.284, , 0.04566666666666666, , 7139.691705
2254880.exe, 1.2959999999999998, , 0.04566666666666667, , 7141.374076
2254880.exe, 1.2826666666666666, , 0.04533333333333333, , 7141.091924
2254880.exe, 1.279166666666667, , 0.04549999999999999, , 7138.178305
2254880.exe, 1.2793333333333332, , 0.04533333333333333, , 7135.201355
2254880.exe, 1.2893333333333332, , 0.04549999999999999, , 7139.682249
2254880.exe, 1.2905, , 0.04533333333333333, , 7137.443285
2254880.exe, 1.2860000000000003, , 0.0455, , 7137.833695
2254880.exe, 1.2886666666666668, , 0.04549999999999999, , 7146.254016
2254880.exe, 1.2813333333333334, , 0.04566666666666666, , 7138.75927
2271051.exe, 1.1258333333333332, , 0.07416666666666666, , 6924.634874
2271051.exe, 1.1235000000000002, , 0.07416666666666666, , 6941.037934
2271051.exe, 1.1298333333333335, , 0.07416666666666666, , 6926.585784
2271051.exe, 1.129333333333333, , 0.07416666666666666, , 6923.537877
2271051.exe, 1.1288333333333334, , 0.07416666666666666, , 6912.768144
2271051.exe, 1.1363333333333334, , 0.07416666666666666, , 6927.01239
2271051.exe, 1.1391666666666669, , 0.074, , 6939.685617
2271051.exe, 1.1275, , 0.07416666666666666, , 6905.995152
2271051.exe, 1.139, , 0.07433333333333333, , 6924.66303
2271051.exe, 1.1301666666666665, , 0.07416666666666666, , 6932.745712
2381283.exe, 0.744, , 0.022500000000000003, , 4176.903845
2381283.exe, 0.7531666666666667, , 0.02266666666666667, , 4170.79031
2381283.exe, 0.7441666666666665, , 0.022500000000000003, , 4165.702721
2381283.exe, 0.7403333333333336, , 0.023000000000000003, , 4168.337265
2381283.exe, 0.7418333333333333, , 0.02266666666666667, , 4164.530979
2381283.exe, 0.7393333333333333, , 0.02266666666666667, , 4166.241755
2381283.exe, 0.7505000000000002, , 0.022500000000000003, , 4169.748542
2381283.exe, 0.7401666666666666, , 0.022833333333333334, , 4167.395926
2381283.exe, 0.7368333333333335, , 0.022500000000000003, , 4167.308951
2381283.exe, 0.7378333333333333, , 0.02266666666666667, , 4162.00137
2384994.exe, 0.6834999999999999, , 0.023333333333333338, , 3828.813978
2384994.exe, 0.6791666666666667, , 0.02300000000000001, , 3813.883072
2384994.exe, 0.6811666666666666, , 0.023000000000000007, , 3807.902456
2384994.exe, 0.6818333333333334, , 0.02383333333333334, , 3819.783718
2384994.exe, 0.6735000000000001, , 0.023500000000000007, , 3815.118577
2384994.exe, 0.6840000000000003, , 0.02383333333333334, , 3833.26901
2384994.exe, 0.6778333333333334, , 0.023333333333333338, , 3816.943569
2384994.exe, 0.6763333333333333, , 0.023500000000000004, , 3840.177455
2384994.exe, 0.6756666666666666, , 0.023000000000000007, , 3817.608615
2384994.exe, 0.6823333333333333, , 0.023166666666666676, , 3820.78641
