1787832.exe, 0.7088333333333332, , 0.02233333333333334, , 4004.29081
1787832.exe, 0.7046666666666666, , 0.021666666666666674, , 3908.645213
1787832.exe, 0.7038333333333333, , 0.021666666666666674, , 3904.649408
1787832.exe, 0.7043333333333331, , 0.02150000000000001, , 3907.942577
1787832.exe, 0.7051666666666668, , 0.02200000000000001, , 3910.883544
1787832.exe, 0.6986666666666667, , 0.021666666666666674, , 3910.864272
1787832.exe, 0.6988333333333333, , 0.02133333333333334, , 3905.640757
1787832.exe, 0.7058333333333334, , 0.021666666666666674, , 3910.757656
1787832.exe, 0.7046666666666667, , 0.021833333333333337, , 3910.796711
1787832.exe, 0.7024999999999999, , 0.02133333333333334, , 3907.890835
2048785.exe, 1.1784999999999999, , 0.07733333333333334, , 7352.668193
2048785.exe, 1.178, , 0.0775, , 7350.39807
2048785.exe, 1.1716666666666669, , 0.0775, , 7355.821597
2048785.exe, 1.1616666666666664, , 0.07733333333333334, , 7332.145614
2048785.exe, 1.1818333333333333, , 0.0775, , 7351.248113
2048785.exe, 1.1778333333333333, , 0.07733333333333334, , 7315.807103
2048785.exe, 1.1838333333333333, , 0.07733333333333334, , 7362.306353
2048785.exe, 1.1748333333333332, , 0.07733333333333334, , 7342.562497
2048785.exe, 1.1841666666666666, , 0.07733333333333334, , 7351.40264
2048785.exe, 1.190333333333333, , 0.07733333333333334, , 7352.412674
2110174.exe, 0.5896666666666667, , 0.018833333333333337, , 3274.512554
2110174.exe, 0.5926666666666666, , 0.01866666666666667, , 3285.074564
2110174.exe, 0.5913333333333333, , 0.01866666666666667, , 3279.804661
2110174.exe, 0.587, , 0.01866666666666667, , 3271.459947
2110174.exe, 0.5918333333333333, , 0.019166666666666672, , 3281.887142
2110174.exe, 0.5904999999999999, , 0.01866666666666667, , 3285.503025
2110174.exe, 0.5881666666666667, , 0.019000000000000006, , 3284.351471
2110174.exe, 0.5896666666666667, , 0.019166666666666672, , 3283.953414
2110174.exe, 0.5948333333333333, , 0.019500000000000007, , 3302.102584
2110174.exe, 0.5913333333333334, , 0.01866666666666667, , 3277.951065
3080883.exe, 0.4836666666666666, , 0.013166666666666667, , 2759.72759
3080883.exe, 0.4793333333333333, , 0.013000000000000001, , 2779.390128
3080883.exe, 0.48333333333333334, , 0.013166666666666667, , 2765.219058
3080883.exe, 0.4823333333333332, , 0.013000000000000001, , 2766.342008
3080883.exe, 0.4841666666666667, , 0.013000000000000001, , 2761.274372
3080883.exe, 0.48716666666666675, , 0.013166666666666667, , 2761.074767
3080883.exe, 0.4893333333333334, , 0.013500000000000002, , 2766.817346
3080883.exe, 0.49283333333333335, , 0.013166666666666667, , 2767.646032
3080883.exe, 0.5301666666666666, , 0.022666666666666672, , 2835.256462
3080883.exe, 0.5181666666666668, , 0.02033333333333334, , 2810.663937
4900502.exe, 0.6918333333333332, , 0.02483333333333334, , 3833.010698
4900502.exe, 0.6751666666666666, , 0.022833333333333337, , 3825.217407
4900502.exe, 0.6766666666666666, , 0.02300000000000001, , 3834.48739
4900502.exe, 0.6719999999999999, , 0.022166666666666675, , 3813.584364
4900502.exe, 0.6744999999999999, , 0.022666666666666675, , 3809.191929
4900502.exe, 0.6796666666666666, , 0.023166666666666672, , 3825.211525
4900502.exe, 0.6746666666666666, , 0.02250000000000001, , 3806.84641
4900502.exe, 0.6898333333333332, , 0.02250000000000001, , 3827.15985
4900502.exe, 0.6758333333333334, , 0.022500000000000006, , 3837.45261
4900502.exe, 0.6801666666666666, , 0.022500000000000006, , 3815.035121
4972182.exe, 0.4256666666666667, , 0.015000000000000006, , 2303.244046
4972182.exe, 0.424, , 0.015000000000000006, , 2300.900981
4972182.exe, 0.4258333333333334, , 0.015000000000000006, , 2305.908611
4972182.exe, 0.42699999999999994, , 0.015000000000000006, , 2306.649841
4972182.exe, 0.4353333333333333, , 0.015166666666666672, , 2314.738965
4972182.exe, 0.4296666666666666, , 0.015000000000000006, , 2310.303236
4972182.exe, 0.42816666666666664, , 0.015000000000000006, , 2307.073286
4972182.exe, 0.4265, , 0.015000000000000006, , 2306.22067
4972182.exe, 0.42649999999999993, , 0.015000000000000006, , 2306.963612
4972182.exe, 0.4246666666666667, , 0.015000000000000006, , 2308.705582
4998183.exe, 0.49600000000000005, , 0.01616666666666667, , 2647.693239
4998183.exe, 0.49666666666666665, , 0.016333333333333335, , 2648.009422
4998183.exe, 0.4946666666666666, , 0.016333333333333335, , 2646.604878
4998183.exe, 0.49866666666666676, , 0.016333333333333335, , 2646.453968
4998183.exe, 0.49800000000000005, , 0.016500000000000004, , 2645.237547
4998183.exe, 0.4998333333333333, , 0.01616666666666667, , 2647.35608
4998183.exe, 0.49249999999999994, , 0.01616666666666667, , 2643.172704
4998183.exe, 0.4999999999999999, , 0.016500000000000004, , 2648.027471
4998183.exe, 0.4935, , 0.016333333333333335, , 2642.988517
4998183.exe, 0.49416666666666664, , 0.016500000000000004, , 2645.7391
4999544.exe, 0.33299999999999996, , 0.02016666666666667, , 1758.217257
4999544.exe, 0.33249999999999996, , 0.02016666666666667, , 1757.552183
4999544.exe, 0.33383333333333337, , 0.01966666666666667, , 1755.908528
4999544.exe, 0.3335, , 0.020333333333333335, , 1760.701678
4999544.exe, 0.3311666666666666, , 0.02016666666666667, , 1756.611523
4999544.exe, 0.33199999999999996, , 0.019833333333333335, , 1749.425333
4999544.exe, 0.3415000000000001, , 0.020000000000000004, , 1764.473777
4999544.exe, 0.33316666666666667, , 0.019833333333333335, , 1758.128736
4999544.exe, 0.3303333333333334, , 0.019833333333333335, , 1746.239403
4999544.exe, 0.33116666666666655, , 0.020000000000000004, , 1750.026334
5226706.exe, 1.1163333333333334, , 0.07416666666666666, , 6923.770359
5226706.exe, 1.1230000000000002, , 0.07416666666666666, , 6926.284859
5226706.exe, 1.1236666666666664, , 0.074, , 6924.434855
5226706.exe, 1.1224999999999998, , 0.07416666666666666, , 6948.460697
5226706.exe, 1.1251666666666664, , 0.07416666666666666, , 6912.213699
5226706.exe, 1.1271666666666667, , 0.07433333333333332, , 6925.525694
5226706.exe, 1.1233333333333335, , 0.07433333333333333, , 6935.924509
5226706.exe, 1.143, , 0.074, , 6953.463879
5226706.exe, 1.1265, , 0.07416666666666666, , 6942.880749
5226706.exe, 1.127, , 0.07433333333333332, , 6927.260485
5670639.exe, 0.6858333333333332, , 0.021666666666666674, , 3918.251409
5670639.exe, 0.6843333333333333, , 0.021666666666666674, , 3917.355017
5670639.exe, 0.6819999999999999, , 0.021666666666666674, , 3917.045311
5670639.exe, 0.6799999999999999, , 0.021666666666666674, , 3914.803626
5670639.exe, 0.6925000000000001, , 0.021666666666666674, , 3921.60608
5670639.exe, 0.6828333333333332, , 0.021666666666666674, , 3915.041643
5670639.exe, 0.6816666666666668, , 0.021666666666666674, , 3916.651289
5670639.exe, 0.6869999999999998, , 0.02183333333333334, , 3917.4138
5670639.exe, 0.6856666666666665, , 0.021666666666666674, , 3915.408131
5670639.exe, 0.6928333333333333, , 0.021666666666666674, , 3918.425178
6013525.exe, 0.6956666666666665, , 0.021666666666666674, , 3913.166632
6013525.exe, 0.6951666666666667, , 0.021666666666666674, , 3914.749641
6013525.exe, 0.6963333333333334, , 0.02183333333333334, , 3917.854757
6013525.exe, 0.6871666666666666, , 0.021666666666666674, , 3914.937691
6013525.exe, 0.6858333333333334, , 0.021666666666666674, , 3919.269083
6013525.exe, 0.6921666666666667, , 0.02183333333333334, , 3944.934334
6013525.exe, 0.6908333333333334, , 0.021666666666666674, , 3914.082712
6013525.exe, 0.6893333333333334, , 0.021666666666666674, , 3913.544882
6013525.exe, 0.6945, , 0.021666666666666674, , 3926.29761
6013525.exe, 0.6880000000000001, , 0.021666666666666674, , 3914.267021
6224408.exe, 0.6743333333333332, , 0.021333333333333336, , 3820.78973
6224408.exe, 0.6724999999999999, , 0.021500000000000005, , 3816.38487
6224408.exe, 0.7116666666666666, , 0.021666666666666674, , 3829.718362
6224408.exe, 0.6884999999999999, , 0.021666666666666674, , 3827.509724
6224408.exe, 0.6785000000000001, , 0.021666666666666674, , 3840.621158
6224408.exe, 0.6756666666666665, , 0.021666666666666674, , 3818.708304
6224408.exe, 0.6843333333333332, , 0.021666666666666674, , 3811.775348
6224408.exe, 0.6801666666666667, , 0.021666666666666674, , 3816.603789
6224408.exe, 0.6758333333333333, , 0.021666666666666674, , 3817.224997
6224408.exe, 0.6759999999999999, , 0.021666666666666674, , 3843.565291
6258569.exe, 0.5641666666666667, , 0.02550000000000001, , 3355.703639
6258569.exe, 0.5661666666666666, , 0.02583333333333334, , 3354.262947
6258569.exe, 0.5706666666666667, , 0.025666666666666674, , 3362.184537
6258569.exe, 0.5613333333333335, , 0.025666666666666674, , 3351.535151
6258569.exe, 0.5623333333333335, , 0.025666666666666674, , 3351.032498
6258569.exe, 0.5586666666666668, , 0.02550000000000001, , 3354.744435
6258569.exe, 0.5636666666666665, , 0.02583333333333334, , 3355.577122
6258569.exe, 0.5640000000000002, , 0.02583333333333334, , 3355.143254
6258569.exe, 0.5711666666666666, , 0.02550000000000001, , 3356.240168
6258569.exe, 0.5631666666666667, , 0.025666666666666674, , 3360.377308
6608004.exe, 0.27699999999999997, , 0.007000000000000001, , 1487.482738
6608004.exe, 0.276, , 0.006833333333333334, , 1487.457894
6608004.exe, 0.27433333333333343, , 0.007000000000000001, , 1483.420895
6608004.exe, 0.2763333333333333, , 0.006833333333333334, , 1486.271521
6608004.exe, 0.27433333333333326, , 0.007000000000000001, , 1483.279169
6608004.exe, 0.2791666666666667, , 0.007000000000000001, , 1485.721768
6608004.exe, 0.2735000000000001, , 0.006833333333333334, , 1483.74589
6608004.exe, 0.2755, , 0.006999999999999998, , 1487.891147
6608004.exe, 0.27466666666666667, , 0.006833333333333334, , 1480.74389
6608004.exe, 0.2798333333333333, , 0.006833333333333334, , 1489.514747
