1141757.exe, 0.08283333333333331, , 0.0026666666666666666, , 511.265601
1141757.exe, 0.08566666666666665, , 0.002, , 460.523191
1141757.exe, 0.08566666666666665, , 0.002, , 460.900392
1141757.exe, 0.085, , 0.002, , 458.102916
1141757.exe, 0.08433333333333334, , 0.002, , 456.908515
1141757.exe, 0.0835, , 0.002, , 454.600183
1141757.exe, 0.0825, , 0.002, , 447.085519
1141757.exe, 0.08383333333333334, , 0.002, , 453.694097
1141757.exe, 0.08183333333333334, , 0.002, , 444.092215
1141757.exe, 0.084, , 0.002, , 464.859748
1194834.exe, 0.15399999999999997, , 0.006333333333333333, , 884.766536
1194834.exe, 0.15516666666666665, , 0.006333333333333333, , 886.505901
1194834.exe, 0.15583333333333332, , 0.006333333333333333, , 889.422375
1194834.exe, 0.15583333333333335, , 0.006333333333333333, , 887.603485
1194834.exe, 0.15583333333333335, , 0.006333333333333333, , 888.027757
1194834.exe, 0.15633333333333332, , 0.006500000000000001, , 886.953421
1194834.exe, 0.15266666666666667, , 0.006333333333333333, , 883.849626
1194834.exe, 0.15566666666666668, , 0.006333333333333333, , 888.57949
1194834.exe, 0.15383333333333335, , 0.006333333333333333, , 884.944048
1194834.exe, 0.154, , 0.006333333333333333, , 884.374791
1334614.exe, 0.08666666666666667, , 0.0021666666666666666, , 481.33155
1334614.exe, 0.08366666666666665, , 0.002, , 460.947431
1334614.exe, 0.08499999999999999, , 0.002, , 471.538607
1334614.exe, 0.08366666666666668, , 0.002, , 459.863717
1334614.exe, 0.0855, , 0.0021666666666666666, , 469.989395
1334614.exe, 0.08383333333333334, , 0.002, , 461.519135
1334614.exe, 0.08533333333333333, , 0.0021666666666666666, , 472.663887
1334614.exe, 0.08283333333333334, , 0.002, , 456.08052
1334614.exe, 0.08466666666666667, , 0.0023333333333333335, , 468.931705
1334614.exe, 0.08483333333333334, , 0.0021666666666666666, , 469.992069
1369810.exe, 0.08283333333333333, , 0.002, , 454.579921
1369810.exe, 0.08316666666666667, , 0.002, , 456.592602
1369810.exe, 0.08399999999999999, , 0.0021666666666666666, , 457.468994
1369810.exe, 0.08316666666666665, , 0.0023333333333333335, , 448.033666
1369810.exe, 0.08383333333333333, , 0.002, , 456.592376
1369810.exe, 0.08299999999999999, , 0.002, , 449.308948
1369810.exe, 0.08416666666666667, , 0.0023333333333333335, , 455.913198
1369810.exe, 0.08416666666666667, , 0.0021666666666666666, , 456.902758
1369810.exe, 0.084, , 0.0021666666666666666, , 455.457171
1369810.exe, 0.08316666666666665, , 0.002, , 448.492627
1376527.exe, 0.06416666666666666, , 0.0016666666666666668, , 340.403223
1376527.exe, 0.06516666666666666, , 0.0016666666666666668, , 340.822122
1376527.exe, 0.06516666666666666, , 0.0016666666666666668, , 339.819037
1376527.exe, 0.06516666666666666, , 0.0016666666666666668, , 338.58848
1376527.exe, 0.06416666666666666, , 0.0016666666666666668, , 338.908691
1376527.exe, 0.065, , 0.0016666666666666668, , 340.222374
1376527.exe, 0.06533333333333334, , 0.0018333333333333333, , 340.59301
1376527.exe, 0.06466666666666668, , 0.0016666666666666668, , 339.414967
1376527.exe, 0.06466666666666666, , 0.0016666666666666668, , 339.368735
1376527.exe, 0.06483333333333333, , 0.0015, , 339.000424
1394267.exe, 0.035, , 0.0011666666666666668, , 197.27749
1394267.exe, 0.0345, , 0.0011666666666666668, , 197.27489
1394267.exe, 0.034666666666666665, , 0.0011666666666666668, , 199.081628
1394267.exe, 0.0355, , 0.0011666666666666668, , 195.594867
1394267.exe, 0.034166666666666665, , 0.0011666666666666668, , 200.416011
1394267.exe, 0.033666666666666664, , 0.0011666666666666668, , 199.913561
1394267.exe, 0.034666666666666665, , 0.0011666666666666668, , 200.652372
1394267.exe, 0.0355, , 0.0011666666666666668, , 194.980586
1394267.exe, 0.034666666666666665, , 0.0011666666666666668, , 198.988559
1394267.exe, 0.0345, , 0.0011666666666666668, , 198.788335
1702636.exe, 0.082, , 0.0023333333333333335, , 444.801897
1702636.exe, 0.08166666666666668, , 0.0021666666666666666, , 447.755616
1702636.exe, 0.08233333333333334, , 0.002, , 450.639155
1702636.exe, 0.08166666666666665, , 0.002, , 447.97837
1702636.exe, 0.08216666666666668, , 0.002, , 453.836456
1702636.exe, 0.08166666666666665, , 0.0021666666666666666, , 446.770371
1702636.exe, 0.0825, , 0.0021666666666666666, , 448.789559
1702636.exe, 0.08283333333333334, , 0.0021666666666666666, , 451.857315
1702636.exe, 0.08283333333333334, , 0.002, , 449.588067
1702636.exe, 0.083, , 0.002, , 451.823706
1828655.exe, 0.1718333333333333, , 0.0036666666666666666, , 857.994714
1828655.exe, 0.16966666666666666, , 0.0035, , 843.042589
1828655.exe, 0.17049999999999998, , 0.0035, , 846.843642
1828655.exe, 0.16933333333333334, , 0.0036666666666666666, , 848.263491
1828655.exe, 0.17116666666666666, , 0.0035, , 864.490878
1828655.exe, 0.1701666666666667, , 0.0035, , 851.536366
1828655.exe, 0.17166666666666666, , 0.0038333333333333336, , 858.534261
1828655.exe, 0.1686666666666667, , 0.0035, , 845.07373
1828655.exe, 0.17183333333333334, , 0.0036666666666666666, , 855.108002
1828655.exe, 0.17099999999999996, , 0.0038333333333333336, , 860.093166
1993016.exe, 0.07466666666666667, , 0.0023333333333333335, , 389.432821
1993016.exe, 0.075, , 0.0023333333333333335, , 388.825744
1993016.exe, 0.07549999999999998, , 0.0023333333333333335, , 389.393051
1993016.exe, 0.07566666666666667, , 0.0023333333333333335, , 388.438528
1993016.exe, 0.07549999999999998, , 0.0023333333333333335, , 388.773939
1993016.exe, 0.07533333333333334, , 0.0023333333333333335, , 388.140485
1993016.exe, 0.07466666666666667, , 0.0023333333333333335, , 388.201129
1993016.exe, 0.07533333333333332, , 0.0023333333333333335, , 388.213353
1993016.exe, 0.07533333333333334, , 0.0023333333333333335, , 388.658656
1993016.exe, 0.07533333333333334, , 0.0023333333333333335, , 388.549471
200463.exe, 0.15566666666666668, , 0.0033333333333333335, , 745.800792
200463.exe, 0.15516666666666665, , 0.0033333333333333335, , 744.742838
200463.exe, 0.15666666666666668, , 0.0035000000000000005, , 744.942698
200463.exe, 0.15566666666666668, , 0.0033333333333333335, , 747.627176
200463.exe, 0.15483333333333332, , 0.0033333333333333335, , 744.084759
200463.exe, 0.15516666666666667, , 0.0033333333333333335, , 745.6511
200463.exe, 0.15483333333333335, , 0.0033333333333333335, , 747.44886
200463.exe, 0.15516666666666665, , 0.0033333333333333335, , 746.935654
200463.exe, 0.15549999999999997, , 0.0033333333333333335, , 747.159143
200463.exe, 0.15583333333333332, , 0.0033333333333333335, , 745.923571
215691.exe, 0.06949999999999999, , 0.0018333333333333333, , 359.734556
215691.exe, 0.06933333333333333, , 0.0016666666666666668, , 358.083801
215691.exe, 0.06933333333333333, , 0.0016666666666666668, , 358.352054
215691.exe, 0.07, , 0.0018333333333333333, , 357.865819
215691.exe, 0.06983333333333334, , 0.0016666666666666668, , 358.034229
215691.exe, 0.07016666666666668, , 0.0016666666666666668, , 357.712326
215691.exe, 0.07066666666666667, , 0.0018333333333333333, , 358.400173
215691.exe, 0.07, , 0.0016666666666666668, , 357.770116
215691.exe, 0.06983333333333334, , 0.0016666666666666668, , 358.312035
215691.exe, 0.06966666666666668, , 0.0018333333333333333, , 358.190905
2182933.exe, 0.08600000000000001, , 0.002, , 456.283893
2182933.exe, 0.08416666666666668, , 0.002, , 459.1354
2182933.exe, 0.0865, , 0.002, , 474.505642
2182933.exe, 0.08349999999999999, , 0.002, , 453.033844
2182933.exe, 0.08449999999999999, , 0.002, , 460.477325
2182933.exe, 0.08683333333333333, , 0.0021666666666666666, , 475.019774
2182933.exe, 0.08299999999999999, , 0.002, , 454.258308
2182933.exe, 0.08583333333333334, , 0.002, , 467.344958
2182933.exe, 0.08299999999999999, , 0.002, , 453.114092
2182933.exe, 0.084, , 0.002, , 454.901576
2283561.exe, 0.08733333333333333, , 0.0025, , 480.441311
2283561.exe, 0.08866666666666667, , 0.0026666666666666666, , 486.808515
2283561.exe, 0.08850000000000001, , 0.0026666666666666666, , 487.624898
2283561.exe, 0.0885, , 0.0026666666666666666, , 487.663561
2283561.exe, 0.088, , 0.0026666666666666666, , 485.630411
2283561.exe, 0.0875, , 0.0025, , 475.887924
2283561.exe, 0.08866666666666667, , 0.0026666666666666666, , 491.404683
2283561.exe, 0.08850000000000001, , 0.0026666666666666666, , 487.322738
2283561.exe, 0.0875, , 0.0025, , 473.929373
2283561.exe, 0.08833333333333332, , 0.0025, , 482.30141
2317321.exe, 0.08149999999999999, , 0.001833333333333333, , 442.293717
2317321.exe, 0.08333333333333333, , 0.002, , 455.745095
2317321.exe, 0.08249999999999999, , 0.002, , 451.135109
2317321.exe, 0.08316666666666665, , 0.002, , 456.199184
2317321.exe, 0.08, , 0.0021666666666666666, , 474.898072
2317321.exe, 0.08083333333333333, , 0.001833333333333333, , 439.06762
2317321.exe, 0.08316666666666667, , 0.001833333333333333, , 455.021428
2317321.exe, 0.08283333333333333, , 0.002, , 454.04414
2317321.exe, 0.084, , 0.0021666666666666666, , 456.972883
2317321.exe, 0.08283333333333333, , 0.001833333333333333, , 452.83675
2473888.exe, 0.1755, , 0.004166666666666667, , 875.241035
2473888.exe, 0.17600000000000002, , 0.004166666666666667, , 889.013882
2473888.exe, 0.17866666666666664, , 0.004166666666666667, , 877.695135
2473888.exe, 0.17850000000000002, , 0.004333333333333333, , 876.454014
2473888.exe, 0.17816666666666667, , 0.004166666666666667, , 874.404049
2473888.exe, 0.179, , 0.004333333333333333, , 881.949509
2473888.exe, 0.17800000000000002, , 0.004166666666666667, , 877.37013
2473888.exe, 0.17716666666666667, , 0.004166666666666667, , 873.565568
2473888.exe, 0.17716666666666664, , 0.004333333333333333, , 879.443539
2473888.exe, 0.1781666666666667, , 0.004166666666666667, , 872.500464
2557813.exe, 0.08783333333333333, , 0.0021666666666666666, , 476.418242
2557813.exe, 0.08866666666666667, , 0.0021666666666666666, , 473.680406
2557813.exe, 0.08566666666666668, , 0.0021666666666666666, , 459.020211
2557813.exe, 0.08866666666666667, , 0.002, , 476.985551
2557813.exe, 0.08633333333333333, , 0.002, , 459.85988
2557813.exe, 0.08666666666666666, , 0.002, , 463.391123
2557813.exe, 0.08816666666666668, , 0.0021666666666666666, , 471.805257
2557813.exe, 0.08683333333333333, , 0.002, , 463.40593
2557813.exe, 0.08616666666666667, , 0.002, , 457.795853
2557813.exe, 0.08616666666666667, , 0.002, , 459.270023
2870679.exe, 0.066, , 0.0016666666666666668, , 340.595301
2870679.exe, 0.0665, , 0.0016666666666666668, , 342.081368
2870679.exe, 0.06616666666666667, , 0.0016666666666666668, , 339.943412
2870679.exe, 0.06649999999999999, , 0.0016666666666666668, , 340.821559
2870679.exe, 0.06616666666666667, , 0.0016666666666666668, , 340.47886
2870679.exe, 0.06666666666666667, , 0.0016666666666666668, , 342.113726
2870679.exe, 0.06583333333333334, , 0.0016666666666666668, , 340.210175
2870679.exe, 0.066, , 0.0016666666666666668, , 341.318398
2870679.exe, 0.066, , 0.0016666666666666668, , 339.216086
2870679.exe, 0.06583333333333333, , 0.0016666666666666668, , 340.374663
2876767.exe, 0.08133333333333333, , 0.002, , 448.319763
2876767.exe, 0.0825, , 0.002, , 453.167843
2876767.exe, 0.08166666666666668, , 0.002, , 445.313148
2876767.exe, 0.084, , 0.002, , 460.043155
2876767.exe, 0.08283333333333334, , 0.002, , 450.125742
2876767.exe, 0.08116666666666666, , 0.002, , 444.996876
2876767.exe, 0.08216666666666668, , 0.002, , 450.585701
2876767.exe, 0.08166666666666668, , 0.002, , 442.846989
2876767.exe, 0.08316666666666667, , 0.002, , 452.277551
2876767.exe, 0.08116666666666668, , 0.002, , 443.497829
2956436.exe, 0.08149999999999999, , 0.002, , 442.079231
2956436.exe, 0.0825, , 0.0021666666666666666, , 448.604087
2956436.exe, 0.08266666666666667, , 0.002, , 449.664511
2956436.exe, 0.08299999999999999, , 0.0021666666666666666, , 449.678092
2956436.exe, 0.08399999999999999, , 0.0021666666666666666, , 457.702009
2956436.exe, 0.08333333333333334, , 0.002, , 456.180542
2956436.exe, 0.08416666666666667, , 0.002, , 452.622427
2956436.exe, 0.08333333333333333, , 0.002, , 449.693138
2956436.exe, 0.08366666666666668, , 0.0021666666666666666, , 451.459486
2956436.exe, 0.08399999999999999, , 0.0021666666666666666, , 454.699081
2961485.exe, 0.2255, , 0.007166666666666667, , 1165.733503
2961485.exe, 0.22433333333333336, , 0.007000000000000001, , 1159.370864
2961485.exe, 0.2255, , 0.007000000000000001, , 1159.782965
2961485.exe, 0.22383333333333333, , 0.006833333333333334, , 1154.245326
2961485.exe, 0.2233333333333333, , 0.007, , 1162.105218
2961485.exe, 0.22233333333333333, , 0.006833333333333334, , 1153.524161
2961485.exe, 0.22466666666666668, , 0.007000000000000001, , 1161.71856
2961485.exe, 0.22533333333333336, , 0.007000000000000001, , 1162.720029
2961485.exe, 0.22733333333333333, , 0.007000000000000001, , 1165.915534
2961485.exe, 0.22566666666666668, , 0.007000000000000001, , 1160.468646
315901.exe, 0.0645, , 0.001333333333333333, , 332.753775
315901.exe, 0.06416666666666666, , 0.0016666666666666668, , 333.162829
315901.exe, 0.06433333333333333, , 0.0016666666666666668, , 332.892719
315901.exe, 0.06433333333333334, , 0.0016666666666666668, , 333.762388
315901.exe, 0.06433333333333333, , 0.0015, , 332.790537
315901.exe, 0.06416666666666666, , 0.0016666666666666668, , 333.161034
315901.exe, 0.06466666666666666, , 0.0015, , 332.913351
315901.exe, 0.06416666666666666, , 0.0015, , 333.289695
315901.exe, 0.06416666666666666, , 0.0016666666666666668, , 333.66908
315901.exe, 0.06433333333333333, , 0.0016666666666666668, , 333.826229
3310511.exe, 0.06566666666666666, , 0.0015, , 340.027322
3310511.exe, 0.065, , 0.0015, , 338.36403
3310511.exe, 0.06516666666666666, , 0.0016666666666666668, , 338.710858
3310511.exe, 0.06549999999999999, , 0.0015, , 339.670292
3310511.exe, 0.06533333333333333, , 0.0016666666666666668, , 338.80727
3310511.exe, 0.06533333333333333, , 0.0016666666666666668, , 338.238759
3310511.exe, 0.06533333333333333, , 0.0016666666666666668, , 339.034879
3310511.exe, 0.065, , 0.0016666666666666668, , 342.341323
3310511.exe, 0.06516666666666666, , 0.0015, , 338.628689
3310511.exe, 0.06633333333333333, , 0.0018333333333333333, , 339.250714
3448452.exe, 0.0645, , 0.0016666666666666668, , 335.622644
3448452.exe, 0.06466666666666668, , 0.0016666666666666668, , 335.301631
3448452.exe, 0.06466666666666666, , 0.0016666666666666668, , 336.319299
3448452.exe, 0.06516666666666666, , 0.0016666666666666668, , 335.178453
3448452.exe, 0.06533333333333333, , 0.0016666666666666668, , 334.954386
3448452.exe, 0.065, , 0.0016666666666666668, , 334.848315
3448452.exe, 0.06433333333333333, , 0.0016666666666666668, , 335.361841
3448452.exe, 0.06483333333333334, , 0.0016666666666666668, , 336.770266
3448452.exe, 0.06483333333333333, , 0.0016666666666666668, , 335.992603
3448452.exe, 0.06533333333333333, , 0.0016666666666666668, , 334.949179
3533053.exe, 0.17750000000000002, , 0.004, , 869.564384
3533053.exe, 0.17316666666666666, , 0.0036666666666666666, , 847.804079
3533053.exe, 0.17316666666666666, , 0.0036666666666666666, , 851.52283
3533053.exe, 0.17300000000000001, , 0.0036666666666666666, , 846.821392
3533053.exe, 0.17300000000000001, , 0.0036666666666666666, , 846.679195
3533053.exe, 0.17300000000000001, , 0.0036666666666666666, , 848.968056
3533053.exe, 0.17433333333333334, , 0.0038333333333333336, , 856.469237
3533053.exe, 0.17333333333333334, , 0.004, , 850.250041
3533053.exe, 0.17533333333333337, , 0.004166666666666667, , 861.963023
3533053.exe, 0.17250000000000001, , 0.004, , 849.261417
3576195.exe, 0.08283333333333333, , 0.002, , 447.974204
3576195.exe, 0.08266666666666667, , 0.002, , 444.055996
3576195.exe, 0.08233333333333334, , 0.002, , 441.959367
3576195.exe, 0.0825, , 0.002, , 446.277291
3576195.exe, 0.08283333333333333, , 0.002, , 451.159108
3576195.exe, 0.0805, , 0.002, , 437.332694
3576195.exe, 0.08116666666666666, , 0.002, , 439.529435
3576195.exe, 0.08216666666666667, , 0.001833333333333333, , 445.24031
3576195.exe, 0.08116666666666666, , 0.001833333333333333, , 437.346275
3576195.exe, 0.08083333333333333, , 0.002, , 436.172661
3581799.exe, 0.16049999999999998, , 0.0033333333333333335, , 760.37677
3581799.exe, 0.1648333333333333, , 0.0035000000000000005, , 765.809977
3581799.exe, 0.16299999999999998, , 0.0035000000000000005, , 763.328391
3581799.exe, 0.16983333333333334, , 0.0035000000000000005, , 766.486614
3581799.exe, 0.16066666666666665, , 0.0033333333333333335, , 760.11093
3581799.exe, 0.17916666666666667, , 0.0061666666666666675, , 785.919759
3581799.exe, 0.17633333333333337, , 0.006166666666666667, , 786.777655
3581799.exe, 0.17333333333333334, , 0.006333333333333333, , 805.713728
3581799.exe, 0.17350000000000002, , 0.006, , 775.810986
3581799.exe, 0.17316666666666666, , 0.005833333333333333, , 779.075344
3642321.exe, 0.0715, , 0.0023333333333333335, , 359.534835
3642321.exe, 0.07066666666666667, , 0.0023333333333333335, , 358.280637
3642321.exe, 0.0685, , 0.002, , 354.456176
3642321.exe, 0.06750000000000002, , 0.002, , 369.345936
3642321.exe, 0.06966666666666668, , 0.002, , 356.586075
3642321.exe, 0.06883333333333333, , 0.002, , 354.893659
3642321.exe, 0.069, , 0.0018333333333333333, , 354.578224
3642321.exe, 0.06866666666666667, , 0.002, , 355.488286
3642321.exe, 0.06883333333333333, , 0.0018333333333333335, , 355.29664
3642321.exe, 0.06749999999999999, , 0.0018333333333333335, , 353.339407
3707962.exe, 0.08049999999999999, , 0.002, , 442.688222
3707962.exe, 0.08200000000000002, , 0.0021666666666666666, , 446.467038
3707962.exe, 0.08266666666666667, , 0.002, , 451.633935
3707962.exe, 0.081, , 0.002, , 446.824093
3707962.exe, 0.08149999999999999, , 0.002, , 447.734895
3707962.exe, 0.083, , 0.002, , 456.620109
3707962.exe, 0.08183333333333333, , 0.002, , 450.945712
3707962.exe, 0.08349999999999999, , 0.0021666666666666666, , 458.0218
3707962.exe, 0.08149999999999999, , 0.002, , 449.404669
3707962.exe, 0.08149999999999999, , 0.002, , 450.741081
3753320.exe, 0.06683333333333334, , 0.002, , 348.58224
3753320.exe, 0.06666666666666667, , 0.002, , 348.237279
3753320.exe, 0.06633333333333333, , 0.0018333333333333333, , 347.978061
3753320.exe, 0.06616666666666667, , 0.0016666666666666668, , 349.459248
3753320.exe, 0.06666666666666667, , 0.002, , 347.342569
3753320.exe, 0.06616666666666667, , 0.0016666666666666668, , 346.750442
3753320.exe, 0.06583333333333334, , 0.0016666666666666668, , 346.705799
3753320.exe, 0.06833333333333333, , 0.0018333333333333335, , 348.193152
3753320.exe, 0.06583333333333333, , 0.002, , 347.424999
3753320.exe, 0.06666666666666667, , 0.0018333333333333333, , 346.075232
385823.exe, 0.09366666666666665, , 0.0025000000000000005, , 500.635137
385823.exe, 0.09366666666666666, , 0.0025000000000000005, , 498.660773
385823.exe, 0.09416666666666668, , 0.0025000000000000005, , 498.014012
385823.exe, 0.09400000000000001, , 0.0025000000000000005, , 499.570536
385823.exe, 0.09433333333333334, , 0.0025000000000000005, , 500.28868
385823.exe, 0.09366666666666669, , 0.0025000000000000005, , 498.0363
385823.exe, 0.094, , 0.0025000000000000005, , 501.458319
385823.exe, 0.09400000000000001, , 0.0025000000000000005, , 498.769298
385823.exe, 0.09400000000000001, , 0.0025000000000000005, , 499.490846
385823.exe, 0.09416666666666668, , 0.0026666666666666666, , 498.45205
4010334.exe, 0.07216666666666667, , 0.002, , 375.41974
4010334.exe, 0.07200000000000001, , 0.002, , 375.267337
4010334.exe, 0.073, , 0.0018333333333333333, , 375.206689
4010334.exe, 0.07200000000000001, , 0.002, , 373.875931
4010334.exe, 0.07183333333333333, , 0.0018333333333333333, , 374.004973
4010334.exe, 0.07233333333333333, , 0.002, , 376.203755
4010334.exe, 0.07166666666666667, , 0.002, , 374.176952
4010334.exe, 0.07216666666666667, , 0.0018333333333333335, , 376.315115
4010334.exe, 0.07200000000000001, , 0.002, , 373.903081
4010334.exe, 0.0725, , 0.0018333333333333335, , 376.37725
402806.exe, 0.07983333333333334, , 0.002, , 431.611146
402806.exe, 0.08033333333333334, , 0.002, , 429.202021
402806.exe, 0.07949999999999999, , 0.002, , 429.675367
402806.exe, 0.07916666666666668, , 0.002, , 428.041302
402806.exe, 0.08, , 0.0021666666666666666, , 431.981908
402806.exe, 0.08033333333333333, , 0.002, , 431.399889
402806.exe, 0.0805, , 0.002, , 436.02365
402806.exe, 0.08116666666666666, , 0.002, , 437.495157
402806.exe, 0.07949999999999999, , 0.002, , 430.176462
402806.exe, 0.08016666666666666, , 0.002, , 435.983007
4110986.exe, 0.16066666666666668, , 0.003666666666666667, , 769.113509
4110986.exe, 0.16849999999999998, , 0.003666666666666667, , 774.453057
4110986.exe, 0.16166666666666668, , 0.003666666666666667, , 768.730486
4110986.exe, 0.16266666666666665, , 0.003666666666666667, , 770.738941
4110986.exe, 0.16216666666666668, , 0.003666666666666667, , 767.813167
4110986.exe, 0.1635, , 0.003666666666666667, , 773.270606
4110986.exe, 0.164, , 0.003666666666666667, , 769.397164
4110986.exe, 0.16383333333333333, , 0.003666666666666667, , 771.51417
4110986.exe, 0.16216666666666668, , 0.003666666666666667, , 769.829043
4110986.exe, 0.16216666666666668, , 0.003666666666666667, , 769.135888
4292167.exe, 0.17333333333333334, , 0.0036666666666666666, , 858.072873
4292167.exe, 0.17316666666666666, , 0.0036666666666666666, , 852.919573
4292167.exe, 0.17300000000000001, , 0.0036666666666666666, , 859.467055
4292167.exe, 0.17250000000000001, , 0.0036666666666666666, , 855.927946
4292167.exe, 0.17483333333333334, , 0.0038333333333333336, , 869.21057
4292167.exe, 0.17333333333333334, , 0.0036666666666666666, , 859.82046
4292167.exe, 0.17333333333333334, , 0.0036666666666666666, , 857.635193
4292167.exe, 0.17283333333333334, , 0.0036666666666666666, , 856.78901
4292167.exe, 0.1728333333333333, , 0.0036666666666666666, , 854.579927
4292167.exe, 0.17250000000000001, , 0.0036666666666666666, , 854.336378
4327744.exe, 0.3408333333333333, , 0.0095, , 1604.36434
4327744.exe, 0.3388333333333333, , 0.009666666666666665, , 1599.145839
4327744.exe, 0.3491666666666667, , 0.009333333333333332, , 1599.526491
4327744.exe, 0.341, , 0.0095, , 1595.46197
4327744.exe, 0.3403333333333334, , 0.0095, , 1595.033844
4327744.exe, 0.3388333333333333, , 0.0095, , 1595.717093
4327744.exe, 0.341, , 0.009666666666666665, , 1600.392555
4327744.exe, 0.3416666666666667, , 0.009333333333333332, , 1613.974805
4327744.exe, 0.3393333333333333, , 0.009666666666666665, , 1599.399052
4327744.exe, 0.34450000000000003, , 0.009666666666666665, , 1635.70384
4340748.exe, 0.06483333333333334, , 0.0016666666666666668, , 344.260875
4340748.exe, 0.07016666666666667, , 0.0016666666666666668, , 344.600021
4340748.exe, 0.06566666666666666, , 0.0016666666666666668, , 343.165435
4340748.exe, 0.06633333333333333, , 0.0018333333333333335, , 343.057887
4340748.exe, 0.0655, , 0.0016666666666666668, , 341.165687
4340748.exe, 0.066, , 0.0016666666666666668, , 342.221008
4340748.exe, 0.06583333333333333, , 0.0016666666666666668, , 340.759191
4340748.exe, 0.06566666666666666, , 0.0016666666666666668, , 343.058932
4340748.exe, 0.06549999999999999, , 0.0016666666666666668, , 341.634394
4340748.exe, 0.06533333333333333, , 0.0016666666666666668, , 342.385189
4455594.exe, 0.08466666666666667, , 0.0021666666666666666, , 454.077869
4455594.exe, 0.0865, , 0.0025, , 473.649502
4455594.exe, 0.08483333333333333, , 0.002, , 462.956526
4455594.exe, 0.08683333333333332, , 0.0025, , 470.69736
4455594.exe, 0.08499999999999999, , 0.002333333333333333, , 462.083415
4455594.exe, 0.08683333333333335, , 0.0021666666666666666, , 468.304186
4455594.exe, 0.08666666666666667, , 0.002333333333333333, , 470.281073
4455594.exe, 0.08449999999999999, , 0.0023333333333333335, , 455.952851
4455594.exe, 0.08499999999999999, , 0.0021666666666666666, , 461.358237
4455594.exe, 0.086, , 0.0021666666666666666, , 469.661876
4555067.exe, 0.06833333333333334, , 0.002, , 357.035856
4555067.exe, 0.06883333333333333, , 0.002, , 357.050147
4555067.exe, 0.06833333333333333, , 0.002, , 356.603037
4555067.exe, 0.068, , 0.002, , 357.794911
4555067.exe, 0.068, , 0.002, , 357.577648
4555067.exe, 0.06849999999999999, , 0.002, , 357.392822
4555067.exe, 0.06866666666666667, , 0.002, , 356.437078
4555067.exe, 0.06833333333333333, , 0.002, , 356.474668
4555067.exe, 0.06866666666666667, , 0.002, , 356.976648
4555067.exe, 0.06833333333333333, , 0.002, , 356.474553
4625115.exe, 0.16866666666666666, , 0.0036666666666666666, , 834.764549
4625115.exe, 0.1695, , 0.0036666666666666666, , 843.868337
4625115.exe, 0.16999999999999998, , 0.0036666666666666666, , 848.467643
4625115.exe, 0.16933333333333334, , 0.0036666666666666666, , 839.748309
4625115.exe, 0.17066666666666666, , 0.0038333333333333336, , 846.280054
4625115.exe, 0.17783333333333334, , 0.0038333333333333336, , 845.105925
4625115.exe, 0.17016666666666666, , 0.0036666666666666666, , 844.350893
4625115.exe, 0.1708333333333333, , 0.0036666666666666666, , 847.65626
4625115.exe, 0.1703333333333333, , 0.0036666666666666666, , 846.806972
4625115.exe, 0.1693333333333333, , 0.0036666666666666666, , 834.66786
4646902.exe, 0.06949999999999999, , 0.002, , 362.912162
4646902.exe, 0.07050000000000001, , 0.002, , 365.115202
4646902.exe, 0.07, , 0.0018333333333333333, , 363.738334
4646902.exe, 0.07016666666666668, , 0.002, , 363.899519
4646902.exe, 0.07033333333333334, , 0.0016666666666666668, , 363.475652
4646902.exe, 0.06983333333333334, , 0.0016666666666666668, , 363.740551
4646902.exe, 0.06966666666666667, , 0.0018333333333333333, , 365.191042
4646902.exe, 0.06949999999999999, , 0.002, , 364.306579
4646902.exe, 0.06916666666666667, , 0.0016666666666666668, , 363.90317
4646902.exe, 0.06966666666666667, , 0.0018333333333333333, , 367.155083
466493.exe, 0.09400000000000001, , 0.0025000000000000005, , 509.764674
466493.exe, 0.095, , 0.0025000000000000005, , 508.988469
466493.exe, 0.09416666666666666, , 0.0025000000000000005, , 509.691344
466493.exe, 0.09400000000000001, , 0.0025000000000000005, , 509.400171
466493.exe, 0.0945, , 0.0025000000000000005, , 508.071594
466493.exe, 0.09499999999999999, , 0.0025000000000000005, , 509.900836
466493.exe, 0.09516666666666666, , 0.0025000000000000005, , 507.602656
466493.exe, 0.0945, , 0.0025000000000000005, , 506.956816
466493.exe, 0.09483333333333333, , 0.0025000000000000005, , 506.774534
466493.exe, 0.09383333333333335, , 0.0025000000000000005, , 506.26198
4699989.exe, 0.069, , 0.0016666666666666668, , 364.104861
4699989.exe, 0.06916666666666667, , 0.0016666666666666668, , 361.723952
4699989.exe, 0.06899999999999999, , 0.0016666666666666668, , 366.315374
4699989.exe, 0.06899999999999999, , 0.0016666666666666668, , 363.988511
4699989.exe, 0.06933333333333333, , 0.0016666666666666668, , 363.83265
4699989.exe, 0.069, , 0.0016666666666666668, , 363.662309
4699989.exe, 0.06849999999999999, , 0.0016666666666666668, , 362.591668
4699989.exe, 0.06866666666666667, , 0.0016666666666666668, , 363.696937
4699989.exe, 0.07583333333333334, , 0.0018333333333333333, , 366.212506
4699989.exe, 0.06866666666666667, , 0.0016666666666666668, , 363.05052
4888119.exe, 0.08083333333333334, , 0.0021666666666666666, , 434.556783
4888119.exe, 0.08349999999999999, , 0.0023333333333333335, , 453.458304
4888119.exe, 0.0825, , 0.0023333333333333335, , 449.594701
4888119.exe, 0.08316666666666667, , 0.0023333333333333335, , 453.043415
4888119.exe, 0.08166666666666668, , 0.0023333333333333335, , 445.934278
4888119.exe, 0.081, , 0.0023333333333333335, , 436.415196
4888119.exe, 0.08116666666666666, , 0.0023333333333333335, , 443.337134
4888119.exe, 0.08349999999999999, , 0.0023333333333333335, , 454.453504
4888119.exe, 0.08316666666666667, , 0.0023333333333333335, , 454.071704
4888119.exe, 0.081, , 0.0023333333333333335, , 435.761386
4909871.exe, 0.094, , 0.004666666666666667, , 494.473085
4909871.exe, 0.09466666666666666, , 0.004333333333333333, , 494.164717
4909871.exe, 0.09349999999999999, , 0.004333333333333333, , 492.758351
4909871.exe, 0.09433333333333332, , 0.004666666666666667, , 494.146636
4909871.exe, 0.09466666666666666, , 0.0045000000000000005, , 494.210077
4909871.exe, 0.09433333333333334, , 0.0045000000000000005, , 494.271524
4909871.exe, 0.09416666666666666, , 0.0045000000000000005, , 492.248368
4909871.exe, 0.09433333333333332, , 0.0045000000000000005, , 494.460522
4909871.exe, 0.09433333333333334, , 0.0045000000000000005, , 494.690887
4909871.exe, 0.093, , 0.0045000000000000005, , 493.640858
4958343.exe, 0.17866666666666667, , 0.0038333333333333336, , 868.927374
4958343.exe, 0.1715, , 0.0038333333333333336, , 847.885598
4958343.exe, 0.1716666666666667, , 0.0036666666666666666, , 847.618517
4958343.exe, 0.17200000000000001, , 0.0036666666666666666, , 849.108672
4958343.exe, 0.17233333333333334, , 0.0036666666666666666, , 846.042809
4958343.exe, 0.1728333333333333, , 0.0036666666666666666, , 851.966023
4958343.exe, 0.17416666666666666, , 0.0036666666666666666, , 858.003287
4958343.exe, 0.17283333333333334, , 0.0036666666666666666, , 855.489403
4958343.exe, 0.17333333333333334, , 0.0038333333333333336, , 859.524959
4958343.exe, 0.17283333333333334, , 0.0036666666666666666, , 856.855567
5160992.exe, 0.08566666666666668, , 0.002, , 462.915598
5160992.exe, 0.08566666666666665, , 0.002, , 470.412629
5160992.exe, 0.08416666666666667, , 0.002, , 463.607828
5160992.exe, 0.085, , 0.002, , 469.083649
5160992.exe, 0.08533333333333333, , 0.002, , 467.123119
5160992.exe, 0.08533333333333333, , 0.002, , 466.60105
5160992.exe, 0.08566666666666668, , 0.002, , 465.986463
5160992.exe, 0.08633333333333333, , 0.0021666666666666666, , 473.853548
5160992.exe, 0.08466666666666667, , 0.002, , 466.162054
5160992.exe, 0.08433333333333333, , 0.002, , 462.747616
5253674.exe, 0.15200000000000002, , 0.003, , 730.629013
5253674.exe, 0.152, , 0.0028333333333333335, , 728.77631
5253674.exe, 0.153, , 0.0028333333333333335, , 730.418042
5253674.exe, 0.15333333333333332, , 0.003166666666666667, , 732.201441
5253674.exe, 0.15233333333333335, , 0.003, , 729.083426
5253674.exe, 0.15266666666666667, , 0.003, , 733.186269
5253674.exe, 0.1595, , 0.0033333333333333335, , 734.490172
5253674.exe, 0.15283333333333332, , 0.0030000000000000005, , 728.30889
5253674.exe, 0.15116666666666667, , 0.0033333333333333335, , 752.57528
5253674.exe, 0.15283333333333332, , 0.0028333333333333335, , 728.760647
5470489.exe, 0.06466666666666668, , 0.0015, , 336.51048
5470489.exe, 0.06466666666666668, , 0.0015, , 336.757066
5470489.exe, 0.065, , 0.0015, , 336.329273
5470489.exe, 0.06450000000000002, , 0.0015, , 336.361402
5470489.exe, 0.06483333333333334, , 0.0015, , 336.158201
5470489.exe, 0.06466666666666668, , 0.0015, , 336.872133
5470489.exe, 0.06483333333333334, , 0.0015, , 336.6406
5470489.exe, 0.06516666666666666, , 0.0015, , 336.820992
5470489.exe, 0.06483333333333333, , 0.0015, , 336.515312
5470489.exe, 0.06466666666666666, , 0.0015, , 335.992368
5473977.exe, 0.08133333333333333, , 0.002, , 445.847511
5473977.exe, 0.085, , 0.002, , 470.203841
5473977.exe, 0.08133333333333334, , 0.002, , 447.121275
5473977.exe, 0.08299999999999999, , 0.002, , 458.150981
5473977.exe, 0.08249999999999999, , 0.002, , 455.215168
5473977.exe, 0.0815, , 0.002, , 447.554877
5473977.exe, 0.08233333333333334, , 0.002, , 454.104976
5473977.exe, 0.08233333333333334, , 0.002, , 445.612666
5473977.exe, 0.08383333333333334, , 0.0021666666666666666, , 461.154653
5473977.exe, 0.08116666666666666, , 0.002, , 444.490043
5494547.exe, 0.08183333333333334, , 0.002, , 445.051065
5494547.exe, 0.08149999999999999, , 0.001833333333333333, , 444.687547
5494547.exe, 0.08216666666666668, , 0.002, , 451.826786
5494547.exe, 0.08233333333333334, , 0.002, , 449.90419
5494547.exe, 0.08216666666666667, , 0.002, , 448.697558
5494547.exe, 0.0825, , 0.002, , 448.848989
5494547.exe, 0.08166666666666668, , 0.001833333333333333, , 448.889732
5494547.exe, 0.08183333333333336, , 0.001833333333333333, , 449.442436
5494547.exe, 0.087, , 0.001833333333333333, , 445.319142
5494547.exe, 0.081, , 0.001833333333333333, , 444.652521
5550352.exe, 0.07983333333333334, , 0.001833333333333333, , 438.409746
5550352.exe, 0.08133333333333333, , 0.001833333333333333, , 445.704308
5550352.exe, 0.08033333333333334, , 0.001833333333333333, , 436.854664
5550352.exe, 0.08083333333333334, , 0.001833333333333333, , 440.525013
5550352.exe, 0.082, , 0.001833333333333333, , 453.085986
5550352.exe, 0.07916666666666666, , 0.001833333333333333, , 434.424092
5550352.exe, 0.0815, , 0.001833333333333333, , 447.277363
5550352.exe, 0.08016666666666666, , 0.002, , 434.491646
5550352.exe, 0.07866666666666666, , 0.001833333333333333, , 433.314591
5550352.exe, 0.081, , 0.002, , 442.083538
576026.exe, 0.06633333333333333, , 0.0016666666666666668, , 348.61318
576026.exe, 0.06633333333333334, , 0.0016666666666666668, , 348.584
576026.exe, 0.06616666666666667, , 0.0016666666666666668, , 348.186486
576026.exe, 0.06616666666666667, , 0.0016666666666666668, , 347.634658
576026.exe, 0.06699999999999999, , 0.0016666666666666668, , 347.659464
576026.exe, 0.06750000000000002, , 0.0016666666666666668, , 347.515458
576026.exe, 0.06766666666666668, , 0.0016666666666666668, , 348.768763
576026.exe, 0.067, , 0.0018333333333333333, , 348.117213
576026.exe, 0.067, , 0.0016666666666666668, , 348.477709
576026.exe, 0.06733333333333333, , 0.0018333333333333335, , 348.465071
5961211.exe, 0.07033333333333333, , 0.0016666666666666668, , 354.195344
5961211.exe, 0.07, , 0.0016666666666666668, , 354.110779
5961211.exe, 0.06966666666666668, , 0.0016666666666666668, , 354.11008
5961211.exe, 0.06983333333333334, , 0.0016666666666666668, , 354.914596
5961211.exe, 0.07016666666666667, , 0.0016666666666666668, , 354.755413
5961211.exe, 0.06983333333333334, , 0.0016666666666666668, , 354.331023
5961211.exe, 0.06966666666666668, , 0.0016666666666666668, , 354.047584
5961211.exe, 0.07483333333333334, , 0.0016666666666666668, , 356.307841
5961211.exe, 0.07016666666666667, , 0.0016666666666666668, , 354.165644
5961211.exe, 0.07066666666666667, , 0.0016666666666666668, , 355.960861
5975913.exe, 0.068, , 0.0016666666666666668, , 355.409686
5975913.exe, 0.0685, , 0.0016666666666666668, , 353.433563
5975913.exe, 0.0685, , 0.0016666666666666668, , 354.017742
5975913.exe, 0.06833333333333333, , 0.0016666666666666668, , 353.66309
5975913.exe, 0.06866666666666667, , 0.0016666666666666668, , 354.901325
5975913.exe, 0.0685, , 0.0016666666666666668, , 353.474953
5975913.exe, 0.06816666666666667, , 0.0016666666666666668, , 353.72855
5975913.exe, 0.06766666666666668, , 0.0016666666666666668, , 352.952561
5975913.exe, 0.0685, , 0.0016666666666666668, , 353.675685
5975913.exe, 0.069, , 0.0016666666666666668, , 353.777854
5976816.exe, 0.1703333333333333, , 0.0036666666666666666, , 850.429608
5976816.exe, 0.17183333333333334, , 0.0036666666666666666, , 859.589997
5976816.exe, 0.175, , 0.0038333333333333336, , 876.798223
5976816.exe, 0.17233333333333334, , 0.0036666666666666666, , 854.818685
5976816.exe, 0.17383333333333334, , 0.0036666666666666666, , 860.910331
5976816.exe, 0.17200000000000001, , 0.0036666666666666666, , 850.281137
5976816.exe, 0.17200000000000001, , 0.0036666666666666666, , 848.52497
5976816.exe, 0.17149999999999999, , 0.0036666666666666666, , 849.767315
5976816.exe, 0.17166666666666666, , 0.0036666666666666666, , 849.758278
5976816.exe, 0.17350000000000002, , 0.0036666666666666666, , 858.421542
5978424.exe, 0.1725, , 0.0036666666666666666, , 849.448113
5978424.exe, 0.17316666666666666, , 0.0036666666666666666, , 851.209514
5978424.exe, 0.17750000000000002, , 0.004, , 873.974978
5978424.exe, 0.17433333333333334, , 0.0036666666666666666, , 859.20345
5978424.exe, 0.17350000000000002, , 0.0036666666666666666, , 850.877298
5978424.exe, 0.18100000000000002, , 0.0036666666666666666, , 852.04831
5978424.exe, 0.17316666666666666, , 0.0036666666666666666, , 851.208047
5978424.exe, 0.1726666666666667, , 0.0036666666666666666, , 848.490408
5978424.exe, 0.17333333333333334, , 0.0036666666666666666, , 856.447572
5978424.exe, 0.17200000000000001, , 0.0036666666666666666, , 849.834614
5979286.exe, 0.08116666666666665, , 0.0023333333333333335, , 437.156596
5979286.exe, 0.08, , 0.0023333333333333335, , 430.011719
5979286.exe, 0.08066666666666666, , 0.0023333333333333335, , 432.877901
5979286.exe, 0.07966666666666665, , 0.0023333333333333335, , 431.103032
5979286.exe, 0.07933333333333333, , 0.0023333333333333335, , 429.858303
5979286.exe, 0.081, , 0.0023333333333333335, , 427.798042
5979286.exe, 0.08083333333333334, , 0.0023333333333333335, , 436.739144
5979286.exe, 0.07933333333333333, , 0.0023333333333333335, , 427.094882
5979286.exe, 0.08066666666666666, , 0.0023333333333333335, , 438.327376
5979286.exe, 0.07933333333333333, , 0.0023333333333333335, , 429.832207
5979571.exe, 0.0805, , 0.0023333333333333335, , 433.179814
5979571.exe, 0.07949999999999999, , 0.0023333333333333335, , 431.413912
5979571.exe, 0.0805, , 0.0023333333333333335, , 438.509946
5979571.exe, 0.07883333333333332, , 0.0023333333333333335, , 426.491076
5979571.exe, 0.07916666666666666, , 0.0023333333333333335, , 431.041814
5979571.exe, 0.08016666666666668, , 0.0023333333333333335, , 430.818994
5979571.exe, 0.07966666666666668, , 0.0023333333333333335, , 429.434771
5979571.exe, 0.07883333333333332, , 0.0023333333333333335, , 426.835416
5979571.exe, 0.079, , 0.0023333333333333335, , 426.999102
5979571.exe, 0.07933333333333333, , 0.0023333333333333335, , 431.195462
5980827.exe, 0.1795, , 0.004, , 898.050772
5980827.exe, 0.18049999999999997, , 0.004, , 908.837853
5980827.exe, 0.18016666666666667, , 0.004, , 906.558102
5980827.exe, 0.18016666666666667, , 0.004, , 903.390083
5980827.exe, 0.18216666666666667, , 0.004, , 912.202983
5980827.exe, 0.1835, , 0.004, , 914.904139
5980827.exe, 0.18100000000000002, , 0.004, , 906.645008
5980827.exe, 0.1806666666666667, , 0.004, , 907.041586
5980827.exe, 0.181, , 0.004, , 913.330096
5980827.exe, 0.18216666666666667, , 0.004, , 910.780854
5981368.exe, 0.06733333333333333, , 0.0018333333333333333, , 356.812733
5981368.exe, 0.06783333333333334, , 0.002, , 355.127331
5981368.exe, 0.06783333333333334, , 0.002, , 356.235629
5981368.exe, 0.06783333333333334, , 0.0016666666666666668, , 355.69447
5981368.exe, 0.06750000000000002, , 0.0018333333333333335, , 355.723451
5981368.exe, 0.06766666666666667, , 0.0018333333333333335, , 355.878433
5981368.exe, 0.068, , 0.0018333333333333335, , 357.0747
5981368.exe, 0.06733333333333333, , 0.0018333333333333335, , 355.357923
5981368.exe, 0.068, , 0.002, , 358.299394
5981368.exe, 0.06766666666666668, , 0.002, , 355.709109
5987243.exe, 0.06533333333333333, , 0.0015, , 343.723183
5987243.exe, 0.06599999999999999, , 0.0016666666666666668, , 343.293374
5987243.exe, 0.06566666666666666, , 0.0016666666666666668, , 343.048037
5987243.exe, 0.06633333333333334, , 0.0016666666666666668, , 343.801654
5987243.exe, 0.06566666666666666, , 0.0016666666666666668, , 343.595021
5987243.exe, 0.0655, , 0.0016666666666666668, , 343.089199
5987243.exe, 0.06566666666666666, , 0.0016666666666666668, , 342.87632
5987243.exe, 0.06533333333333334, , 0.0016666666666666668, , 343.015607
5987243.exe, 0.06566666666666666, , 0.0016666666666666668, , 344.584917
5987243.exe, 0.06550000000000002, , 0.0016666666666666668, , 344.639686
5990492.exe, 0.17, , 0.0036666666666666666, , 848.224573
5990492.exe, 0.1713333333333333, , 0.0035, , 862.125697
5990492.exe, 0.16983333333333336, , 0.0035, , 846.727941
5990492.exe, 0.16816666666666666, , 0.0035, , 846.411683
5990492.exe, 0.17149999999999999, , 0.0035, , 855.842119
5990492.exe, 0.17083333333333334, , 0.0035, , 850.390297
5990492.exe, 0.1716666666666667, , 0.0036666666666666666, , 855.939028
5990492.exe, 0.17099999999999999, , 0.0035, , 849.2949
5990492.exe, 0.17049999999999998, , 0.0035, , 850.222763
5990492.exe, 0.17099999999999999, , 0.0035, , 849.069167
6040995.exe, 0.1765, , 0.004333333333333333, , 871.358672
6040995.exe, 0.17516666666666666, , 0.004, , 871.382062
6040995.exe, 0.1755, , 0.004, , 869.449628
6040995.exe, 0.17783333333333332, , 0.004333333333333333, , 878.067163
6040995.exe, 0.1753333333333333, , 0.004, , 865.685333
6040995.exe, 0.17966666666666667, , 0.0045000000000000005, , 909.0651
6040995.exe, 0.175, , 0.004, , 863.692701
6040995.exe, 0.17716666666666664, , 0.004166666666666667, , 884.843395
6040995.exe, 0.17566666666666667, , 0.004166666666666667, , 871.675259
6040995.exe, 0.17633333333333334, , 0.004166666666666667, , 874.240876
6236007.exe, 0.0835, , 0.002, , 451.759806
6236007.exe, 0.08366666666666665, , 0.002, , 452.844793
6236007.exe, 0.08966666666666669, , 0.002, , 450.459119
6236007.exe, 0.08333333333333333, , 0.002, , 446.949094
6236007.exe, 0.0855, , 0.002, , 460.164473
6236007.exe, 0.08299999999999999, , 0.002, , 446.873574
6236007.exe, 0.08383333333333334, , 0.002, , 453.468185
6236007.exe, 0.084, , 0.002, , 449.456247
6236007.exe, 0.08416666666666667, , 0.002, , 451.058842
6236007.exe, 0.08433333333333334, , 0.002, , 450.917871
6322230.exe, 0.17200000000000001, , 0.0036666666666666666, , 843.472226
6322230.exe, 0.1721666666666667, , 0.0036666666666666666, , 847.732448
6322230.exe, 0.1713333333333333, , 0.0035, , 850.978784
6322230.exe, 0.17200000000000001, , 0.0036666666666666666, , 849.316481
6322230.exe, 0.17049999999999998, , 0.0036666666666666666, , 845.838307
6322230.exe, 0.1703333333333333, , 0.0036666666666666666, , 846.113729
6322230.exe, 0.1705, , 0.0035, , 851.254039
6322230.exe, 0.17099999999999999, , 0.0035, , 848.548158
6322230.exe, 0.17116666666666663, , 0.0035, , 846.970853
6322230.exe, 0.17649999999999996, , 0.0036666666666666666, , 843.785963
6463124.exe, 0.114, , 0.004833333333333334, , 613.596916
6463124.exe, 0.11666666666666665, , 0.004833333333333334, , 629.78921
6463124.exe, 0.11699999999999999, , 0.004833333333333334, , 629.224059
6463124.exe, 0.11333333333333334, , 0.004833333333333334, , 611.098619
6463124.exe, 0.117, , 0.004833333333333334, , 629.476354
6463124.exe, 0.11416666666666667, , 0.004833333333333334, , 622.553292
6463124.exe, 0.11233333333333334, , 0.004833333333333334, , 601.519163
6463124.exe, 0.11516666666666667, , 0.004833333333333334, , 619.035734
6463124.exe, 0.11416666666666667, , 0.004833333333333334, , 613.266534
6463124.exe, 0.11583333333333333, , 0.004833333333333334, , 625.889324
703894.exe, 0.1705, , 0.0036666666666666666, , 845.64927
703894.exe, 0.17133333333333337, , 0.0036666666666666666, , 848.380403
703894.exe, 0.1716666666666667, , 0.0036666666666666666, , 847.407797
703894.exe, 0.1715, , 0.0036666666666666666, , 843.78694
703894.exe, 0.1701666666666667, , 0.0036666666666666666, , 842.637303
703894.exe, 0.1713333333333333, , 0.0036666666666666666, , 842.743856
703894.exe, 0.17233333333333337, , 0.0036666666666666666, , 851.418441
703894.exe, 0.1725, , 0.0036666666666666666, , 848.589925
703894.exe, 0.17166666666666666, , 0.0036666666666666666, , 839.471422
703894.exe, 0.17133333333333337, , 0.0036666666666666666, , 841.566145
7091608.exe, 0.17116666666666666, , 0.0035, , 846.443305
7091608.exe, 0.17116666666666666, , 0.0036666666666666666, , 851.398947
7091608.exe, 0.17216666666666666, , 0.0036666666666666666, , 858.989509
7091608.exe, 0.1765, , 0.0036666666666666666, , 854.076721
7091608.exe, 0.1701666666666667, , 0.0035, , 850.443227
7091608.exe, 0.16999999999999998, , 0.0036666666666666666, , 845.285718
7091608.exe, 0.17099999999999999, , 0.0036666666666666666, , 853.83724
7091608.exe, 0.17033333333333334, , 0.0035, , 851.419971
7091608.exe, 0.16966666666666666, , 0.0035, , 847.290176
7091608.exe, 0.1703333333333333, , 0.0036666666666666666, , 843.614987
7103208.exe, 0.08383333333333334, , 0.002, , 454.895036
7103208.exe, 0.084, , 0.002, , 462.133331
7103208.exe, 0.08266666666666668, , 0.002, , 452.125202
7103208.exe, 0.08383333333333334, , 0.002, , 462.171948
7103208.exe, 0.08266666666666667, , 0.002, , 453.945882
7103208.exe, 0.0825, , 0.002, , 452.24865
7103208.exe, 0.08283333333333334, , 0.002, , 453.458849
7103208.exe, 0.085, , 0.0021666666666666666, , 466.925701
7103208.exe, 0.08266666666666667, , 0.002, , 452.050668
7103208.exe, 0.08366666666666668, , 0.002, , 454.640467
7162730.exe, 0.06633333333333333, , 0.0016666666666666668, , 347.987358
7162730.exe, 0.06633333333333334, , 0.0016666666666666668, , 349.554297
7162730.exe, 0.06616666666666667, , 0.0016666666666666668, , 348.043622
7162730.exe, 0.0665, , 0.0016666666666666668, , 348.452973
7162730.exe, 0.06616666666666667, , 0.0016666666666666668, , 347.860249
7162730.exe, 0.06683333333333333, , 0.0016666666666666668, , 348.75717
7162730.exe, 0.06683333333333333, , 0.0016666666666666668, , 348.57505
7162730.exe, 0.06699999999999999, , 0.0016666666666666668, , 348.332171
7162730.exe, 0.06666666666666667, , 0.0016666666666666668, , 348.400473
7162730.exe, 0.06699999999999999, , 0.0016666666666666668, , 348.157936
7663493.exe, 0.16866666666666666, , 0.0035, , 834.609907
7663493.exe, 0.1705, , 0.0036666666666666666, , 839.340124
7663493.exe, 0.17383333333333334, , 0.0035, , 860.817635
7663493.exe, 0.1705, , 0.0036666666666666666, , 840.712001
7663493.exe, 0.17749999999999996, , 0.0036666666666666666, , 842.033538
7663493.exe, 0.16983333333333336, , 0.0036666666666666666, , 837.459719
7663493.exe, 0.16933333333333334, , 0.0036666666666666666, , 836.672177
7663493.exe, 0.17083333333333334, , 0.0035, , 837.603414
7663493.exe, 0.1718333333333333, , 0.0036666666666666666, , 850.25567
7663493.exe, 0.17033333333333334, , 0.0035, , 839.960274
766743.exe, 0.16033333333333333, , 0.0033333333333333335, , 766.527251
766743.exe, 0.16066666666666665, , 0.0033333333333333335, , 764.929582
766743.exe, 0.16299999999999998, , 0.0035000000000000005, , 766.652055
766743.exe, 0.16033333333333333, , 0.0033333333333333335, , 766.586957
766743.exe, 0.16066666666666665, , 0.0035000000000000005, , 766.029657
766743.exe, 0.16116666666666665, , 0.0033333333333333335, , 766.723804
766743.exe, 0.1608333333333333, , 0.0033333333333333335, , 765.257217
766743.exe, 0.1615, , 0.0033333333333333335, , 765.253284
766743.exe, 0.16083333333333333, , 0.0033333333333333335, , 765.896888
766743.exe, 0.16033333333333333, , 0.0033333333333333335, , 764.632374
7856160.exe, 0.2803333333333333, , 0.011000000000000001, , 1438.69859
7856160.exe, 0.28, , 0.011000000000000001, , 1440.289488
7856160.exe, 0.27866666666666673, , 0.011000000000000001, , 1438.439787
7856160.exe, 0.2801666666666666, , 0.011000000000000001, , 1438.087908
7856160.exe, 0.28950000000000004, , 0.011000000000000001, , 1442.221386
7856160.exe, 0.2805, , 0.011000000000000001, , 1439.466291
7856160.exe, 0.2821666666666667, , 0.011000000000000001, , 1438.287421
7856160.exe, 0.28150000000000003, , 0.011000000000000001, , 1439.574636
7856160.exe, 0.28, , 0.011000000000000001, , 1438.246024
7856160.exe, 0.2805, , 0.011000000000000001, , 1438.884387
7891135.exe, 0.1695, , 0.0036666666666666666, , 840.546597
7891135.exe, 0.16816666666666666, , 0.0035, , 845.049145
7891135.exe, 0.16766666666666669, , 0.0036666666666666666, , 837.524016
7891135.exe, 0.17016666666666666, , 0.0036666666666666666, , 846.016335
7891135.exe, 0.16899999999999998, , 0.0035, , 836.537152
7891135.exe, 0.17166666666666666, , 0.0035, , 840.25462
7891135.exe, 0.16849999999999998, , 0.0036666666666666666, , 834.670829
7891135.exe, 0.1701666666666667, , 0.0038333333333333336, , 837.882658
7891135.exe, 0.1695, , 0.0035, , 836.328496
7891135.exe, 0.16916666666666666, , 0.0035, , 834.57064
793821.exe, 0.07183333333333333, , 0.0018333333333333335, , 375.553268
793821.exe, 0.07233333333333333, , 0.002, , 372.096393
793821.exe, 0.07233333333333333, , 0.002, , 372.930318
793821.exe, 0.07200000000000001, , 0.0018333333333333333, , 372.381168
793821.exe, 0.07233333333333333, , 0.0018333333333333335, , 373.228048
793821.exe, 0.07266666666666666, , 0.002, , 372.729734
793821.exe, 0.0715, , 0.0018333333333333333, , 372.356859
793821.exe, 0.07116666666666666, , 0.0018333333333333333, , 371.541701
793821.exe, 0.07183333333333333, , 0.0018333333333333333, , 373.268649
793821.exe, 0.07133333333333332, , 0.0018333333333333335, , 371.599413
798360.exe, 0.2263333333333333, , 0.007333333333333334, , 1159.969573
798360.exe, 0.22733333333333333, , 0.007333333333333334, , 1160.674303
798360.exe, 0.22733333333333333, , 0.007333333333333334, , 1160.086492
798360.exe, 0.228, , 0.007333333333333334, , 1160.527372
798360.exe, 0.22816666666666668, , 0.007333333333333334, , 1161.03695
798360.exe, 0.22683333333333333, , 0.007333333333333334, , 1156.428752
798360.exe, 0.22766666666666663, , 0.007333333333333334, , 1157.290417
798360.exe, 0.22833333333333333, , 0.007333333333333334, , 1159.823314
798360.exe, 0.22616666666666668, , 0.007333333333333334, , 1163.936645
798360.exe, 0.23666666666666666, , 0.007333333333333334, , 1167.43452
8028891.exe, 0.0655, , 0.0018333333333333335, , 346.488555
8028891.exe, 0.0655, , 0.0018333333333333333, , 346.915789
8028891.exe, 0.0655, , 0.0018333333333333335, , 346.976726
8028891.exe, 0.066, , 0.0018333333333333333, , 347.691227
8028891.exe, 0.0655, , 0.0018333333333333335, , 346.039351
8028891.exe, 0.06566666666666666, , 0.0016666666666666668, , 345.788968
8028891.exe, 0.06566666666666666, , 0.0016666666666666668, , 345.362433
8028891.exe, 0.066, , 0.0016666666666666668, , 346.981349
8028891.exe, 0.06566666666666666, , 0.0018333333333333333, , 346.541918
8028891.exe, 0.06516666666666666, , 0.0016666666666666668, , 344.929422
849073.exe, 0.066, , 0.0016666666666666668, , 345.297882
849073.exe, 0.06666666666666667, , 0.0016666666666666668, , 347.820066
849073.exe, 0.0665, , 0.0016666666666666668, , 346.944187
849073.exe, 0.06716666666666667, , 0.0016666666666666668, , 348.270876
849073.exe, 0.06716666666666667, , 0.0016666666666666668, , 346.505204
849073.exe, 0.066, , 0.0016666666666666668, , 346.516192
849073.exe, 0.066, , 0.0016666666666666668, , 346.241364
849073.exe, 0.06716666666666667, , 0.0016666666666666668, , 346.624815
849073.exe, 0.0665, , 0.0016666666666666668, , 346.230763
849073.exe, 0.066, , 0.0016666666666666668, , 346.557289
856959.exe, 0.08583333333333334, , 0.002, , 467.523085
856959.exe, 0.08666666666666667, , 0.002, , 469.819152
856959.exe, 0.08650000000000001, , 0.0021666666666666666, , 469.479236
856959.exe, 0.08566666666666668, , 0.0021666666666666666, , 465.418668
856959.exe, 0.0865, , 0.0021666666666666666, , 465.698775
856959.exe, 0.08583333333333334, , 0.0021666666666666666, , 465.761878
856959.exe, 0.0875, , 0.0021666666666666666, , 474.850467
856959.exe, 0.08583333333333334, , 0.002, , 465.274401
856959.exe, 0.08583333333333334, , 0.0021666666666666666, , 464.960219
856959.exe, 0.087, , 0.0023333333333333335, , 471.521452
908301.exe, 0.17116666666666666, , 0.004, , 850.100555
908301.exe, 0.16966666666666666, , 0.004, , 844.987474
908301.exe, 0.18083333333333332, , 0.004, , 852.258785
908301.exe, 0.17216666666666666, , 0.004, , 856.494673
908301.exe, 0.17083333333333334, , 0.004, , 848.149986
908301.exe, 0.17066666666666666, , 0.004, , 844.904468
908301.exe, 0.17200000000000001, , 0.004, , 852.860156
908301.exe, 0.171, , 0.004, , 846.828596
908301.exe, 0.17099999999999999, , 0.004, , 852.446351
908301.exe, 0.17216666666666666, , 0.004, , 859.844518
