1578565.exe, 0.08416666666666668, , 0.0028333333333333335, , 576.058599
1578565.exe, 0.088, , 0.0023333333333333335, , 473.437956
1578565.exe, 0.0885, , 0.0023333333333333335, , 473.398452
1578565.exe, 0.08833333333333333, , 0.0026666666666666666, , 475.03565
1578565.exe, 0.08833333333333333, , 0.0026666666666666666, , 475.693988
1578565.exe, 0.08833333333333333, , 0.0023333333333333335, , 478.537987
1578565.exe, 0.08933333333333332, , 0.0025, , 478.333589
1578565.exe, 0.08833333333333333, , 0.0023333333333333335, , 474.307391
1578565.exe, 0.0885, , 0.0023333333333333335, , 476.605728
1578565.exe, 0.088, , 0.0023333333333333335, , 468.572425
2649544.exe, 0.08866666666666667, , 0.0023333333333333335, , 481.720402
2649544.exe, 0.08716666666666664, , 0.0021666666666666666, , 466.338007
2649544.exe, 0.08966666666666666, , 0.0025, , 485.387771
2649544.exe, 0.087, , 0.002, , 472.739652
2649544.exe, 0.08733333333333332, , 0.0021666666666666666, , 474.1921
2649544.exe, 0.08733333333333333, , 0.0023333333333333335, , 473.462034
2649544.exe, 0.088, , 0.0021666666666666666, , 479.561976
2649544.exe, 0.08616666666666667, , 0.002, , 466.465087
2649544.exe, 0.08733333333333333, , 0.0021666666666666666, , 473.659153
2649544.exe, 0.08883333333333333, , 0.0023333333333333335, , 469.590136
2700229.exe, 0.17200000000000001, , 0.0035, , 852.908612
2700229.exe, 0.17083333333333334, , 0.0036666666666666666, , 851.367593
2700229.exe, 0.17200000000000001, , 0.0038333333333333336, , 858.201057
2700229.exe, 0.1718333333333333, , 0.0036666666666666666, , 850.153348
2700229.exe, 0.17266666666666666, , 0.0036666666666666666, , 864.43023
2700229.exe, 0.17050000000000004, , 0.0036666666666666666, , 846.821063
2700229.exe, 0.17400000000000002, , 0.0036666666666666666, , 858.277053
2700229.exe, 0.17099999999999999, , 0.0036666666666666666, , 851.788651
2700229.exe, 0.17200000000000001, , 0.0036666666666666666, , 846.284067
2700229.exe, 0.17316666666666666, , 0.0036666666666666666, , 856.415099
2882080.exe, 0.08349999999999999, , 0.001833333333333333, , 446.358348
2882080.exe, 0.08349999999999999, , 0.001833333333333333, , 445.489596
2882080.exe, 0.08133333333333333, , 0.001833333333333333, , 433.041417
2882080.exe, 0.08116666666666666, , 0.002, , 433.897724
2882080.exe, 0.082, , 0.001833333333333333, , 436.683675
2882080.exe, 0.08333333333333333, , 0.001833333333333333, , 443.829216
2882080.exe, 0.08133333333333333, , 0.001833333333333333, , 434.073501
2882080.exe, 0.08216666666666668, , 0.001833333333333333, , 444.894781
2882080.exe, 0.08183333333333334, , 0.001833333333333333, , 441.050233
2882080.exe, 0.08083333333333333, , 0.001833333333333333, , 431.372759
2892760.exe, 0.07966666666666665, , 0.002, , 432.93901
2892760.exe, 0.0795, , 0.002, , 431.39205
2892760.exe, 0.07966666666666665, , 0.002, , 434.838342
2892760.exe, 0.07933333333333333, , 0.001833333333333333, , 429.640625
2892760.exe, 0.07949999999999999, , 0.001833333333333333, , 429.175607
2892760.exe, 0.08083333333333334, , 0.002, , 436.912109
2892760.exe, 0.08033333333333333, , 0.001833333333333333, , 428.733635
2892760.exe, 0.0805, , 0.001833333333333333, , 431.164816
2892760.exe, 0.08116666666666666, , 0.002, , 433.543325
2892760.exe, 0.0795, , 0.002, , 428.297572
2952391.exe, 0.15116666666666667, , 0.003166666666666667, , 725.438305
2952391.exe, 0.15166666666666667, , 0.003166666666666667, , 724.362477
2952391.exe, 0.153, , 0.0031666666666666666, , 727.879521
2952391.exe, 0.15266666666666667, , 0.003166666666666667, , 726.328357
2952391.exe, 0.15233333333333335, , 0.003166666666666667, , 725.801446
2952391.exe, 0.15266666666666667, , 0.0031666666666666666, , 729.46438
2952391.exe, 0.15300000000000002, , 0.003166666666666667, , 727.64864
2952391.exe, 0.15183333333333332, , 0.0031666666666666666, , 727.414448
2952391.exe, 0.152, , 0.003166666666666667, , 726.441473
2952391.exe, 0.15216666666666664, , 0.0031666666666666666, , 725.948364
3052100.exe, 0.16983333333333336, , 0.0035, , 842.075529
3052100.exe, 0.17066666666666666, , 0.0036666666666666666, , 856.045206
3052100.exe, 0.17233333333333334, , 0.0036666666666666666, , 854.398523
3052100.exe, 0.169, , 0.0036666666666666666, , 850.428262
3052100.exe, 0.16966666666666666, , 0.0036666666666666666, , 852.58294
3052100.exe, 0.16866666666666666, , 0.0036666666666666666, , 843.861351
3052100.exe, 0.17083333333333334, , 0.0036666666666666666, , 848.084943
3052100.exe, 0.173, , 0.0036666666666666666, , 860.825397
3052100.exe, 0.17116666666666666, , 0.0036666666666666666, , 849.213082
3052100.exe, 0.17033333333333334, , 0.0036666666666666666, , 852.585453
3432659.exe, 0.06383333333333334, , 0.0015, , 335.905307
3432659.exe, 0.06333333333333332, , 0.0016666666666666668, , 335.282391
3432659.exe, 0.064, , 0.0015, , 334.652713
3432659.exe, 0.06399999999999999, , 0.0015, , 334.75378
3432659.exe, 0.06433333333333334, , 0.0016666666666666668, , 335.642502
3432659.exe, 0.064, , 0.0013333333333333333, , 335.840342
3432659.exe, 0.06483333333333334, , 0.0015, , 335.339177
3432659.exe, 0.06433333333333333, , 0.0015, , 335.084393
3432659.exe, 0.06416666666666666, , 0.0016666666666666668, , 336.672182
3432659.exe, 0.06416666666666666, , 0.0016666666666666668, , 336.272699
3513191.exe, 0.21550000000000002, , 0.006666666666666667, , 1132.248186
3513191.exe, 0.21483333333333338, , 0.006833333333333334, , 1132.00577
3513191.exe, 0.2155, , 0.006666666666666667, , 1144.843774
3513191.exe, 0.2145, , 0.006666666666666667, , 1130.036155
3513191.exe, 0.21716666666666665, , 0.006500000000000001, , 1140.640347
3513191.exe, 0.21383333333333338, , 0.006666666666666667, , 1124.835172
3513191.exe, 0.21433333333333332, , 0.006500000000000001, , 1134.910332
3513191.exe, 0.21666666666666667, , 0.006666666666666667, , 1141.925053
3513191.exe, 0.21500000000000002, , 0.006500000000000001, , 1126.849154
3513191.exe, 0.21466666666666664, , 0.006666666666666667, , 1134.25663
3686555.exe, 0.08133333333333333, , 0.001833333333333333, , 446.260073
3686555.exe, 0.0825, , 0.002, , 453.466593
3686555.exe, 0.08083333333333334, , 0.001833333333333333, , 442.732951
3686555.exe, 0.08066666666666666, , 0.002, , 436.514851
3686555.exe, 0.0815, , 0.001833333333333333, , 448.547298
3686555.exe, 0.08133333333333333, , 0.002, , 444.606687
3686555.exe, 0.08, , 0.002, , 437.139896
3686555.exe, 0.08033333333333334, , 0.002, , 443.543528
3686555.exe, 0.07933333333333334, , 0.001833333333333333, , 435.80945
3686555.exe, 0.07983333333333334, , 0.001833333333333333, , 436.531307
3754416.exe, 0.0805, , 0.002, , 441.300661
3754416.exe, 0.082, , 0.0021666666666666666, , 452.920595
3754416.exe, 0.083, , 0.002, , 460.32201
3754416.exe, 0.0805, , 0.002, , 440.106101
3754416.exe, 0.084, , 0.0021666666666666666, , 459.998373
3754416.exe, 0.08083333333333333, , 0.002, , 440.107787
3754416.exe, 0.0825, , 0.002, , 450.031157
3754416.exe, 0.07983333333333334, , 0.002, , 439.45229
3754416.exe, 0.08016666666666668, , 0.002, , 442.68911
3754416.exe, 0.08016666666666666, , 0.002, , 441.014868
4878682.exe, 0.06866666666666668, , 0.0016666666666666668, , 351.172916
4878682.exe, 0.06883333333333334, , 0.0016666666666666668, , 351.254323
4878682.exe, 0.06883333333333334, , 0.0016666666666666668, , 351.668354
4878682.exe, 0.06883333333333334, , 0.0016666666666666668, , 351.284815
4878682.exe, 0.06933333333333333, , 0.0016666666666666668, , 352.224313
4878682.exe, 0.06949999999999999, , 0.0016666666666666668, , 352.486277
4878682.exe, 0.06883333333333334, , 0.0016666666666666668, , 351.226553
4878682.exe, 0.069, , 0.0016666666666666668, , 351.361342
4878682.exe, 0.069, , 0.0016666666666666668, , 352.176536
4878682.exe, 0.06916666666666667, , 0.0016666666666666668, , 352.760395
5266960.exe, 0.1655, , 0.003666666666666667, , 782.939429
5266960.exe, 0.16433333333333333, , 0.003666666666666667, , 782.227203
5266960.exe, 0.1645, , 0.003666666666666667, , 784.018032
5266960.exe, 0.1645, , 0.003666666666666667, , 780.980176
5266960.exe, 0.16433333333333333, , 0.003666666666666667, , 782.040204
5266960.exe, 0.16583333333333336, , 0.003666666666666667, , 788.606125
5266960.exe, 0.16516666666666663, , 0.003666666666666667, , 784.666796
5266960.exe, 0.16533333333333336, , 0.003666666666666667, , 783.411375
5266960.exe, 0.16433333333333336, , 0.003666666666666667, , 783.414364
5266960.exe, 0.16349999999999998, , 0.003666666666666667, , 783.260298
5400133.exe, 0.06916666666666667, , 0.0016666666666666668, , 357.429966
5400133.exe, 0.07, , 0.0018333333333333333, , 358.246008
5400133.exe, 0.06916666666666667, , 0.0016666666666666668, , 356.860721
5400133.exe, 0.06949999999999999, , 0.0016666666666666668, , 357.125468
5400133.exe, 0.06883333333333333, , 0.0016666666666666668, , 356.76879
5400133.exe, 0.06966666666666667, , 0.0018333333333333333, , 358.027391
5400133.exe, 0.06833333333333334, , 0.0016666666666666668, , 357.115093
5400133.exe, 0.06933333333333333, , 0.0016666666666666668, , 357.315198
5400133.exe, 0.06933333333333333, , 0.0016666666666666668, , 357.642053
5400133.exe, 0.06933333333333333, , 0.0016666666666666668, , 357.934715
5755609.exe, 0.06933333333333333, , 0.0016666666666666668, , 359.000068
5755609.exe, 0.06933333333333333, , 0.0018333333333333335, , 358.617169
5755609.exe, 0.06916666666666667, , 0.0016666666666666668, , 357.35679
5755609.exe, 0.0685, , 0.0018333333333333333, , 359.074601
5755609.exe, 0.06916666666666667, , 0.0018333333333333333, , 358.152707
5755609.exe, 0.06833333333333333, , 0.0016666666666666668, , 359.84422
5755609.exe, 0.0685, , 0.0016666666666666668, , 360.751398
5755609.exe, 0.06916666666666665, , 0.0016666666666666668, , 358.197992
5755609.exe, 0.06916666666666667, , 0.002, , 359.021232
5755609.exe, 0.06833333333333333, , 0.0018333333333333335, , 360.213612
5794115.exe, 0.07266666666666666, , 0.002, , 380.881699
5794115.exe, 0.07366666666666667, , 0.002, , 380.468832
5794115.exe, 0.0735, , 0.002, , 379.972776
5794115.exe, 0.07266666666666666, , 0.002, , 380.200487
5794115.exe, 0.073, , 0.002, , 379.092478
5794115.exe, 0.07333333333333333, , 0.002, , 378.437887
5794115.exe, 0.073, , 0.002, , 378.54444
5794115.exe, 0.07383333333333333, , 0.002, , 377.671063
5794115.exe, 0.07416666666666667, , 0.002, , 376.99797
5794115.exe, 0.07383333333333333, , 0.002, , 377.856447
596008.exe, 0.08149999999999999, , 0.002, , 440.261412
596008.exe, 0.08233333333333334, , 0.002, , 448.976224
596008.exe, 0.0815, , 0.002, , 440.002193
596008.exe, 0.08299999999999999, , 0.0021666666666666666, , 448.588175
596008.exe, 0.08283333333333333, , 0.0021666666666666666, , 452.700599
596008.exe, 0.08283333333333333, , 0.002, , 452.296648
596008.exe, 0.08183333333333333, , 0.0021666666666666666, , 447.681468
596008.exe, 0.0825, , 0.002, , 450.480114
596008.exe, 0.08166666666666665, , 0.002, , 444.976548
596008.exe, 0.08166666666666668, , 0.002, , 446.8407
5976780.exe, 0.08733333333333333, , 0.0026666666666666666, , 474.392922
5976780.exe, 0.08716666666666666, , 0.0025, , 468.703582
5976780.exe, 0.08583333333333333, , 0.0021666666666666666, , 467.663816
5976780.exe, 0.08833333333333333, , 0.0026666666666666666, , 482.407441
5976780.exe, 0.087, , 0.0025, , 475.180425
5976780.exe, 0.08716666666666666, , 0.0026666666666666666, , 473.841282
5976780.exe, 0.089, , 0.0025, , 480.087841
5976780.exe, 0.089, , 0.0025, , 479.779586
5976780.exe, 0.08833333333333333, , 0.0025, , 480.025685
5976780.exe, 0.0865, , 0.0021666666666666666, , 467.916652
6521284.exe, 0.08533333333333333, , 0.0023333333333333335, , 462.502703
6521284.exe, 0.08683333333333333, , 0.002333333333333333, , 471.286173
6521284.exe, 0.0845, , 0.0021666666666666666, , 458.854717
6521284.exe, 0.08749999999999998, , 0.0023333333333333335, , 476.720851
6521284.exe, 0.08700000000000001, , 0.0025, , 472.425039
6521284.exe, 0.08716666666666667, , 0.0021666666666666666, , 474.980139
6521284.exe, 0.088, , 0.0023333333333333335, , 475.382958
6521284.exe, 0.08616666666666667, , 0.0021666666666666666, , 464.56805
6521284.exe, 0.08566666666666665, , 0.0021666666666666666, , 466.203035
6521284.exe, 0.08716666666666667, , 0.0021666666666666666, , 467.43125
8519892.exe, 0.08516666666666665, , 0.002, , 465.070016
8519892.exe, 0.08283333333333333, , 0.002, , 455.617819
8519892.exe, 0.08383333333333334, , 0.002, , 454.661505
8519892.exe, 0.08433333333333333, , 0.0021666666666666666, , 466.029758
8519892.exe, 0.08416666666666667, , 0.002, , 461.945907
8519892.exe, 0.08433333333333334, , 0.002, , 463.277003
8519892.exe, 0.08349999999999999, , 0.002, , 452.804129
8519892.exe, 0.08383333333333334, , 0.002, , 463.480651
8519892.exe, 0.0835, , 0.002, , 460.870827
8519892.exe, 0.08333333333333333, , 0.002, , 459.453435
