2307838.exe, 0.071, , 0.006, , 430.381354
2307838.exe, 0.07583333333333335, , 0.005833333333333333, , 376.39779
2307838.exe, 0.07600000000000001, , 0.005833333333333333, , 376.039801
2307838.exe, 0.07583333333333334, , 0.005833333333333333, , 375.769383
2307838.exe, 0.07483333333333334, , 0.005666666666666666, , 378.139344
2307838.exe, 0.075, , 0.005666666666666666, , 376.790208
2307838.exe, 0.07616666666666666, , 0.005666666666666666, , 376.717031
2307838.exe, 0.07583333333333334, , 0.005666666666666666, , 376.896214
2307838.exe, 0.07583333333333334, , 0.005666666666666666, , 375.518822
2307838.exe, 0.075, , 0.005666666666666666, , 374.389395
