1091584.exe, 0.09416666666666668, , 0.0028333333333333335, , 616.098436
1091584.exe, 0.09749999999999999, , 0.0028333333333333335, , 544.651867
1091584.exe, 0.09783333333333331, , 0.003, , 545.225095
1091584.exe, 0.09733333333333333, , 0.0026666666666666666, , 544.911716
1091584.exe, 0.098, , 0.0028333333333333335, , 544.702289
1091584.exe, 0.09683333333333334, , 0.0028333333333333335, , 565.155712
1091584.exe, 0.09666666666666668, , 0.0028333333333333335, , 547.780635
1091584.exe, 0.09816666666666668, , 0.0028333333333333335, , 544.986634
1091584.exe, 0.09783333333333331, , 0.0028333333333333335, , 545.407085
1091584.exe, 0.0975, , 0.0028333333333333335, , 543.136909
1680187.exe, 0.11166666666666666, , 0.003, , 562.85327
1680187.exe, 0.11266666666666666, , 0.0028333333333333335, , 562.797788
1680187.exe, 0.11233333333333334, , 0.0028333333333333335, , 563.453789
1680187.exe, 0.11333333333333331, , 0.0028333333333333335, , 563.432436
1680187.exe, 0.11183333333333331, , 0.003, , 567.157615
1680187.exe, 0.1125, , 0.0028333333333333335, , 563.142827
1680187.exe, 0.11266666666666666, , 0.003, , 561.883731
1680187.exe, 0.11183333333333331, , 0.0028333333333333335, , 562.593262
1680187.exe, 0.11200000000000002, , 0.003, , 562.90926
1680187.exe, 0.11133333333333333, , 0.0028333333333333335, , 563.247167
1723554.exe, 0.13016666666666665, , 0.0036666666666666666, , 668.381917
1723554.exe, 0.12999999999999998, , 0.0036666666666666666, , 668.642478
1723554.exe, 0.12983333333333333, , 0.0036666666666666666, , 667.450987
1723554.exe, 0.1295, , 0.0036666666666666666, , 667.782364
1723554.exe, 0.12933333333333333, , 0.0036666666666666666, , 669.392361
1723554.exe, 0.12816666666666665, , 0.0036666666666666666, , 667.647861
1723554.exe, 0.12899999999999998, , 0.0036666666666666666, , 667.165715
1723554.exe, 0.12849999999999998, , 0.0036666666666666666, , 667.71088
1723554.exe, 0.1295, , 0.0036666666666666666, , 668.331314
1723554.exe, 0.12983333333333333, , 0.0036666666666666666, , 668.745017
