1285040.exe, 0.2221666666666667, , 0.006666666666666667, , 1512.39808
1285040.exe, 0.22233333333333333, , 0.006500000000000001, , 1460.511657
1285040.exe, 0.22066666666666668, , 0.006500000000000001, , 1463.657417
1285040.exe, 0.21966666666666665, , 0.006500000000000001, , 1460.806963
1285040.exe, 0.2195, , 0.006500000000000001, , 1464.106141
1285040.exe, 0.2155, , 0.006500000000000001, , 1463.60437
1285040.exe, 0.22066666666666668, , 0.006500000000000001, , 1464.60231
1285040.exe, 0.2285, , 0.006500000000000001, , 1464.741528
1285040.exe, 0.22533333333333333, , 0.006500000000000001, , 1462.584377
1285040.exe, 0.222, , 0.006500000000000001, , 1464.321137
1369343.exe, 0.3206666666666667, , 0.007, , 1556.363583
1369343.exe, 0.31983333333333336, , 0.007, , 1561.016893
1369343.exe, 0.32399999999999995, , 0.007, , 1557.588772
1369343.exe, 0.3223333333333333, , 0.007, , 1554.383292
1369343.exe, 0.3216666666666666, , 0.007, , 1552.770638
1369343.exe, 0.32166666666666666, , 0.007, , 1551.098125
1369343.exe, 0.3215, , 0.007166666666666667, , 1562.500831
1369343.exe, 0.32099999999999995, , 0.007166666666666667, , 1561.822811
1369343.exe, 0.32216666666666666, , 0.007333333333333333, , 1567.022975
1369343.exe, 0.32300000000000006, , 0.007166666666666667, , 1562.419328
1591395.exe, 0.20183333333333334, , 0.005666666666666666, , 1338.435198
1591395.exe, 0.20016666666666666, , 0.005666666666666666, , 1337.373343
1591395.exe, 0.20216666666666666, , 0.005666666666666666, , 1336.279211
1591395.exe, 0.20149999999999998, , 0.005666666666666666, , 1338.364335
1591395.exe, 0.20066666666666666, , 0.005666666666666666, , 1338.306194
1591395.exe, 0.2013333333333333, , 0.005666666666666666, , 1339.169669
1591395.exe, 0.1996666666666667, , 0.005666666666666666, , 1338.654807
1591395.exe, 0.20083333333333334, , 0.005833333333333333, , 1338.003003
1591395.exe, 0.20033333333333334, , 0.005666666666666666, , 1337.65341
1591395.exe, 0.20083333333333334, , 0.005666666666666666, , 1337.958585
181251.exe, 0.20616666666666666, , 0.005666666666666666, , 1345.107414
181251.exe, 0.20299999999999999, , 0.005666666666666666, , 1343.951957
181251.exe, 0.20383333333333334, , 0.005666666666666666, , 1343.521092
181251.exe, 0.206, , 0.005666666666666666, , 1344.085024
181251.exe, 0.2063333333333333, , 0.005833333333333333, , 1344.775868
181251.exe, 0.20733333333333331, , 0.005666666666666666, , 1345.422319
181251.exe, 0.20800000000000002, , 0.005666666666666666, , 1345.066963
181251.exe, 0.207, , 0.005666666666666666, , 1343.100774
181251.exe, 0.20600000000000002, , 0.005666666666666666, , 1344.748448
181251.exe, 0.20516666666666666, , 0.005666666666666666, , 1345.604317
2042950.exe, 0.2595, , 0.0071666666666666675, , 1567.528183
2042950.exe, 0.259, , 0.007000000000000001, , 1566.442751
2042950.exe, 0.25849999999999995, , 0.007000000000000001, , 1562.306881
2042950.exe, 0.258, , 0.007000000000000001, , 1569.022757
2042950.exe, 0.25966666666666666, , 0.007333333333333332, , 1566.458611
2042950.exe, 0.2601666666666667, , 0.007000000000000001, , 1565.497199
2042950.exe, 0.2626666666666667, , 0.0071666666666666675, , 1567.522151
2042950.exe, 0.25966666666666666, , 0.0071666666666666675, , 1566.112708
2042950.exe, 0.258, , 0.007000000000000001, , 1566.157193
2042950.exe, 0.2573333333333333, , 0.007000000000000001, , 1564.462559
2048339.exe, 0.21966666666666665, , 0.006333333333333333, , 1397.279932
2048339.exe, 0.22149999999999997, , 0.006333333333333333, , 1395.534535
2048339.exe, 0.22133333333333333, , 0.006333333333333333, , 1397.264378
2048339.exe, 0.2196666666666667, , 0.006333333333333333, , 1397.243172
2048339.exe, 0.221, , 0.006333333333333333, , 1397.756129
2048339.exe, 0.222, , 0.006333333333333333, , 1397.433266
2048339.exe, 0.22166666666666668, , 0.006333333333333333, , 1397.147231
2048339.exe, 0.22366666666666662, , 0.006333333333333333, , 1395.775525
2048339.exe, 0.222, , 0.006333333333333333, , 1397.700168
2048339.exe, 0.22133333333333333, , 0.006333333333333333, , 1397.163265
2075294.exe, 0.2056666666666667, , 0.006, , 1279.260021
2075294.exe, 0.20600000000000002, , 0.006, , 1278.402307
2075294.exe, 0.20533333333333334, , 0.006, , 1278.377821
2075294.exe, 0.20516666666666664, , 0.006, , 1277.559569
2075294.exe, 0.20650000000000002, , 0.006, , 1279.978864
2075294.exe, 0.20683333333333334, , 0.006, , 1277.880744
2075294.exe, 0.20583333333333334, , 0.006, , 1278.326898
2075294.exe, 0.20416666666666666, , 0.006, , 1278.325259
2075294.exe, 0.20549999999999996, , 0.006, , 1277.610385
2075294.exe, 0.20366666666666663, , 0.006, , 1277.573031
2110646.exe, 0.21883333333333335, , 0.006500000000000001, , 1463.343451
2110646.exe, 0.2196666666666667, , 0.006500000000000001, , 1464.230465
2110646.exe, 0.21983333333333333, , 0.006666666666666667, , 1464.218638
2110646.exe, 0.22016666666666668, , 0.006500000000000001, , 1463.863753
2110646.exe, 0.21983333333333333, , 0.006666666666666667, , 1463.997165
2110646.exe, 0.21983333333333333, , 0.006500000000000001, , 1463.361404
2110646.exe, 0.22016666666666668, , 0.006500000000000001, , 1464.211386
2110646.exe, 0.22066666666666665, , 0.006500000000000001, , 1464.892409
2110646.exe, 0.22166666666666668, , 0.006500000000000001, , 1463.626791
2110646.exe, 0.22133333333333333, , 0.006500000000000001, , 1463.420252
2117851.exe, 0.26333333333333336, , 0.0055000000000000005, , 1270.109151
2117851.exe, 0.2615, , 0.0055000000000000005, , 1267.270202
2117851.exe, 0.2628333333333333, , 0.0055000000000000005, , 1269.588355
2117851.exe, 0.26316666666666666, , 0.0055000000000000005, , 1268.031296
2117851.exe, 0.2635, , 0.0055000000000000005, , 1270.118917
2117851.exe, 0.2623333333333333, , 0.0055000000000000005, , 1269.047106
2117851.exe, 0.26233333333333336, , 0.0055000000000000005, , 1268.270034
2117851.exe, 0.26283333333333336, , 0.0055000000000000005, , 1267.660527
2117851.exe, 0.2616666666666667, , 0.0055000000000000005, , 1268.190527
2117851.exe, 0.2625, , 0.0055000000000000005, , 1269.407877
2266288.exe, 0.11983333333333333, , 0.0031666666666666666, , 649.4966
2266288.exe, 0.1195, , 0.0031666666666666666, , 648.061212
2266288.exe, 0.11866666666666667, , 0.0031666666666666666, , 648.732115
2266288.exe, 0.119, , 0.0031666666666666666, , 651.008075
2266288.exe, 0.11933333333333333, , 0.0031666666666666666, , 649.186085
2266288.exe, 0.11966666666666666, , 0.0031666666666666666, , 649.610293
2266288.exe, 0.12033333333333333, , 0.0031666666666666666, , 649.763328
2266288.exe, 0.12066666666666667, , 0.0031666666666666666, , 648.584005
2266288.exe, 0.12050000000000001, , 0.0031666666666666666, , 647.52334
2266288.exe, 0.1215, , 0.0031666666666666666, , 649.886394
2275011.exe, 0.11900000000000001, , 0.0031666666666666666, , 689.247187
2275011.exe, 0.11766666666666666, , 0.0031666666666666666, , 689.751399
2275011.exe, 0.11800000000000001, , 0.0030000000000000005, , 689.416817
2275011.exe, 0.11916666666666666, , 0.0031666666666666666, , 689.773074
2275011.exe, 0.11883333333333333, , 0.0031666666666666666, , 690.234012
2275011.exe, 0.11733333333333335, , 0.0030000000000000005, , 691.426513
2275011.exe, 0.11783333333333333, , 0.0031666666666666666, , 690.928814
2275011.exe, 0.11883333333333332, , 0.0031666666666666666, , 690.273556
2275011.exe, 0.11883333333333332, , 0.0033333333333333335, , 689.395074
2275011.exe, 0.1195, , 0.0031666666666666666, , 690.196009
232022.exe, 0.1465, , 0.0028333333333333335, , 724.019408
232022.exe, 0.14483333333333331, , 0.0028333333333333335, , 723.609995
232022.exe, 0.14600000000000002, , 0.0028333333333333335, , 722.546983
232022.exe, 0.14650000000000002, , 0.0028333333333333335, , 723.246169
232022.exe, 0.1475, , 0.003, , 724.082529
232022.exe, 0.14650000000000002, , 0.0030000000000000005, , 722.989984
232022.exe, 0.1465, , 0.003166666666666667, , 723.291917
232022.exe, 0.147, , 0.0028333333333333335, , 723.40767
232022.exe, 0.14666666666666667, , 0.003, , 723.610826
232022.exe, 0.14716666666666667, , 0.0030000000000000005, , 725.52828
2361679.exe, 0.20233333333333334, , 0.005666666666666666, , 1335.619928
2361679.exe, 0.2025, , 0.005666666666666666, , 1334.162464
2361679.exe, 0.2016666666666667, , 0.005666666666666666, , 1335.034906
2361679.exe, 0.20233333333333334, , 0.005666666666666666, , 1333.30039
2361679.exe, 0.2101666666666667, , 0.006, , 1339.011237
2361679.exe, 0.202, , 0.005833333333333333, , 1336.320692
2361679.exe, 0.20366666666666663, , 0.005833333333333333, , 1337.583341
2361679.exe, 0.21100000000000002, , 0.005833333333333333, , 1342.072633
2361679.exe, 0.222, , 0.009500000000000001, , 1361.018916
2361679.exe, 0.225, , 0.010166666666666668, , 1362.013496
2383883.exe, 0.277, , 0.011500000000000002, , 1651.543093
2383883.exe, 0.2685, , 0.0105, , 1640.808566
2383883.exe, 0.26516666666666666, , 0.009166666666666667, , 1633.890804
2383883.exe, 0.26066666666666666, , 0.008, , 1625.877249
2383883.exe, 0.2518333333333333, , 0.007499999999999999, , 1620.00522
2383883.exe, 0.25299999999999995, , 0.007499999999999999, , 1621.59106
2383883.exe, 0.25416666666666665, , 0.007499999999999999, , 1617.433731
2383883.exe, 0.255, , 0.007499999999999999, , 1621.920008
2383883.exe, 0.25566666666666665, , 0.007499999999999999, , 1621.432373
2383883.exe, 0.2541666666666667, , 0.007666666666666666, , 1620.004699
2434254.exe, 0.40549999999999997, , 0.011000000000000001, , 2626.819714
2434254.exe, 0.40516666666666673, , 0.011000000000000001, , 2628.609458
2434254.exe, 0.40516666666666673, , 0.011166666666666667, , 2629.313176
2434254.exe, 0.4046666666666667, , 0.011000000000000001, , 2628.648511
2434254.exe, 0.4116666666666667, , 0.011000000000000001, , 2637.347749
2434254.exe, 0.40216666666666673, , 0.011000000000000001, , 2628.272463
2434254.exe, 0.4035, , 0.011000000000000001, , 2628.204943
2434254.exe, 0.40566666666666673, , 0.011166666666666667, , 2629.293527
2434254.exe, 0.4033333333333333, , 0.011000000000000001, , 2628.659392
2434254.exe, 0.4053333333333333, , 0.011000000000000001, , 2628.737605
2560483.exe, 0.21416666666666664, , 0.006166666666666667, , 1253.273267
2560483.exe, 0.21383333333333335, , 0.006166666666666667, , 1250.495561
2560483.exe, 0.21333333333333335, , 0.006166666666666667, , 1251.927645
2560483.exe, 0.2116666666666667, , 0.006, , 1251.445045
2560483.exe, 0.21499999999999997, , 0.006, , 1251.513146
2560483.exe, 0.2165, , 0.006166666666666667, , 1250.846277
2560483.exe, 0.21483333333333335, , 0.006166666666666667, , 1251.180783
2560483.exe, 0.21483333333333335, , 0.006, , 1250.867481
2560483.exe, 0.21600000000000003, , 0.006166666666666667, , 1251.547293
2560483.exe, 0.21416666666666667, , 0.006, , 1249.367609
2590789.exe, 0.11416666666666667, , 0.0023333333333333335, , 580.397441
2590789.exe, 0.11383333333333333, , 0.0023333333333333335, , 579.276427
2590789.exe, 0.11433333333333333, , 0.0023333333333333335, , 579.56097
2590789.exe, 0.12149999999999998, , 0.0025000000000000005, , 585.749831
2590789.exe, 0.11416666666666667, , 0.0023333333333333335, , 580.104429
2590789.exe, 0.115, , 0.0023333333333333335, , 580.875064
2590789.exe, 0.11466666666666667, , 0.0023333333333333335, , 580.153356
2590789.exe, 0.11466666666666667, , 0.0023333333333333335, , 581.185985
2590789.exe, 0.114, , 0.0023333333333333335, , 579.969829
2590789.exe, 0.1145, , 0.0023333333333333335, , 580.550079
