1782229.exe, 0.207, , 0.005666666666666666, , 1353.896703
1782229.exe, 0.21066666666666667, , 0.005666666666666666, , 1340.02069
1782229.exe, 0.2125, , 0.005666666666666666, , 1345.71723
1782229.exe, 0.20983333333333334, , 0.005666666666666666, , 1343.829428
1782229.exe, 0.20933333333333334, , 0.005666666666666666, , 1343.16502
1782229.exe, 0.2071666666666667, , 0.005666666666666666, , 1339.746807
1782229.exe, 0.20900000000000002, , 0.005666666666666666, , 1339.147002
1782229.exe, 0.21033333333333334, , 0.005666666666666666, , 1341.008629
1782229.exe, 0.21266666666666667, , 0.005666666666666666, , 1340.450202
1782229.exe, 0.21483333333333335, , 0.005666666666666666, , 1341.228869
2045625.exe, 0.24283333333333335, , 0.007333333333333333, , 1502.759212
2045625.exe, 0.2415, , 0.007333333333333333, , 1504.764648
2045625.exe, 0.24033333333333334, , 0.007333333333333333, , 1503.479651
2045625.exe, 0.24183333333333337, , 0.007333333333333333, , 1504.872614
2045625.exe, 0.24100000000000002, , 0.007333333333333333, , 1504.532067
2045625.exe, 0.23966666666666664, , 0.007000000000000001, , 1503.148034
2045625.exe, 0.24100000000000002, , 0.007333333333333333, , 1502.103871
2045625.exe, 0.23983333333333334, , 0.007333333333333333, , 1503.259887
2045625.exe, 0.23916666666666667, , 0.007166666666666667, , 1502.401831
2045625.exe, 0.24183333333333332, , 0.007333333333333333, , 1502.307736
2358242.exe, 0.3368333333333334, , 0.007666666666666667, , 1737.712902
2358242.exe, 0.33716666666666667, , 0.007833333333333335, , 1738.616376
2358242.exe, 0.33816666666666667, , 0.008, , 1749.36264
2358242.exe, 0.33566666666666667, , 0.007833333333333335, , 1739.222742
2358242.exe, 0.3341666666666666, , 0.007833333333333335, , 1737.218894
2358242.exe, 0.3360000000000001, , 0.008, , 1746.757535
2358242.exe, 0.3378333333333333, , 0.008, , 1741.038771
2358242.exe, 0.33916666666666667, , 0.008, , 1745.844625
2358242.exe, 0.33999999999999997, , 0.008, , 1749.494144
2358242.exe, 0.33999999999999997, , 0.008, , 1744.750551
2468821.exe, 0.22, , 0.006500000000000001, , 1466.100449
2468821.exe, 0.219, , 0.006500000000000001, , 1463.800371
2468821.exe, 0.21966666666666662, , 0.006500000000000001, , 1462.397889
2468821.exe, 0.21916666666666668, , 0.006500000000000001, , 1463.857523
2468821.exe, 0.2195, , 0.006500000000000001, , 1463.824574
2468821.exe, 0.21916666666666668, , 0.006500000000000001, , 1462.896236
2468821.exe, 0.2195, , 0.006500000000000001, , 1463.016734
2468821.exe, 0.21966666666666665, , 0.006500000000000001, , 1466.161725
2468821.exe, 0.22000000000000003, , 0.006500000000000001, , 1465.017191
2468821.exe, 0.22016666666666665, , 0.006500000000000001, , 1464.216402
2468926.exe, 0.216, , 0.005833333333333333, , 1365.879129
2468926.exe, 0.2165, , 0.005833333333333333, , 1365.19591
2468926.exe, 0.21683333333333335, , 0.005666666666666666, , 1365.884287
2468926.exe, 0.21350000000000005, , 0.005666666666666666, , 1366.001232
2468926.exe, 0.21416666666666667, , 0.006, , 1366.109314
2468926.exe, 0.21616666666666665, , 0.006, , 1366.706701
2468926.exe, 0.2141666666666667, , 0.005833333333333333, , 1365.420408
2468926.exe, 0.2145, , 0.006, , 1366.415344
2468926.exe, 0.21733333333333335, , 0.005666666666666666, , 1365.939688
2468926.exe, 0.21666666666666667, , 0.005833333333333333, , 1364.852686
