1070657.exe, 0.15799999999999997, , 0.010833333333333334, , 826.855939
1070657.exe, 0.16, , 0.010833333333333334, , 804.654163
1070657.exe, 0.158, , 0.010833333333333334, , 804.5097
1070657.exe, 0.15949999999999998, , 0.010666666666666666, , 805.418818
1070657.exe, 0.1575, , 0.010833333333333334, , 803.966678
1070657.exe, 0.15633333333333335, , 0.010833333333333334, , 801.396301
1070657.exe, 0.15666666666666668, , 0.010833333333333334, , 802.062181
1070657.exe, 0.15866666666666665, , 0.010833333333333334, , 804.493029
1070657.exe, 0.158, , 0.010666666666666666, , 803.037287
1070657.exe, 0.15916666666666665, , 0.010666666666666666, , 803.460284
1096416.exe, 0.16016666666666665, , 0.010666666666666666, , 805.713385
1096416.exe, 0.1593333333333333, , 0.0105, , 806.17833
1096416.exe, 0.16216666666666668, , 0.011000000000000001, , 809.219331
1096416.exe, 0.15866666666666665, , 0.0105, , 804.614891
1096416.exe, 0.15916666666666665, , 0.010833333333333334, , 805.15201
1096416.exe, 0.15866666666666665, , 0.010833333333333334, , 806.311007
1096416.exe, 0.15766666666666665, , 0.010833333333333334, , 806.37424
1096416.exe, 0.15983333333333333, , 0.010666666666666666, , 805.635391
1096416.exe, 0.15833333333333333, , 0.010666666666666666, , 804.423324
1096416.exe, 0.158, , 0.010833333333333334, , 805.483716
1293444.exe, 0.13316666666666666, , 0.003666666666666667, , 688.969182
1293444.exe, 0.13333333333333333, , 0.0035000000000000005, , 687.942265
1293444.exe, 0.13366666666666666, , 0.0033333333333333335, , 687.6565
1293444.exe, 0.13383333333333333, , 0.003666666666666667, , 688.413179
1293444.exe, 0.13399999999999998, , 0.0035000000000000005, , 689.527593
1293444.exe, 0.13433333333333333, , 0.0035000000000000005, , 688.422009
1293444.exe, 0.13383333333333333, , 0.0038333333333333336, , 688.968253
1293444.exe, 0.13383333333333333, , 0.003666666666666667, , 688.939694
1293444.exe, 0.13483333333333333, , 0.0038333333333333336, , 688.817193
1293444.exe, 0.13316666666666668, , 0.003166666666666667, , 687.911943
1458177.exe, 0.14366666666666666, , 0.010333333333333333, , 721.138661
1458177.exe, 0.14433333333333334, , 0.010166666666666666, , 720.849746
1458177.exe, 0.1436666666666667, , 0.01, , 719.520059
1458177.exe, 0.14466666666666667, , 0.01, , 721.533052
1458177.exe, 0.14433333333333334, , 0.010833333333333334, , 723.230624
1458177.exe, 0.14400000000000002, , 0.010166666666666666, , 719.609828
1458177.exe, 0.14433333333333334, , 0.010166666666666666, , 720.926525
1458177.exe, 0.1445, , 0.010166666666666666, , 721.48522
1458177.exe, 0.14333333333333334, , 0.010166666666666666, , 720.448996
1458177.exe, 0.14383333333333334, , 0.01, , 720.160047
1562200.exe, 0.1436666666666667, , 0.01, , 725.650676
1562200.exe, 0.14333333333333334, , 0.01, , 722.032895
1562200.exe, 0.14333333333333337, , 0.01, , 722.189126
1562200.exe, 0.14383333333333334, , 0.01, , 722.679518
1562200.exe, 0.1436666666666667, , 0.01, , 722.821285
1562200.exe, 0.14550000000000002, , 0.010166666666666666, , 723.691441
1562200.exe, 0.14433333333333334, , 0.01, , 722.562404
1562200.exe, 0.1445, , 0.01, , 722.976999
1562200.exe, 0.14400000000000002, , 0.010166666666666666, , 724.029604
1562200.exe, 0.1436666666666667, , 0.009833333333333333, , 722.68561
1623325.exe, 0.40566666666666673, , 0.026833333333333334, , 2121.885484
1623325.exe, 0.4048333333333333, , 0.027000000000000003, , 2122.322042
1623325.exe, 0.4045, , 0.027000000000000003, , 2119.714122
1623325.exe, 0.4035, , 0.027000000000000003, , 2118.550267
1623325.exe, 0.40466666666666656, , 0.026833333333333334, , 2120.325378
1623325.exe, 0.40566666666666673, , 0.026833333333333334, , 2119.785518
1623325.exe, 0.40733333333333327, , 0.027000000000000003, , 2122.124863
1623325.exe, 0.404, , 0.026833333333333334, , 2118.84113
1623325.exe, 0.4058333333333333, , 0.026833333333333334, , 2118.899614
1623325.exe, 0.40700000000000003, , 0.026833333333333334, , 2119.784734
1626177.exe, 0.13066666666666665, , 0.0035000000000000005, , 656.55397
1626177.exe, 0.12916666666666668, , 0.0031666666666666666, , 656.552503
1626177.exe, 0.12950000000000003, , 0.0031666666666666666, , 655.135864
1626177.exe, 0.13, , 0.0031666666666666666, , 655.548985
1626177.exe, 0.13016666666666668, , 0.0033333333333333335, , 658.522422
1626177.exe, 0.129, , 0.003666666666666667, , 656.425788
1626177.exe, 0.12883333333333333, , 0.0033333333333333335, , 655.052314
1626177.exe, 0.13066666666666665, , 0.0031666666666666666, , 656.701669
1626177.exe, 0.129, , 0.003, , 656.377256
1626177.exe, 0.12883333333333333, , 0.003, , 654.958678
1628906.exe, 0.17333333333333334, , 0.011833333333333333, , 879.759365
1628906.exe, 0.1743333333333333, , 0.011833333333333333, , 882.774754
1628906.exe, 0.1745, , 0.011833333333333333, , 880.304591
1628906.exe, 0.17450000000000002, , 0.011833333333333333, , 878.548313
1628906.exe, 0.17516666666666666, , 0.011833333333333333, , 879.143842
1628906.exe, 0.17400000000000002, , 0.011833333333333333, , 878.746445
1628906.exe, 0.17450000000000002, , 0.011833333333333333, , 877.016045
1628906.exe, 0.1743333333333333, , 0.011833333333333333, , 880.700372
1628906.exe, 0.17483333333333334, , 0.011833333333333333, , 879.169204
1628906.exe, 0.1748333333333333, , 0.011833333333333333, , 880.198158
1759010.exe, 0.16866666666666666, , 0.004, , 808.405803
1759010.exe, 0.16849999999999998, , 0.004, , 809.565036
1759010.exe, 0.16816666666666666, , 0.004, , 808.647358
1759010.exe, 0.16816666666666666, , 0.004166666666666667, , 810.612917
1759010.exe, 0.1688333333333333, , 0.004, , 810.701748
1759010.exe, 0.168, , 0.004, , 809.653089
1759010.exe, 0.1688333333333333, , 0.004166666666666667, , 809.358235
1759010.exe, 0.16816666666666666, , 0.004166666666666667, , 809.799746
1759010.exe, 0.1688333333333333, , 0.004166666666666667, , 809.978772
1759010.exe, 0.16833333333333333, , 0.004, , 808.88595
2014050.exe, 0.15150000000000002, , 0.0105, , 773.769521
2014050.exe, 0.15166666666666667, , 0.010666666666666666, , 773.043808
2014050.exe, 0.15050000000000002, , 0.010666666666666666, , 773.925255
2014050.exe, 0.151, , 0.010833333333333334, , 772.814463
2014050.exe, 0.15116666666666667, , 0.0105, , 770.980507
2014050.exe, 0.15083333333333332, , 0.010666666666666666, , 772.53139
2014050.exe, 0.15033333333333332, , 0.010333333333333333, , 771.656252
2014050.exe, 0.15066666666666664, , 0.010666666666666666, , 772.470848
2014050.exe, 0.15183333333333335, , 0.010666666666666666, , 772.534657
2014050.exe, 0.15216666666666667, , 0.010666666666666666, , 773.609398
2134955.exe, 0.40399999999999997, , 0.026833333333333334, , 2119.441637
2134955.exe, 0.4035, , 0.026833333333333334, , 2120.723334
2134955.exe, 0.4038333333333333, , 0.027000000000000003, , 2120.966832
2134955.exe, 0.4016666666666666, , 0.026833333333333334, , 2121.211578
2134955.exe, 0.40249999999999997, , 0.027000000000000003, , 2122.521996
2134955.exe, 0.404, , 0.02716666666666667, , 2123.902109
2134955.exe, 0.4031666666666666, , 0.026833333333333334, , 2121.559068
2134955.exe, 0.40249999999999997, , 0.027000000000000003, , 2119.042345
2134955.exe, 0.40399999999999997, , 0.026833333333333334, , 2120.259924
2134955.exe, 0.40449999999999997, , 0.027000000000000003, , 2121.515867
2199340.exe, 0.041166666666666664, , 0.0015, , 195.235667
2199340.exe, 0.041166666666666664, , 0.0013333333333333333, , 197.548431
2199340.exe, 0.04083333333333334, , 0.0013333333333333333, , 194.271792
2199340.exe, 0.04183333333333333, , 0.0015, , 193.414625
2199340.exe, 0.04216666666666667, , 0.0013333333333333333, , 194.30317
2199340.exe, 0.0405, , 0.0011666666666666665, , 194.687387
2199340.exe, 0.041666666666666664, , 0.0011666666666666665, , 194.015222
2199340.exe, 0.04216666666666667, , 0.0015000000000000002, , 194.043456
2199340.exe, 0.0415, , 0.0015000000000000002, , 192.239223
2199340.exe, 0.04033333333333333, , 0.0015000000000000002, , 197.929801
2230392.exe, 0.157, , 0.003666666666666667, , 764.999393
2230392.exe, 0.157, , 0.0038333333333333336, , 764.894881
2230392.exe, 0.15616666666666665, , 0.003666666666666667, , 764.649512
2230392.exe, 0.15683333333333332, , 0.003666666666666667, , 765.262554
2230392.exe, 0.15716666666666665, , 0.003666666666666667, , 765.239695
2230392.exe, 0.15666666666666668, , 0.003666666666666667, , 764.094038
2230392.exe, 0.15683333333333332, , 0.003666666666666667, , 763.435581
2230392.exe, 0.15766666666666668, , 0.003666666666666667, , 763.612593
2230392.exe, 0.156, , 0.003666666666666667, , 764.35885
2230392.exe, 0.15616666666666665, , 0.003666666666666667, , 764.54773
2231894.exe, 0.188, , 0.011500000000000002, , 965.785896
2231894.exe, 0.18866666666666668, , 0.011333333333333334, , 967.699507
2231894.exe, 0.18866666666666668, , 0.011500000000000002, , 968.710285
2231894.exe, 0.18933333333333333, , 0.011500000000000002, , 969.862022
2231894.exe, 0.19, , 0.011666666666666667, , 968.884677
2231894.exe, 0.18916666666666665, , 0.011500000000000002, , 967.796425
2231894.exe, 0.18933333333333335, , 0.011666666666666667, , 971.347733
2231894.exe, 0.189, , 0.011666666666666667, , 969.102178
2231894.exe, 0.18783333333333332, , 0.011500000000000002, , 968.254253
2231894.exe, 0.18816666666666668, , 0.011333333333333334, , 968.312914
2233044.exe, 0.47333333333333333, , 0.05216666666666667, , 2497.75588
2233044.exe, 0.4706666666666666, , 0.051833333333333335, , 2491.94238
2233044.exe, 0.47550000000000003, , 0.05216666666666667, , 2507.779563
2233044.exe, 0.47266666666666673, , 0.05233333333333333, , 2512.474401
2233044.exe, 0.4676666666666666, , 0.0515, , 2486.026886
2233044.exe, 0.4705, , 0.05166666666666666, , 2490.828299
2233044.exe, 0.4711666666666667, , 0.052000000000000005, , 2499.496662
2233044.exe, 0.4831666666666667, , 0.0525, , 2500.899455
2233044.exe, 0.4893333333333334, , 0.0525, , 2507.282839
2233044.exe, 0.5813333333333334, , 0.06483333333333334, , 2928.817705
2258515.exe, 0.20299999999999999, , 0.015500000000000003, , 958.231238
2258515.exe, 0.2, , 0.015166666666666669, , 944.501086
2258515.exe, 0.19466666666666665, , 0.014166666666666668, , 926.228142
2258515.exe, 0.19066666666666668, , 0.013666666666666667, , 910.003863
2258515.exe, 0.18733333333333338, , 0.012833333333333334, , 884.081635
2258515.exe, 0.18183333333333335, , 0.011833333333333335, , 864.472508
2258515.exe, 0.18150000000000002, , 0.011666666666666667, , 864.847555
2258515.exe, 0.17633333333333334, , 0.010666666666666666, , 848.863768
2258515.exe, 0.17700000000000002, , 0.010833333333333334, , 853.471024
2258515.exe, 0.17383333333333334, , 0.010666666666666666, , 859.076904
2378596.exe, 0.15933333333333335, , 0.010666666666666666, , 815.446293
2378596.exe, 0.16, , 0.010666666666666666, , 816.016284
2378596.exe, 0.15966666666666665, , 0.010666666666666666, , 813.419693
2378596.exe, 0.16166666666666665, , 0.010833333333333334, , 817.437854
2378596.exe, 0.16049999999999998, , 0.010666666666666666, , 815.396118
2378596.exe, 0.16099999999999998, , 0.010833333333333334, , 818.448381
2378596.exe, 0.15916666666666668, , 0.010666666666666666, , 814.200073
2378596.exe, 0.1585, , 0.010666666666666666, , 814.503342
2378596.exe, 0.15766666666666665, , 0.010666666666666666, , 813.960225
2378596.exe, 0.15949999999999998, , 0.010666666666666666, , 816.044581
244450.exe, 0.10583333333333336, , 0.0028333333333333335, , 509.742839
244450.exe, 0.10466666666666667, , 0.0028333333333333335, , 508.378233
244450.exe, 0.10533333333333335, , 0.0028333333333333335, , 509.832765
244450.exe, 0.10533333333333333, , 0.0028333333333333335, , 509.515417
244450.exe, 0.10550000000000001, , 0.0028333333333333335, , 509.484071
244450.exe, 0.10533333333333333, , 0.0028333333333333335, , 509.349211
244450.exe, 0.10616666666666666, , 0.0026666666666666666, , 510.702764
244450.exe, 0.1055, , 0.0028333333333333335, , 509.579821
244450.exe, 0.10466666666666666, , 0.0028333333333333335, , 509.079565
244450.exe, 0.10433333333333333, , 0.0028333333333333335, , 508.938098
