1184356.exe, 0.3206666666666667, , 0.011833333333333333, , 1629.868982
1184356.exe, 0.32366666666666666, , 0.011666666666666665, , 1609.124675
1184356.exe, 0.32216666666666666, , 0.011666666666666665, , 1605.342834
1184356.exe, 0.3215, , 0.011666666666666665, , 1605.847404
1184356.exe, 0.32016666666666665, , 0.011666666666666665, , 1605.917102
1184356.exe, 0.32266666666666666, , 0.011666666666666665, , 1605.567634
1184356.exe, 0.322, , 0.0115, , 1609.502894
1184356.exe, 0.32466666666666666, , 0.011666666666666665, , 1610.210563
1184356.exe, 0.32283333333333336, , 0.011666666666666665, , 1609.049756
1184356.exe, 0.3218333333333333, , 0.011666666666666665, , 1610.567581
