1191212.exe, 0.14166666666666666, , 0.006333333333333333, , 810.420617
1191212.exe, 0.14483333333333331, , 0.006333333333333333, , 753.638268
1191212.exe, 0.145, , 0.006333333333333333, , 751.868107
1191212.exe, 0.14416666666666664, , 0.006333333333333333, , 752.624248
1191212.exe, 0.14466666666666667, , 0.006333333333333333, , 752.214883
1191212.exe, 0.14466666666666667, , 0.006333333333333333, , 751.747152
1191212.exe, 0.14449999999999996, , 0.006333333333333333, , 751.322634
1191212.exe, 0.14433333333333334, , 0.006333333333333333, , 751.232834
1191212.exe, 0.14366666666666666, , 0.006333333333333333, , 752.18502
1191212.exe, 0.1438333333333333, , 0.006333333333333333, , 750.781557
