1149166.exe, 0.04983333333333333, , 0.0016666666666666666, , 291.005624
1149166.exe, 0.045833333333333344, , 0.0015, , 267.535408
1149166.exe, 0.0465, , 0.0015, , 262.356999
1149166.exe, 0.04666666666666667, , 0.0015, , 262.696161
1149166.exe, 0.04683333333333333, , 0.0015, , 261.778148
1149166.exe, 0.04683333333333333, , 0.0015, , 260.307302
1149166.exe, 0.04433333333333333, , 0.0015, , 271.199685
1149166.exe, 0.046000000000000006, , 0.0015, , 288.314538
1149166.exe, 0.0455, , 0.0015, , 267.30041
1149166.exe, 0.04816666666666667, , 0.0015, , 256.699119
1659823.exe, 0.07333333333333332, , 0.002, , 369.584391
1659823.exe, 0.06966666666666667, , 0.002, , 379.568261
1659823.exe, 0.07133333333333332, , 0.002, , 373.890864
1659823.exe, 0.07016666666666667, , 0.002, , 372.440407
1659823.exe, 0.071, , 0.002, , 370.888158
1659823.exe, 0.07099999999999998, , 0.002, , 370.331102
1659823.exe, 0.07216666666666666, , 0.002, , 376.14498
1659823.exe, 0.07216666666666666, , 0.002, , 365.258433
1659823.exe, 0.07183333333333333, , 0.002, , 378.474284
1659823.exe, 0.07099999999999998, , 0.002, , 371.786594
1716934.exe, 0.07433333333333332, , 0.002, , 378.607604
1716934.exe, 0.07449999999999998, , 0.002, , 381.870393
1716934.exe, 0.072, , 0.0021666666666666666, , 391.764825
1716934.exe, 0.07216666666666666, , 0.002, , 376.440405
1716934.exe, 0.07483333333333332, , 0.002, , 377.862416
1716934.exe, 0.0725, , 0.002, , 368.008197
1716934.exe, 0.0725, , 0.002, , 368.876066
1716934.exe, 0.07283333333333332, , 0.002, , 368.400041
1716934.exe, 0.07316666666666666, , 0.002, , 368.38695
1716934.exe, 0.07149999999999998, , 0.002, , 378.375507
1793587.exe, 0.07066666666666667, , 0.002, , 366.651444
1793587.exe, 0.07183333333333333, , 0.002, , 363.334457
1793587.exe, 0.07083333333333333, , 0.002, , 361.938104
1793587.exe, 0.07083333333333332, , 0.002, , 375.488289
1793587.exe, 0.07033333333333334, , 0.002, , 367.850034
1793587.exe, 0.06933333333333333, , 0.002, , 363.640204
1793587.exe, 0.0705, , 0.002, , 362.965515
1793587.exe, 0.07066666666666667, , 0.002, , 366.26757
1793587.exe, 0.07033333333333333, , 0.002, , 364.49456
1793587.exe, 0.06933333333333332, , 0.002, , 373.637014
1995279.exe, 0.04566666666666666, , 0.0013333333333333333, , 249.595914
1995279.exe, 0.04533333333333333, , 0.0015, , 253.341083
1995279.exe, 0.04666666666666667, , 0.0013333333333333333, , 249.853983
1995279.exe, 0.04533333333333333, , 0.0015, , 252.391052
1995279.exe, 0.0465, , 0.0013333333333333333, , 249.762288
1995279.exe, 0.04233333333333334, , 0.0015, , 269.267953
1995279.exe, 0.04433333333333333, , 0.0016666666666666666, , 255.487155
1995279.exe, 0.04616666666666667, , 0.0013333333333333333, , 252.874443
1995279.exe, 0.04666666666666667, , 0.0013333333333333333, , 247.905351
1995279.exe, 0.043, , 0.0015, , 264.145041
2012602.exe, 0.12466666666666668, , 0.002833333333333333, , 587.386882
2012602.exe, 0.12416666666666666, , 0.002833333333333333, , 588.123216
2012602.exe, 0.12450000000000001, , 0.002833333333333333, , 587.748839
2012602.exe, 0.12433333333333334, , 0.002833333333333333, , 588.074124
2012602.exe, 0.12500000000000003, , 0.002833333333333333, , 589.613104
2012602.exe, 0.12483333333333334, , 0.002833333333333333, , 587.508546
2012602.exe, 0.12433333333333334, , 0.002833333333333333, , 587.713982
2012602.exe, 0.12399999999999999, , 0.002833333333333333, , 589.657926
2012602.exe, 0.1245, , 0.002833333333333333, , 588.469266
2012602.exe, 0.1245, , 0.002833333333333333, , 589.902974
2099466.exe, 0.11883333333333335, , 0.0026666666666666666, , 560.234598
2099466.exe, 0.11933333333333333, , 0.002833333333333333, , 561.089575
2099466.exe, 0.12000000000000001, , 0.002833333333333333, , 560.756095
2099466.exe, 0.12000000000000001, , 0.002833333333333333, , 564.72668
2099466.exe, 0.11883333333333333, , 0.0026666666666666666, , 567.649947
2099466.exe, 0.1205, , 0.002833333333333333, , 566.354442
2099466.exe, 0.11916666666666667, , 0.002833333333333333, , 563.458877
2099466.exe, 0.11916666666666667, , 0.0026666666666666666, , 571.49353
2099466.exe, 0.11883333333333332, , 0.0026666666666666666, , 567.07539
2099466.exe, 0.11833333333333335, , 0.002833333333333333, , 565.91895
2230190.exe, 0.31733333333333336, , 0.019000000000000003, , 1790.658125
2230190.exe, 0.32, , 0.01916666666666667, , 1819.08238
2230190.exe, 0.318, , 0.019000000000000003, , 1792.301013
2230190.exe, 0.3186666666666667, , 0.018833333333333334, , 1830.636447
2230190.exe, 0.31766666666666665, , 0.018833333333333334, , 1798.102617
2230190.exe, 0.3246666666666666, , 0.01916666666666667, , 1847.04319
2230190.exe, 0.31466666666666665, , 0.018666666666666668, , 1786.571575
2230190.exe, 0.3176666666666666, , 0.018833333333333334, , 1800.936614
2230190.exe, 0.3225, , 0.018833333333333334, , 1817.132383
2230190.exe, 0.3238333333333333, , 0.018833333333333334, , 1812.436097
232374.exe, 0.05533333333333334, , 0.0016666666666666666, , 289.379689
232374.exe, 0.055000000000000014, , 0.001833333333333333, , 292.171363
232374.exe, 0.053500000000000006, , 0.0016666666666666666, , 299.526128
232374.exe, 0.056666666666666664, , 0.001833333333333333, , 287.514268
232374.exe, 0.05566666666666666, , 0.001833333333333333, , 291.705509
232374.exe, 0.055333333333333345, , 0.0016666666666666666, , 292.593961
232374.exe, 0.0565, , 0.0016666666666666666, , 286.671657
232374.exe, 0.0565, , 0.0015, , 288.386556
232374.exe, 0.056499999999999995, , 0.001833333333333333, , 287.863062
232374.exe, 0.05466666666666666, , 0.0015, , 292.159664
2353585.exe, 0.163, , 0.008, , 884.904834
2353585.exe, 0.16433333333333333, , 0.007833333333333333, , 874.29322
2353585.exe, 0.16333333333333339, , 0.007666666666666666, , 873.509936
2353585.exe, 0.1625, , 0.007833333333333333, , 879.399456
2353585.exe, 0.15883333333333338, , 0.007833333333333333, , 882.295005
2353585.exe, 0.1605, , 0.007833333333333333, , 879.451501
2353585.exe, 0.16016666666666668, , 0.007833333333333333, , 876.288307
2353585.exe, 0.16250000000000003, , 0.007666666666666666, , 874.721634
2353585.exe, 0.15983333333333336, , 0.007833333333333333, , 890.258942
2353585.exe, 0.16166666666666668, , 0.007833333333333333, , 877.280072
2430690.exe, 0.20350000000000001, , 0.007666666666666667, , 1044.252232
2430690.exe, 0.2005, , 0.007666666666666667, , 1042.227458
2430690.exe, 0.20283333333333334, , 0.007833333333333335, , 1043.050262
2430690.exe, 0.20283333333333334, , 0.007666666666666667, , 1040.089511
2430690.exe, 0.19949999999999998, , 0.007500000000000001, , 1027.006418
2430690.exe, 0.20216666666666666, , 0.007833333333333335, , 1043.420056
2430690.exe, 0.2021666666666667, , 0.007666666666666667, , 1030.386274
2430690.exe, 0.20083333333333334, , 0.007666666666666667, , 1034.845888
2430690.exe, 0.19816666666666669, , 0.007666666666666667, , 1023.03736
2430690.exe, 0.20000000000000004, , 0.007833333333333335, , 1044.655325
2545079.exe, 0.238, , 0.012333333333333335, , 1320.188255
2545079.exe, 0.23966666666666667, , 0.012000000000000002, , 1317.073834
2545079.exe, 0.23933333333333331, , 0.012166666666666668, , 1324.841553
2545079.exe, 0.23349999999999996, , 0.012166666666666668, , 1330.133169
2545079.exe, 0.23816666666666667, , 0.012000000000000002, , 1321.863639
2545079.exe, 0.23850000000000002, , 0.012000000000000002, , 1314.46217
2545079.exe, 0.23933333333333331, , 0.012166666666666668, , 1323.313708
2545079.exe, 0.23850000000000002, , 0.012166666666666668, , 1315.092897
2545079.exe, 0.24166666666666664, , 0.012000000000000002, , 1320.401199
2545079.exe, 0.24033333333333334, , 0.012166666666666668, , 1315.222306
2745668.exe, 0.12816666666666665, , 0.002833333333333333, , 602.551437
2745668.exe, 0.12833333333333333, , 0.002833333333333333, , 602.508686
2745668.exe, 0.12833333333333335, , 0.002833333333333333, , 602.376226
2745668.exe, 0.12849999999999998, , 0.002833333333333333, , 606.035015
2745668.exe, 0.12883333333333333, , 0.002833333333333333, , 603.563153
2745668.exe, 0.12966666666666665, , 0.002833333333333333, , 605.707312
2745668.exe, 0.12733333333333335, , 0.002833333333333333, , 617.84644
2745668.exe, 0.12899999999999998, , 0.002833333333333333, , 606.24246
2745668.exe, 0.12783333333333333, , 0.002833333333333333, , 602.983816
2745668.exe, 0.128, , 0.002833333333333333, , 604.200282
2764661.exe, 0.12216666666666667, , 0.002833333333333333, , 581.279812
2764661.exe, 0.12083333333333333, , 0.003, , 593.248722
2764661.exe, 0.12333333333333334, , 0.002833333333333333, , 582.515917
2764661.exe, 0.12283333333333334, , 0.002833333333333333, , 578.387464
2764661.exe, 0.12216666666666667, , 0.002833333333333333, , 583.600336
2764661.exe, 0.123, , 0.002833333333333333, , 581.6921
2764661.exe, 0.12233333333333335, , 0.002833333333333333, , 579.254423
2764661.exe, 0.12216666666666667, , 0.002833333333333333, , 582.378094
2764661.exe, 0.12183333333333334, , 0.002833333333333333, , 580.162287
2764661.exe, 0.12133333333333333, , 0.002833333333333333, , 578.555124
2939537.exe, 0.04716666666666667, , 0.0013333333333333333, , 243.415229
2939537.exe, 0.04383333333333333, , 0.0013333333333333333, , 254.747227
2939537.exe, 0.045, , 0.0013333333333333333, , 248.710464
2939537.exe, 0.04466666666666667, , 0.0013333333333333333, , 249.529967
2939537.exe, 0.045166666666666674, , 0.0013333333333333333, , 245.748985
2939537.exe, 0.04416666666666667, , 0.0013333333333333333, , 250.389287
2939537.exe, 0.04483333333333333, , 0.0013333333333333333, , 249.097371
2939537.exe, 0.043666666666666666, , 0.0013333333333333333, , 251.138024
2939537.exe, 0.04383333333333332, , 0.0013333333333333333, , 251.662675
2939537.exe, 0.045000000000000005, , 0.0013333333333333333, , 249.118434
3043260.exe, 0.16433333333333333, , 0.005666666666666667, , 822.133557
3043260.exe, 0.1633333333333333, , 0.005666666666666667, , 820.745205
3043260.exe, 0.16183333333333336, , 0.006, , 844.319963
3043260.exe, 0.16233333333333333, , 0.005666666666666667, , 827.666523
3043260.exe, 0.16316666666666668, , 0.005666666666666667, , 819.442388
3043260.exe, 0.1633333333333333, , 0.005666666666666667, , 820.513254
3043260.exe, 0.16583333333333333, , 0.005833333333333334, , 833.0786
3043260.exe, 0.1628333333333333, , 0.005666666666666667, , 818.628907
3043260.exe, 0.16266666666666663, , 0.005666666666666667, , 814.530371
3043260.exe, 0.166, , 0.005833333333333334, , 830.75218
3147371.exe, 0.13466666666666666, , 0.004666666666666667, , 721.367031
3147371.exe, 0.132, , 0.004666666666666667, , 721.906662
3147371.exe, 0.13266666666666665, , 0.004666666666666667, , 723.531944
3147371.exe, 0.13399999999999998, , 0.004666666666666667, , 723.352141
3147371.exe, 0.13166666666666665, , 0.004666666666666667, , 702.084446
3147371.exe, 0.133, , 0.004666666666666667, , 733.61522
3147371.exe, 0.13283333333333333, , 0.004666666666666667, , 712.20222
3147371.exe, 0.13316666666666666, , 0.004666666666666667, , 710.273955
3147371.exe, 0.13216666666666665, , 0.004666666666666667, , 712.984317
3147371.exe, 0.13316666666666668, , 0.004666666666666667, , 712.321508
3162106.exe, 0.11633333333333334, , 0.002833333333333333, , 550.125401
3162106.exe, 0.11733333333333333, , 0.002833333333333333, , 549.479691
3162106.exe, 0.11616666666666667, , 0.002833333333333333, , 546.967692
3162106.exe, 0.11583333333333333, , 0.002833333333333333, , 549.028378
3162106.exe, 0.11633333333333333, , 0.002833333333333333, , 547.757985
3162106.exe, 0.11666666666666667, , 0.002833333333333333, , 549.979655
3162106.exe, 0.117, , 0.002833333333333333, , 552.543384
3162106.exe, 0.1175, , 0.002833333333333333, , 551.600614
3162106.exe, 0.1165, , 0.0026666666666666666, , 547.222203
3162106.exe, 0.11666666666666665, , 0.0026666666666666666, , 552.762745
3323395.exe, 0.1225, , 0.002833333333333333, , 580.742895
3323395.exe, 0.123, , 0.002833333333333333, , 582.641608
3323395.exe, 0.12400000000000001, , 0.002833333333333333, , 583.360718
3323395.exe, 0.12266666666666669, , 0.002833333333333333, , 579.869732
3323395.exe, 0.12583333333333332, , 0.002833333333333333, , 581.460378
3323395.exe, 0.12383333333333332, , 0.002833333333333333, , 582.159322
3323395.exe, 0.12233333333333334, , 0.002833333333333333, , 580.542531
3323395.exe, 0.12200000000000001, , 0.002833333333333333, , 582.49248
3323395.exe, 0.12233333333333334, , 0.002833333333333333, , 581.264475
3323395.exe, 0.12250000000000001, , 0.002833333333333333, , 580.018873
3439954.exe, 0.0575, , 0.0016666666666666666, , 276.547652
3439954.exe, 0.052333333333333336, , 0.0015, , 277.960526
3439954.exe, 0.05133333333333334, , 0.0015, , 279.918342
3439954.exe, 0.05316666666666668, , 0.0015, , 273.883239
3439954.exe, 0.051833333333333335, , 0.0015, , 284.692886
3439954.exe, 0.05333333333333334, , 0.0015, , 275.564128
3439954.exe, 0.0545, , 0.0016666666666666666, , 278.892446
3439954.exe, 0.05183333333333333, , 0.0016666666666666666, , 278.623107
3439954.exe, 0.058666666666666666, , 0.0016666666666666666, , 274.899378
3439954.exe, 0.052000000000000005, , 0.0015, , 278.612253
3449984.exe, 0.06116666666666667, , 0.002833333333333333, , 290.757949
3449984.exe, 0.061500000000000006, , 0.0025, , 291.882824
3449984.exe, 0.0585, , 0.0025, , 292.732325
3449984.exe, 0.05933333333333333, , 0.0025, , 289.679143
3449984.exe, 0.058666666666666666, , 0.0025, , 290.005255
3449984.exe, 0.05866666666666667, , 0.0021666666666666666, , 287.783985
3449984.exe, 0.059333333333333335, , 0.002333333333333333, , 292.657836
3449984.exe, 0.05899999999999999, , 0.002333333333333333, , 288.982767
3449984.exe, 0.05916666666666667, , 0.0021666666666666666, , 289.401656
3449984.exe, 0.059500000000000004, , 0.0019999999999999996, , 286.027722
3565465.exe, 0.1543333333333333, , 0.005, , 719.259654
3565465.exe, 0.1515, , 0.0045000000000000005, , 713.171653
3565465.exe, 0.14866666666666667, , 0.004333333333333333, , 712.171838
3565465.exe, 0.1475, , 0.004166666666666667, , 712.401807
3565465.exe, 0.14816666666666667, , 0.004333333333333333, , 705.912514
3565465.exe, 0.14483333333333331, , 0.004, , 704.588459
3565465.exe, 0.144, , 0.004, , 715.661125
3565465.exe, 0.14533333333333334, , 0.004, , 708.827016
3565465.exe, 0.1451666666666667, , 0.004, , 704.832894
3565465.exe, 0.143, , 0.0038333333333333336, , 706.32575
3729533.exe, 0.054166666666666675, , 0.001833333333333333, , 272.189712
3729533.exe, 0.054166666666666675, , 0.002, , 277.393826
3729533.exe, 0.05383333333333334, , 0.001833333333333333, , 273.711801
3729533.exe, 0.05366666666666666, , 0.001833333333333333, , 272.103135
3729533.exe, 0.051833333333333335, , 0.001833333333333333, , 280.857001
3729533.exe, 0.053166666666666675, , 0.001833333333333333, , 274.560603
3729533.exe, 0.05116666666666668, , 0.001833333333333333, , 285.817477
3729533.exe, 0.05216666666666667, , 0.001833333333333333, , 277.608188
3729533.exe, 0.05300000000000001, , 0.001833333333333333, , 276.721026
3729533.exe, 0.052000000000000005, , 0.001833333333333333, , 280.500547
3732533.exe, 0.06033333333333334, , 0.001833333333333333, , 309.879885
3732533.exe, 0.060000000000000005, , 0.001833333333333333, , 313.304273
3732533.exe, 0.06083333333333334, , 0.001833333333333333, , 308.753312
3732533.exe, 0.06033333333333334, , 0.001833333333333333, , 311.670203
3732533.exe, 0.06083333333333333, , 0.001833333333333333, , 309.406932
3732533.exe, 0.060000000000000005, , 0.001833333333333333, , 308.258419
3732533.exe, 0.06066666666666667, , 0.001833333333333333, , 311.398222
3732533.exe, 0.05966666666666667, , 0.001833333333333333, , 311.196656
3732533.exe, 0.05783333333333334, , 0.001833333333333333, , 318.405553
3732533.exe, 0.060500000000000005, , 0.001833333333333333, , 308.887657
3765927.exe, 0.13483333333333333, , 0.0055000000000000005, , 715.763448
3765927.exe, 0.1335, , 0.0055000000000000005, , 709.493314
3765927.exe, 0.13366666666666666, , 0.0055000000000000005, , 708.565651
3765927.exe, 0.13533333333333336, , 0.0055000000000000005, , 711.607145
3765927.exe, 0.13566666666666669, , 0.0055000000000000005, , 712.48483
3765927.exe, 0.13483333333333333, , 0.0055000000000000005, , 709.848267
3765927.exe, 0.13399999999999998, , 0.0055000000000000005, , 716.497568
3765927.exe, 0.13516666666666668, , 0.0055000000000000005, , 713.832934
3765927.exe, 0.14266666666666666, , 0.0055000000000000005, , 720.731231
3765927.exe, 0.13516666666666666, , 0.0055000000000000005, , 710.327944
3822578.exe, 0.051000000000000004, , 0.0015, , 272.779785
3822578.exe, 0.052333333333333336, , 0.0015, , 271.051771
3822578.exe, 0.05083333333333335, , 0.0015, , 272.789984
3822578.exe, 0.0505, , 0.0015, , 276.246881
3822578.exe, 0.051833333333333335, , 0.0015, , 268.499936
3822578.exe, 0.052500000000000005, , 0.0015, , 267.906433
3822578.exe, 0.05266666666666667, , 0.0015, , 267.738441
3822578.exe, 0.052000000000000005, , 0.0015, , 270.350219
3822578.exe, 0.05033333333333334, , 0.0015, , 277.294108
3822578.exe, 0.050666666666666665, , 0.0016666666666666666, , 274.325075
3883933.exe, 0.1275, , 0.0033333333333333335, , 633.158225
3883933.exe, 0.12866666666666668, , 0.0033333333333333335, , 629.549707
3883933.exe, 0.12666666666666665, , 0.0033333333333333335, , 626.702769
3883933.exe, 0.12616666666666665, , 0.0031666666666666666, , 624.506051
3883933.exe, 0.12816666666666665, , 0.0033333333333333335, , 636.196268
3883933.exe, 0.12666666666666665, , 0.0031666666666666666, , 634.997287
3883933.exe, 0.12733333333333333, , 0.0033333333333333335, , 629.134517
3883933.exe, 0.1265, , 0.0033333333333333335, , 629.681729
3883933.exe, 0.12716666666666668, , 0.0033333333333333335, , 630.133936
3883933.exe, 0.12733333333333333, , 0.0033333333333333335, , 634.655373
3950735.exe, 0.06533333333333333, , 0.001833333333333333, , 343.665885
3950735.exe, 0.06383333333333334, , 0.001833333333333333, , 358.010854
3950735.exe, 0.06533333333333333, , 0.001833333333333333, , 343.323697
3950735.exe, 0.06516666666666666, , 0.001833333333333333, , 344.336139
3950735.exe, 0.06633333333333333, , 0.001833333333333333, , 339.338039
3950735.exe, 0.06616666666666667, , 0.001833333333333333, , 343.487394
3950735.exe, 0.066, , 0.001833333333333333, , 340.831567
3950735.exe, 0.066, , 0.001833333333333333, , 341.00365
3950735.exe, 0.0665, , 0.001833333333333333, , 340.007372
3950735.exe, 0.0665, , 0.001833333333333333, , 340.254694
4068144.exe, 0.07016666666666667, , 0.002, , 373.360717
4068144.exe, 0.07116666666666666, , 0.002, , 369.727756
4068144.exe, 0.06983333333333333, , 0.002, , 369.18778
4068144.exe, 0.06983333333333334, , 0.002, , 365.130108
4068144.exe, 0.07016666666666665, , 0.002, , 365.711149
4068144.exe, 0.06916666666666665, , 0.002, , 375.870778
4068144.exe, 0.07066666666666666, , 0.002, , 377.625409
4068144.exe, 0.07033333333333333, , 0.002, , 363.537212
4068144.exe, 0.07133333333333333, , 0.002, , 363.357391
4068144.exe, 0.07133333333333333, , 0.002, , 369.585101
4072037.exe, 0.05466666666666666, , 0.0016666666666666666, , 281.097009
4072037.exe, 0.052666666666666674, , 0.0015, , 286.136645
4072037.exe, 0.0525, , 0.0016666666666666666, , 289.825586
4072037.exe, 0.05533333333333334, , 0.0015, , 279.689768
4072037.exe, 0.05516666666666667, , 0.0015, , 283.107513
4072037.exe, 0.05416666666666667, , 0.0016666666666666666, , 283.168214
4072037.exe, 0.05449999999999999, , 0.0015, , 279.33933
4072037.exe, 0.054666666666666655, , 0.0015, , 281.150923
4072037.exe, 0.05483333333333334, , 0.0015, , 279.165482
4072037.exe, 0.05416666666666666, , 0.0015, , 281.169238
4114470.exe, 0.1245, , 0.003, , 577.059369
4114470.exe, 0.12166666666666667, , 0.002833333333333333, , 573.771687
4114470.exe, 0.12183333333333334, , 0.002833333333333333, , 576.146887
4114470.exe, 0.12200000000000003, , 0.002833333333333333, , 574.425059
4114470.exe, 0.12183333333333332, , 0.002833333333333333, , 574.707758
4114470.exe, 0.12233333333333335, , 0.002833333333333333, , 577.670847
4114470.exe, 0.12250000000000001, , 0.002833333333333333, , 573.806781
4114470.exe, 0.12416666666666666, , 0.002833333333333333, , 586.966645
4114470.exe, 0.12183333333333332, , 0.002833333333333333, , 573.718855
4114470.exe, 0.12133333333333333, , 0.002833333333333333, , 574.802424
4209745.exe, 0.06583333333333334, , 0.001833333333333333, , 326.805851
4209745.exe, 0.064, , 0.001833333333333333, , 332.438146
4209745.exe, 0.06383333333333334, , 0.0016666666666666666, , 328.543433
4209745.exe, 0.06516666666666666, , 0.001833333333333333, , 327.10927
4209745.exe, 0.06716666666666667, , 0.001833333333333333, , 325.799474
4209745.exe, 0.06483333333333333, , 0.001833333333333333, , 328.192413
4209745.exe, 0.06416666666666666, , 0.001833333333333333, , 326.076698
4209745.exe, 0.065, , 0.0016666666666666666, , 325.347796
4209745.exe, 0.065, , 0.0016666666666666666, , 326.881262
4209745.exe, 0.06366666666666666, , 0.0016666666666666666, , 328.4714
4305280.exe, 0.08733333333333333, , 0.002666666666666666, , 467.423369
4305280.exe, 0.08916666666666667, , 0.002833333333333333, , 465.350902
4305280.exe, 0.08716666666666667, , 0.002666666666666666, , 465.971381
4305280.exe, 0.08866666666666666, , 0.002666666666666666, , 464.712369
4305280.exe, 0.08900000000000001, , 0.002666666666666666, , 465.241656
4305280.exe, 0.08866666666666667, , 0.003, , 479.983472
4305280.exe, 0.08666666666666667, , 0.002833333333333333, , 473.933984
4305280.exe, 0.08800000000000001, , 0.002666666666666666, , 462.711959
4305280.exe, 0.0895, , 0.002666666666666666, , 468.335833
4305280.exe, 0.08966666666666666, , 0.002666666666666666, , 469.121473
4319837.exe, 0.17999999999999997, , 0.007166666666666666, , 931.501449
4319837.exe, 0.1711666666666667, , 0.007166666666666666, , 929.590044
4319837.exe, 0.17333333333333334, , 0.007166666666666667, , 941.453747
4319837.exe, 0.16966666666666666, , 0.007166666666666666, , 927.080573
4319837.exe, 0.1703333333333333, , 0.007, , 936.238191
4319837.exe, 0.16983333333333334, , 0.007166666666666666, , 924.416609
4319837.exe, 0.1721666666666667, , 0.007166666666666666, , 931.388364
4319837.exe, 0.17049999999999998, , 0.007166666666666666, , 926.232017
4319837.exe, 0.1728333333333333, , 0.007, , 932.497612
4319837.exe, 0.18149999999999997, , 0.007333333333333332, , 950.193072
4643636.exe, 0.05583333333333333, , 0.001833333333333333, , 310.766338
4643636.exe, 0.05683333333333333, , 0.001833333333333333, , 303.207555
4643636.exe, 0.058, , 0.001833333333333333, , 297.705322
4643636.exe, 0.058166666666666665, , 0.001833333333333333, , 298.17336
4643636.exe, 0.058833333333333335, , 0.001833333333333333, , 297.472517
4643636.exe, 0.057666666666666665, , 0.001833333333333333, , 297.444322
4643636.exe, 0.058166666666666665, , 0.001833333333333333, , 295.954018
4643636.exe, 0.056666666666666664, , 0.001833333333333333, , 303.072766
4643636.exe, 0.058, , 0.001833333333333333, , 295.924565
4643636.exe, 0.056833333333333326, , 0.001833333333333333, , 302.126765
4650272.exe, 0.07083333333333333, , 0.002, , 373.086496
4650272.exe, 0.07149999999999998, , 0.002, , 366.374006
4650272.exe, 0.071, , 0.002, , 371.54356
4650272.exe, 0.07166666666666667, , 0.002, , 365.748817
4650272.exe, 0.07166666666666667, , 0.002, , 362.756074
4650272.exe, 0.072, , 0.002, , 365.036807
4650272.exe, 0.07233333333333333, , 0.002, , 372.238914
4650272.exe, 0.072, , 0.002, , 375.108242
4650272.exe, 0.06849999999999999, , 0.0025, , 422.925079
4650272.exe, 0.07033333333333333, , 0.002, , 377.769803
4690871.exe, 0.12200000000000001, , 0.004166666666666667, , 636.322048
4690871.exe, 0.12150000000000001, , 0.004166666666666667, , 633.571268
4690871.exe, 0.12050000000000001, , 0.004166666666666667, , 626.899318
4690871.exe, 0.12033333333333335, , 0.004166666666666667, , 619.762115
4690871.exe, 0.12000000000000001, , 0.004166666666666667, , 635.267895
4690871.exe, 0.11933333333333335, , 0.004166666666666667, , 624.637946
4690871.exe, 0.11916666666666667, , 0.004166666666666667, , 623.615185
4690871.exe, 0.12066666666666666, , 0.004166666666666667, , 619.213583
4690871.exe, 0.12016666666666667, , 0.004166666666666667, , 622.076627
4690871.exe, 0.11916666666666667, , 0.004166666666666667, , 618.429735
4717944.exe, 0.123, , 0.002833333333333333, , 579.865864
4717944.exe, 0.12233333333333335, , 0.002833333333333333, , 578.942928
4717944.exe, 0.1225, , 0.002833333333333333, , 580.241429
4717944.exe, 0.12266666666666667, , 0.002833333333333333, , 578.692213
4717944.exe, 0.12200000000000001, , 0.002833333333333333, , 580.455104
4717944.exe, 0.12316666666666667, , 0.002833333333333333, , 579.183241
4717944.exe, 0.12316666666666667, , 0.002833333333333333, , 579.043185
4717944.exe, 0.12300000000000001, , 0.002833333333333333, , 580.381064
4717944.exe, 0.12166666666666669, , 0.002833333333333333, , 578.96066
4717944.exe, 0.1225, , 0.002833333333333333, , 577.730144
4771917.exe, 0.05366666666666667, , 0.0016666666666666666, , 280.457486
4771917.exe, 0.053333333333333344, , 0.0016666666666666666, , 274.002324
4771917.exe, 0.051000000000000004, , 0.0016666666666666666, , 284.598432
4771917.exe, 0.05133333333333333, , 0.0015, , 282.653537
4771917.exe, 0.053333333333333344, , 0.0016666666666666666, , 275.752483
4771917.exe, 0.05316666666666667, , 0.0016666666666666666, , 278.604294
4771917.exe, 0.05216666666666667, , 0.0015, , 278.952343
4771917.exe, 0.051666666666666666, , 0.0015, , 285.095166
4771917.exe, 0.050499999999999996, , 0.0015, , 282.437008
4771917.exe, 0.052333333333333336, , 0.0016666666666666666, , 280.485997
480440.exe, 0.045833333333333344, , 0.0013333333333333333, , 251.445141
480440.exe, 0.04616666666666667, , 0.0013333333333333333, , 249.654382
480440.exe, 0.04616666666666667, , 0.0013333333333333333, , 247.789424
480440.exe, 0.04633333333333333, , 0.0013333333333333333, , 248.280948
480440.exe, 0.0465, , 0.0013333333333333333, , 248.763172
480440.exe, 0.04616666666666667, , 0.0013333333333333333, , 249.862968
480440.exe, 0.04483333333333333, , 0.0013333333333333333, , 257.054307
480440.exe, 0.04666666666666666, , 0.0013333333333333333, , 249.70998
480440.exe, 0.04366666666666666, , 0.0013333333333333333, , 263.50458
480440.exe, 0.04716666666666667, , 0.0013333333333333333, , 247.014921
5019612.exe, 0.12283333333333334, , 0.002833333333333333, , 584.075749
5019612.exe, 0.12316666666666669, , 0.002833333333333333, , 581.461555
5019612.exe, 0.12416666666666669, , 0.002833333333333333, , 581.928592
5019612.exe, 0.12266666666666667, , 0.002833333333333333, , 580.958511
5019612.exe, 0.12333333333333335, , 0.002833333333333333, , 581.127543
5019612.exe, 0.12350000000000001, , 0.002833333333333333, , 582.32828
5019612.exe, 0.12400000000000003, , 0.002833333333333333, , 581.770043
5019612.exe, 0.12383333333333334, , 0.002833333333333333, , 580.556698
5019612.exe, 0.12316666666666667, , 0.002833333333333333, , 579.72503
5019612.exe, 0.123, , 0.002833333333333333, , 579.769928
5124430.exe, 0.078, , 0.002, , 396.689139
5124430.exe, 0.07716666666666665, , 0.002, , 399.914586
5124430.exe, 0.07699999999999999, , 0.002, , 398.056843
5124430.exe, 0.077, , 0.002, , 400.024274
5124430.exe, 0.07766666666666665, , 0.002, , 393.925444
5124430.exe, 0.07666666666666666, , 0.002, , 401.410387
5124430.exe, 0.07833333333333334, , 0.002, , 393.340799
5124430.exe, 0.07833333333333332, , 0.002, , 397.162669
5124430.exe, 0.078, , 0.002, , 393.707097
5124430.exe, 0.07866666666666666, , 0.002, , 407.342635
5254730.exe, 0.128, , 0.002833333333333333, , 605.216891
5254730.exe, 0.12916666666666668, , 0.002833333333333333, , 603.129802
5254730.exe, 0.128, , 0.002833333333333333, , 603.098651
5254730.exe, 0.13016666666666668, , 0.002833333333333333, , 607.327162
5254730.exe, 0.12916666666666668, , 0.002833333333333333, , 605.033159
5254730.exe, 0.12783333333333333, , 0.002833333333333333, , 604.625096
5254730.exe, 0.12466666666666666, , 0.002833333333333333, , 624.734417
5254730.exe, 0.12816666666666665, , 0.002833333333333333, , 604.193186
5254730.exe, 0.128, , 0.002833333333333333, , 605.784968
5254730.exe, 0.12783333333333333, , 0.002833333333333333, , 605.9066
5308953.exe, 0.09683333333333333, , 0.002666666666666666, , 494.789055
5308953.exe, 0.09499999999999999, , 0.002833333333333333, , 496.000629
5308953.exe, 0.095, , 0.002833333333333333, , 494.657422
5308953.exe, 0.09616666666666666, , 0.002833333333333333, , 495.185432
5308953.exe, 0.09733333333333331, , 0.002833333333333333, , 492.646577
5308953.exe, 0.0955, , 0.002833333333333333, , 493.132654
5308953.exe, 0.09583333333333331, , 0.002833333333333333, , 493.519717
5308953.exe, 0.09633333333333333, , 0.002833333333333333, , 491.991991
5308953.exe, 0.09549999999999999, , 0.002833333333333333, , 491.38875
5308953.exe, 0.09633333333333331, , 0.002833333333333333, , 494.414862
532489.exe, 0.12433333333333334, , 0.002833333333333333, , 588.708072
532489.exe, 0.125, , 0.0026666666666666666, , 589.689886
532489.exe, 0.12366666666666667, , 0.002833333333333333, , 589.356826
532489.exe, 0.12416666666666669, , 0.0026666666666666666, , 588.552077
532489.exe, 0.12433333333333334, , 0.002833333333333333, , 590.590813
532489.exe, 0.12416666666666668, , 0.0026666666666666666, , 591.43585
532489.exe, 0.12366666666666666, , 0.002833333333333333, , 594.852803
532489.exe, 0.12466666666666666, , 0.002833333333333333, , 589.999688
532489.exe, 0.12483333333333334, , 0.002833333333333333, , 593.154226
532489.exe, 0.12516666666666668, , 0.002833333333333333, , 588.461309
5336754.exe, 0.14466666666666667, , 0.0038333333333333336, , 699.444073
5336754.exe, 0.14533333333333334, , 0.004, , 700.165354
5336754.exe, 0.14616666666666664, , 0.0038333333333333336, , 701.7421
5336754.exe, 0.14516666666666664, , 0.004, , 698.779276
5336754.exe, 0.15, , 0.004, , 705.691143
5336754.exe, 0.14449999999999996, , 0.0038333333333333336, , 701.190935
5336754.exe, 0.14583333333333331, , 0.0038333333333333336, , 702.929571
5336754.exe, 0.146, , 0.0038333333333333336, , 703.289281
5336754.exe, 0.14633333333333332, , 0.004, , 709.261586
5336754.exe, 0.14533333333333334, , 0.0038333333333333336, , 701.136837
5426822.exe, 0.06583333333333334, , 0.001833333333333333, , 351.390184
5426822.exe, 0.06583333333333334, , 0.001833333333333333, , 349.944107
5426822.exe, 0.06483333333333333, , 0.001833333333333333, , 351.420123
5426822.exe, 0.06533333333333334, , 0.001833333333333333, , 350.405744
5426822.exe, 0.06616666666666667, , 0.001833333333333333, , 351.603161
5426822.exe, 0.06549999999999999, , 0.001833333333333333, , 350.344472
5426822.exe, 0.06533333333333334, , 0.001833333333333333, , 351.003456
5426822.exe, 0.06566666666666668, , 0.001833333333333333, , 348.42294
5426822.exe, 0.06516666666666668, , 0.001833333333333333, , 349.806985
5426822.exe, 0.06516666666666666, , 0.0016666666666666666, , 350.057535
5451480.exe, 0.0645, , 0.001833333333333333, , 335.105537
5451480.exe, 0.06483333333333333, , 0.001833333333333333, , 332.970387
5451480.exe, 0.06416666666666666, , 0.001833333333333333, , 335.554811
5451480.exe, 0.06333333333333332, , 0.001833333333333333, , 341.282084
5451480.exe, 0.0645, , 0.001833333333333333, , 334.711772
5451480.exe, 0.06416666666666666, , 0.001833333333333333, , 334.862595
5451480.exe, 0.06449999999999999, , 0.001833333333333333, , 334.52713
5451480.exe, 0.06549999999999999, , 0.001833333333333333, , 336.9337
5451480.exe, 0.065, , 0.001833333333333333, , 334.182091
5451480.exe, 0.065, , 0.001833333333333333, , 333.06855
5455896.exe, 0.050499999999999996, , 0.0016666666666666666, , 284.418409
5455896.exe, 0.05183333333333335, , 0.0015, , 279.332155
5455896.exe, 0.051833333333333335, , 0.0015, , 280.23862
5455896.exe, 0.0505, , 0.0015, , 285.411889
5455896.exe, 0.053166666666666675, , 0.0015, , 275.166224
5455896.exe, 0.051000000000000004, , 0.0015, , 284.277937
5455896.exe, 0.05233333333333334, , 0.0015, , 278.725924
5455896.exe, 0.05200000000000001, , 0.0015, , 282.826631
5455896.exe, 0.052166666666666674, , 0.0015, , 277.65888
5455896.exe, 0.05383333333333333, , 0.0015, , 273.398436
5498474.exe, 0.1673333333333333, , 0.004999999999999999, , 825.309602
5498474.exe, 0.16833333333333333, , 0.004999999999999999, , 824.68144
5498474.exe, 0.16783333333333333, , 0.004999999999999999, , 826.473571
5498474.exe, 0.16783333333333333, , 0.004999999999999999, , 833.283883
5498474.exe, 0.1685, , 0.005166666666666666, , 834.551131
5498474.exe, 0.16849999999999998, , 0.004999999999999999, , 833.132365
5498474.exe, 0.16833333333333336, , 0.004999999999999999, , 830.387943
5498474.exe, 0.16833333333333336, , 0.004999999999999999, , 830.096091
5498474.exe, 0.16800000000000004, , 0.004999999999999999, , 825.397202
5498474.exe, 0.16900000000000004, , 0.004999999999999999, , 835.8003
5559137.exe, 0.12400000000000001, , 0.002833333333333333, , 585.926552
5559137.exe, 0.12350000000000001, , 0.002833333333333333, , 585.264094
5559137.exe, 0.12366666666666667, , 0.002833333333333333, , 586.471419
5559137.exe, 0.12450000000000001, , 0.002833333333333333, , 595.761341
5559137.exe, 0.12433333333333335, , 0.002833333333333333, , 587.426701
5559137.exe, 0.12400000000000001, , 0.002833333333333333, , 589.223903
5559137.exe, 0.1275, , 0.002833333333333333, , 587.905018
5559137.exe, 0.12400000000000001, , 0.002833333333333333, , 587.66026
5559137.exe, 0.12166666666666666, , 0.002833333333333333, , 593.722075
5559137.exe, 0.12283333333333334, , 0.002833333333333333, , 590.322307
5643157.exe, 0.11583333333333332, , 0.003833333333333333, , 626.877221
5643157.exe, 0.11566666666666667, , 0.003833333333333333, , 620.922614
5643157.exe, 0.12500000000000003, , 0.0036666666666666666, , 633.54488
5643157.exe, 0.11583333333333332, , 0.0036666666666666666, , 618.929904
5643157.exe, 0.11833333333333336, , 0.0036666666666666666, , 631.680067
5643157.exe, 0.11716666666666668, , 0.0036666666666666666, , 625.387547
5643157.exe, 0.11750000000000001, , 0.0036666666666666666, , 619.639656
5643157.exe, 0.11916666666666668, , 0.0036666666666666666, , 630.007932
5643157.exe, 0.11683333333333334, , 0.0036666666666666666, , 615.037108
5643157.exe, 0.11633333333333334, , 0.0036666666666666666, , 613.73894
5672644.exe, 0.12433333333333335, , 0.004333333333333333, , 676.149238
5672644.exe, 0.12400000000000003, , 0.004, , 681.732029
5672644.exe, 0.12283333333333334, , 0.004, , 666.640979
5672644.exe, 0.12500000000000003, , 0.004166666666666667, , 673.964934
5672644.exe, 0.12366666666666666, , 0.004, , 671.703123
5672644.exe, 0.126, , 0.004166666666666667, , 684.65925
5672644.exe, 0.12400000000000001, , 0.004166666666666667, , 686.904164
5672644.exe, 0.12100000000000002, , 0.004166666666666667, , 668.686803
5672644.exe, 0.12683333333333335, , 0.004, , 670.046207
5672644.exe, 0.12316666666666667, , 0.004, , 668.03361
5674051.exe, 0.1335, , 0.002833333333333333, , 647.105048
5674051.exe, 0.13433333333333333, , 0.002833333333333333, , 646.03146
5674051.exe, 0.1345, , 0.002833333333333333, , 644.809405
5674051.exe, 0.13566666666666669, , 0.002833333333333333, , 646.943687
5674051.exe, 0.13499999999999998, , 0.002833333333333333, , 647.328662
5674051.exe, 0.13383333333333336, , 0.002833333333333333, , 648.034399
5674051.exe, 0.1335, , 0.002833333333333333, , 645.402992
5674051.exe, 0.13433333333333333, , 0.002833333333333333, , 646.361453
5674051.exe, 0.13449999999999998, , 0.002833333333333333, , 645.140905
5674051.exe, 0.1345, , 0.002833333333333333, , 647.949359
5674331.exe, 0.1295, , 0.005000000000000001, , 766.22656
5674331.exe, 0.1265, , 0.005, , 755.088196
5674331.exe, 0.13166666666666668, , 0.005333333333333334, , 776.194939
5674331.exe, 0.1295, , 0.0051666666666666675, , 767.991587
5674331.exe, 0.13066666666666668, , 0.0051666666666666675, , 773.402626
5674331.exe, 0.13, , 0.005000000000000001, , 767.196998
5674331.exe, 0.12883333333333333, , 0.005, , 756.644968
5674331.exe, 0.13166666666666665, , 0.005166666666666667, , 776.306589
5674331.exe, 0.1315, , 0.0051666666666666675, , 780.694251
5674331.exe, 0.12866666666666665, , 0.005, , 758.782875
5674864.exe, 0.06566666666666666, , 0.0016666666666666666, , 330.321713
5674864.exe, 0.057000000000000016, , 0.0016666666666666666, , 326.927419
5674864.exe, 0.060000000000000005, , 0.001833333333333333, , 319.245603
5674864.exe, 0.060000000000000005, , 0.001833333333333333, , 317.909849
5674864.exe, 0.06016666666666667, , 0.001833333333333333, , 317.930394
5674864.exe, 0.05916666666666667, , 0.001833333333333333, , 319.861423
5674864.exe, 0.0605, , 0.001833333333333333, , 316.360483
5674864.exe, 0.05966666666666666, , 0.0016666666666666666, , 320.291663
5674864.exe, 0.05966666666666667, , 0.001833333333333333, , 317.297625
5674864.exe, 0.05916666666666668, , 0.001833333333333333, , 320.826119
5674877.exe, 0.11466666666666668, , 0.0026666666666666666, , 543.479474
5674877.exe, 0.11450000000000002, , 0.0026666666666666666, , 544.845785
5674877.exe, 0.11583333333333332, , 0.0026666666666666666, , 543.577306
5674877.exe, 0.11533333333333333, , 0.002833333333333333, , 543.090516
5674877.exe, 0.11466666666666668, , 0.0026666666666666666, , 545.348498
5674877.exe, 0.11516666666666667, , 0.002833333333333333, , 543.0971
5674877.exe, 0.11483333333333334, , 0.002833333333333333, , 543.994772
5674877.exe, 0.11583333333333332, , 0.002833333333333333, , 545.621882
5674877.exe, 0.115, , 0.0026666666666666666, , 542.625906
5674877.exe, 0.11566666666666667, , 0.0026666666666666666, , 542.9164
5674990.exe, 0.04300000000000001, , 0.0013333333333333333, , 250.593258
5674990.exe, 0.043166666666666666, , 0.0013333333333333333, , 252.226911
5674990.exe, 0.043333333333333335, , 0.0013333333333333333, , 251.084593
5674990.exe, 0.042666666666666665, , 0.0013333333333333333, , 246.324558
5674990.exe, 0.04, , 0.0013333333333333333, , 272.983331
5674990.exe, 0.0465, , 0.0013333333333333333, , 235.401985
5674990.exe, 0.044000000000000004, , 0.0013333333333333333, , 244.049862
5674990.exe, 0.04433333333333333, , 0.0013333333333333333, , 245.81179
5674990.exe, 0.04583333333333332, , 0.0013333333333333333, , 238.629284
5674990.exe, 0.04283333333333332, , 0.0013333333333333333, , 249.3728
5674998.exe, 0.119, , 0.002833333333333333, , 559.557437
5674998.exe, 0.11816666666666667, , 0.002833333333333333, , 562.486372
5674998.exe, 0.12400000000000001, , 0.003, , 579.236271
5674998.exe, 0.11816666666666667, , 0.002833333333333333, , 562.600081
5674998.exe, 0.133, , 0.002833333333333333, , 562.187691
5674998.exe, 0.11883333333333332, , 0.002833333333333333, , 559.016485
5674998.exe, 0.12033333333333335, , 0.002833333333333333, , 560.145315
5674998.exe, 0.1195, , 0.002833333333333333, , 559.241127
5674998.exe, 0.11933333333333333, , 0.002833333333333333, , 561.007333
5674998.exe, 0.12000000000000002, , 0.002833333333333333, , 560.498058
5675116.exe, 0.21116666666666667, , 0.009333333333333334, , 1068.300643
5675116.exe, 0.21200000000000002, , 0.009166666666666667, , 1070.044935
5675116.exe, 0.2135, , 0.009333333333333334, , 1076.912223
5675116.exe, 0.21233333333333337, , 0.009333333333333334, , 1069.670176
5675116.exe, 0.212, , 0.009333333333333334, , 1064.820063
5675116.exe, 0.21383333333333335, , 0.009166666666666667, , 1075.627969
5675116.exe, 0.21033333333333334, , 0.009333333333333334, , 1058.351007
5675116.exe, 0.21799999999999997, , 0.009333333333333334, , 1078.346164
5675116.exe, 0.21050000000000002, , 0.009333333333333334, , 1102.203545
5675116.exe, 0.215, , 0.009333333333333334, , 1076.176796
5676714.exe, 0.05916666666666667, , 0.001833333333333333, , 297.727227
5676714.exe, 0.058499999999999996, , 0.001833333333333333, , 301.374397
5676714.exe, 0.05566666666666667, , 0.002, , 327.343528
5676714.exe, 0.05883333333333334, , 0.001833333333333333, , 298.44865
5676714.exe, 0.05733333333333333, , 0.001833333333333333, , 302.797652
5676714.exe, 0.0595, , 0.001833333333333333, , 298.195426
5676714.exe, 0.0585, , 0.001833333333333333, , 300.203154
5676714.exe, 0.0585, , 0.001833333333333333, , 301.002443
5676714.exe, 0.058666666666666666, , 0.001833333333333333, , 299.001327
5676714.exe, 0.05883333333333334, , 0.001833333333333333, , 297.800096
5898075.exe, 0.11716666666666667, , 0.002833333333333333, , 553.146942
5898075.exe, 0.11716666666666667, , 0.002833333333333333, , 551.631396
5898075.exe, 0.11716666666666667, , 0.002833333333333333, , 553.500288
5898075.exe, 0.1175, , 0.002833333333333333, , 551.872216
5898075.exe, 0.11733333333333333, , 0.002833333333333333, , 553.180396
5898075.exe, 0.11633333333333333, , 0.0026666666666666666, , 553.748009
5898075.exe, 0.1165, , 0.002833333333333333, , 554.742124
5898075.exe, 0.11699999999999999, , 0.002833333333333333, , 556.281645
5898075.exe, 0.11683333333333334, , 0.002833333333333333, , 558.303675
5898075.exe, 0.11699999999999999, , 0.0026666666666666666, , 557.459668
5987333.exe, 0.11466666666666667, , 0.004166666666666667, , 614.032378
5987333.exe, 0.116, , 0.004166666666666667, , 618.219052
5987333.exe, 0.11566666666666667, , 0.004, , 622.590164
5987333.exe, 0.11549999999999999, , 0.003833333333333333, , 615.741678
5987333.exe, 0.11666666666666665, , 0.003833333333333333, , 615.45702
5987333.exe, 0.12233333333333335, , 0.004166666666666667, , 619.845247
5987333.exe, 0.11583333333333333, , 0.004166666666666667, , 617.21363
5987333.exe, 0.1165, , 0.004, , 620.444223
5987333.exe, 0.11566666666666667, , 0.003833333333333333, , 614.37688
5987333.exe, 0.11516666666666665, , 0.003833333333333333, , 610.296308
6116938.exe, 0.06583333333333334, , 0.001833333333333333, , 330.810881
6116938.exe, 0.06549999999999999, , 0.001833333333333333, , 330.675019
6116938.exe, 0.06533333333333333, , 0.001833333333333333, , 332.834665
6116938.exe, 0.06433333333333334, , 0.001833333333333333, , 334.611586
6116938.exe, 0.065, , 0.001833333333333333, , 331.624532
6116938.exe, 0.0645, , 0.001833333333333333, , 334.208261
6116938.exe, 0.065, , 0.001833333333333333, , 333.773791
6116938.exe, 0.06549999999999999, , 0.001833333333333333, , 329.961749
6116938.exe, 0.06416666666666666, , 0.001833333333333333, , 333.83515
6116938.exe, 0.06466666666666668, , 0.001833333333333333, , 334.30179
6346887.exe, 0.051666666666666666, , 0.0016666666666666666, , 266.528354
6346887.exe, 0.05, , 0.0015, , 272.332147
6346887.exe, 0.051000000000000004, , 0.0016666666666666666, , 268.125713
6346887.exe, 0.05116666666666667, , 0.0016666666666666666, , 271.61607
6346887.exe, 0.05183333333333333, , 0.0016666666666666666, , 267.537704
6346887.exe, 0.05000000000000001, , 0.0016666666666666666, , 275.310877
6346887.exe, 0.05216666666666667, , 0.0016666666666666666, , 264.540492
6346887.exe, 0.051500000000000004, , 0.0015, , 268.095238
6346887.exe, 0.05083333333333333, , 0.0016666666666666666, , 273.947349
6346887.exe, 0.051166666666666666, , 0.0016666666666666666, , 272.810482
6505953.exe, 0.07149999999999998, , 0.002, , 382.425445
6505953.exe, 0.07566666666666667, , 0.002, , 374.639641
6505953.exe, 0.07166666666666667, , 0.002, , 371.313848
6505953.exe, 0.07033333333333333, , 0.002, , 373.001106
6505953.exe, 0.07183333333333333, , 0.002, , 371.070304
6505953.exe, 0.07033333333333332, , 0.002, , 374.773624
6505953.exe, 0.07183333333333333, , 0.002, , 366.666437
6505953.exe, 0.07183333333333333, , 0.002, , 367.987952
6505953.exe, 0.07216666666666667, , 0.002, , 371.18258
6505953.exe, 0.072, , 0.002, , 366.446867
6776171.exe, 0.1655, , 0.005666666666666667, , 822.893962
6776171.exe, 0.1648333333333333, , 0.005833333333333334, , 836.043243
6776171.exe, 0.16666666666666663, , 0.005833333333333334, , 836.270409
6776171.exe, 0.16566666666666666, , 0.005833333333333334, , 834.183025
6776171.exe, 0.16516666666666663, , 0.005666666666666667, , 824.83814
6776171.exe, 0.16816666666666666, , 0.005833333333333334, , 834.656575
6776171.exe, 0.1683333333333333, , 0.005833333333333334, , 834.487888
6776171.exe, 0.16433333333333333, , 0.005666666666666667, , 823.234007
6776171.exe, 0.16566666666666666, , 0.005666666666666667, , 816.211848
6776171.exe, 0.16549999999999995, , 0.005666666666666667, , 820.733757
6820816.exe, 0.12416666666666669, , 0.002833333333333333, , 583.268945
6820816.exe, 0.12349999999999998, , 0.002833333333333333, , 580.326463
6820816.exe, 0.12233333333333335, , 0.002833333333333333, , 580.916383
6820816.exe, 0.12350000000000001, , 0.002833333333333333, , 580.878393
6820816.exe, 0.12700000000000003, , 0.002833333333333333, , 581.495041
6820816.exe, 0.12416666666666669, , 0.002833333333333333, , 579.567068
6820816.exe, 0.12366666666666666, , 0.002833333333333333, , 580.364947
6820816.exe, 0.12416666666666668, , 0.002833333333333333, , 579.681349
6820816.exe, 0.12400000000000001, , 0.002833333333333333, , 579.200857
6820816.exe, 0.12466666666666666, , 0.002833333333333333, , 579.654506
6962942.exe, 0.06466666666666666, , 0.001833333333333333, , 330.365032
6962942.exe, 0.06549999999999999, , 0.001833333333333333, , 325.747525
6962942.exe, 0.06499999999999999, , 0.0016666666666666666, , 330.654863
6962942.exe, 0.066, , 0.0016666666666666666, , 325.149666
6962942.exe, 0.06516666666666666, , 0.001833333333333333, , 325.660807
6962942.exe, 0.064, , 0.0016666666666666666, , 331.424399
6962942.exe, 0.06549999999999999, , 0.001833333333333333, , 326.722033
6962942.exe, 0.06533333333333333, , 0.0016666666666666666, , 327.809888
6962942.exe, 0.06549999999999999, , 0.0016666666666666666, , 327.072337
6962942.exe, 0.06566666666666666, , 0.0016666666666666666, , 327.011334
6967240.exe, 0.12966666666666665, , 0.0033333333333333335, , 642.639976
6967240.exe, 0.13116666666666665, , 0.0033333333333333335, , 638.252284
6967240.exe, 0.12966666666666665, , 0.0033333333333333335, , 634.203593
6967240.exe, 0.13, , 0.0031666666666666666, , 632.761884
6967240.exe, 0.12899999999999998, , 0.0031666666666666666, , 638.826296
6967240.exe, 0.13049999999999998, , 0.0033333333333333335, , 635.735154
6967240.exe, 0.12983333333333333, , 0.0033333333333333335, , 635.489361
6967240.exe, 0.1308333333333333, , 0.0033333333333333335, , 638.146804
6967240.exe, 0.12933333333333333, , 0.0031666666666666666, , 638.230144
6967240.exe, 0.13099999999999998, , 0.0033333333333333335, , 635.405234
7189608.exe, 0.11816666666666667, , 0.002833333333333333, , 559.891155
7189608.exe, 0.11783333333333333, , 0.002833333333333333, , 560.041187
7189608.exe, 0.12616666666666665, , 0.002833333333333333, , 561.897178
7189608.exe, 0.11899999999999998, , 0.002833333333333333, , 558.44149
7189608.exe, 0.11800000000000001, , 0.002833333333333333, , 562.667878
7189608.exe, 0.1185, , 0.002833333333333333, , 557.926691
7189608.exe, 0.11933333333333332, , 0.002833333333333333, , 559.666959
7189608.exe, 0.11816666666666667, , 0.002833333333333333, , 558.217271
7189608.exe, 0.1185, , 0.002833333333333333, , 557.498131
7189608.exe, 0.11816666666666667, , 0.002833333333333333, , 559.012966
7204213.exe, 0.29200000000000004, , 0.012333333333333333, , 1545.70736
7204213.exe, 0.29300000000000004, , 0.012333333333333333, , 1538.897679
7204213.exe, 0.29283333333333333, , 0.012333333333333333, , 1543.272984
7204213.exe, 0.2965, , 0.012333333333333333, , 1552.937677
7204213.exe, 0.29800000000000004, , 0.012666666666666666, , 1563.005636
7204213.exe, 0.29383333333333334, , 0.012333333333333333, , 1541.656553
7204213.exe, 0.2955, , 0.0125, , 1552.235873
7204213.exe, 0.29616666666666663, , 0.0125, , 1555.79784
7204213.exe, 0.29250000000000004, , 0.012333333333333333, , 1537.545841
7204213.exe, 0.304, , 0.0125, , 1555.716629
7383346.exe, 0.12916666666666665, , 0.002833333333333333, , 619.354252
7383346.exe, 0.12933333333333333, , 0.002833333333333333, , 620.752457
7383346.exe, 0.12916666666666668, , 0.002833333333333333, , 622.839735
7383346.exe, 0.129, , 0.002833333333333333, , 621.099735
7383346.exe, 0.12950000000000003, , 0.002833333333333333, , 620.240877
7383346.exe, 0.1295, , 0.002833333333333333, , 617.733345
7383346.exe, 0.12966666666666665, , 0.002833333333333333, , 617.23745
7383346.exe, 0.13033333333333333, , 0.002833333333333333, , 619.954742
7383346.exe, 0.12916666666666665, , 0.002833333333333333, , 613.127335
7383346.exe, 0.12966666666666665, , 0.002833333333333333, , 612.900863
765889.exe, 0.13383333333333336, , 0.0055000000000000005, , 710.587155
765889.exe, 0.1325, , 0.0055000000000000005, , 713.57931
765889.exe, 0.13466666666666666, , 0.0055000000000000005, , 716.280059
765889.exe, 0.1381666666666667, , 0.0055000000000000005, , 719.52376
765889.exe, 0.1328333333333333, , 0.0055000000000000005, , 707.0515
765889.exe, 0.13166666666666668, , 0.0055000000000000005, , 707.965642
765889.exe, 0.13366666666666666, , 0.0055000000000000005, , 712.681602
765889.exe, 0.13316666666666666, , 0.0055000000000000005, , 709.304351
765889.exe, 0.13416666666666668, , 0.0055000000000000005, , 714.277613
765889.exe, 0.13366666666666666, , 0.0055000000000000005, , 712.456291
7973932.exe, 0.12016666666666667, , 0.002833333333333333, , 572.013982
7973932.exe, 0.12016666666666666, , 0.002833333333333333, , 576.587939
7973932.exe, 0.12066666666666667, , 0.002833333333333333, , 569.550793
7973932.exe, 0.12116666666666666, , 0.002833333333333333, , 571.335371
7973932.exe, 0.12133333333333333, , 0.002833333333333333, , 569.720962
7973932.exe, 0.12133333333333333, , 0.002833333333333333, , 571.170374
7973932.exe, 0.121, , 0.002833333333333333, , 569.391059
7973932.exe, 0.12183333333333336, , 0.002833333333333333, , 569.939945
7973932.exe, 0.12066666666666667, , 0.002833333333333333, , 569.890932
7973932.exe, 0.12066666666666667, , 0.002833333333333333, , 569.012628
7989414.exe, 0.20833333333333334, , 0.008166666666666666, , 1120.112939
7989414.exe, 0.20816666666666664, , 0.008166666666666666, , 1119.971743
7989414.exe, 0.20800000000000002, , 0.008166666666666666, , 1122.194086
7989414.exe, 0.20733333333333331, , 0.008166666666666666, , 1120.555043
7989414.exe, 0.20783333333333334, , 0.008166666666666666, , 1121.200985
7989414.exe, 0.21366666666666667, , 0.008166666666666666, , 1125.781873
7989414.exe, 0.20616666666666666, , 0.008166666666666666, , 1122.224547
7989414.exe, 0.2055, , 0.008166666666666666, , 1120.275095
7989414.exe, 0.20616666666666664, , 0.008166666666666666, , 1119.783718
7989414.exe, 0.2055, , 0.008333333333333333, , 1137.426227
804800.exe, 0.05933333333333334, , 0.0015, , 298.234886
804800.exe, 0.05833333333333333, , 0.0013333333333333333, , 302.970602
804800.exe, 0.05966666666666667, , 0.0013333333333333333, , 296.409357
804800.exe, 0.05816666666666667, , 0.0013333333333333333, , 302.293946
804800.exe, 0.05966666666666668, , 0.0016666666666666666, , 296.411481
804800.exe, 0.058333333333333334, , 0.0015, , 299.342725
804800.exe, 0.05816666666666667, , 0.0015, , 304.014949
804800.exe, 0.05916666666666668, , 0.0016666666666666666, , 299.784082
804800.exe, 0.05983333333333334, , 0.0016666666666666666, , 296.286326
804800.exe, 0.059666666666666666, , 0.0013333333333333333, , 296.754247
8078753.exe, 0.054, , 0.001833333333333333, , 284.341332
8078753.exe, 0.05533333333333334, , 0.001833333333333333, , 278.310443
8078753.exe, 0.05333333333333334, , 0.001833333333333333, , 285.68976
8078753.exe, 0.05450000000000001, , 0.001833333333333333, , 283.384719
8078753.exe, 0.05416666666666667, , 0.0016666666666666666, , 282.505128
8078753.exe, 0.05533333333333333, , 0.001833333333333333, , 279.002196
8078753.exe, 0.05500000000000001, , 0.001833333333333333, , 282.118226
8078753.exe, 0.05266666666666667, , 0.001833333333333333, , 289.484542
8078753.exe, 0.05266666666666666, , 0.001833333333333333, , 286.501844
8078753.exe, 0.052833333333333336, , 0.001833333333333333, , 287.880859
8193633.exe, 0.128, , 0.0031666666666666666, , 627.747235
8193633.exe, 0.1325, , 0.0033333333333333335, , 625.686662
8193633.exe, 0.12666666666666665, , 0.0033333333333333335, , 635.425193
8193633.exe, 0.12866666666666668, , 0.0033333333333333335, , 624.716307
8193633.exe, 0.12699999999999997, , 0.0031666666666666666, , 626.350451
8193633.exe, 0.1368333333333333, , 0.0033333333333333335, , 628.987292
8193633.exe, 0.12766666666666668, , 0.0033333333333333335, , 628.598181
8193633.exe, 0.1288333333333333, , 0.0033333333333333335, , 622.84185
8193633.exe, 0.12899999999999998, , 0.0033333333333333335, , 630.013652
8193633.exe, 0.1288333333333333, , 0.0031666666666666666, , 630.046624
974175.exe, 0.1953333333333333, , 0.0055, , 968.303845
974175.exe, 0.19616666666666668, , 0.0055, , 963.484064
974175.exe, 0.19416666666666668, , 0.0055, , 984.026078
974175.exe, 0.19416666666666668, , 0.005666666666666666, , 963.83345
974175.exe, 0.19516666666666668, , 0.0055, , 966.139643
974175.exe, 0.19566666666666668, , 0.005666666666666666, , 965.212718
974175.exe, 0.19533333333333333, , 0.005666666666666666, , 967.580664
974175.exe, 0.19483333333333333, , 0.0055, , 961.44947
974175.exe, 0.201, , 0.005666666666666666, , 971.097243
974175.exe, 0.19633333333333333, , 0.0055, , 965.914561
