1950459.exe, 0.12500000000000003, , 0.002833333333333333, , 585.525294
1950459.exe, 0.12266666666666667, , 0.002833333333333333, , 570.197292
1950459.exe, 0.12250000000000001, , 0.002833333333333333, , 568.535488
1950459.exe, 0.12250000000000001, , 0.002833333333333333, , 571.196791
1950459.exe, 0.12166666666666666, , 0.002833333333333333, , 569.907895
1950459.exe, 0.11666666666666665, , 0.002833333333333333, , 605.348735
1950459.exe, 0.1215, , 0.002833333333333333, , 568.499617
1950459.exe, 0.121, , 0.002833333333333333, , 570.945041
1950459.exe, 0.12000000000000001, , 0.002833333333333333, , 571.58321
1950459.exe, 0.12116666666666667, , 0.002833333333333333, , 572.004032
279056.exe, 0.052000000000000005, , 0.0015, , 281.206373
279056.exe, 0.052833333333333336, , 0.0015, , 275.353829
279056.exe, 0.05300000000000001, , 0.0015, , 277.830243
279056.exe, 0.05200000000000001, , 0.0015, , 280.703918
279056.exe, 0.052000000000000005, , 0.0015, , 280.851963
279056.exe, 0.052833333333333336, , 0.0015, , 278.55693
279056.exe, 0.053666666666666675, , 0.0015, , 273.507147
279056.exe, 0.05349999999999999, , 0.0015, , 275.943203
279056.exe, 0.05366666666666667, , 0.0015, , 274.235761
279056.exe, 0.051500000000000004, , 0.0015, , 281.813877
346612.exe, 0.16899999999999998, , 0.004833333333333334, , 844.556511
346612.exe, 0.169, , 0.004833333333333334, , 840.634883
346612.exe, 0.17316666666666666, , 0.004833333333333334, , 845.569881
346612.exe, 0.17049999999999998, , 0.004833333333333334, , 844.676715
346612.exe, 0.1718333333333333, , 0.004833333333333334, , 845.424403
346612.exe, 0.1718333333333333, , 0.004833333333333334, , 842.931039
346612.exe, 0.17300000000000001, , 0.004833333333333334, , 844.85662
346612.exe, 0.17116666666666666, , 0.004833333333333334, , 843.24772
346612.exe, 0.1698333333333333, , 0.004833333333333334, , 845.033578
346612.exe, 0.16966666666666666, , 0.004833333333333334, , 846.019843
3654061.exe, 0.0715, , 0.002, , 362.270885
3654061.exe, 0.06949999999999999, , 0.002, , 367.482597
3654061.exe, 0.06966666666666667, , 0.002, , 376.687112
3654061.exe, 0.06866666666666667, , 0.002, , 372.964629
3654061.exe, 0.0685, , 0.002, , 373.565864
3654061.exe, 0.06983333333333334, , 0.002, , 367.672265
3654061.exe, 0.06816666666666667, , 0.002, , 373.220675
3654061.exe, 0.06949999999999999, , 0.002, , 370.902021
3654061.exe, 0.06783333333333333, , 0.002, , 375.971226
3654061.exe, 0.06933333333333332, , 0.002, , 379.511494
4104687.exe, 0.11133333333333333, , 0.002833333333333333, , 548.462941
4104687.exe, 0.112, , 0.0026666666666666666, , 543.05002
4104687.exe, 0.11116666666666666, , 0.0026666666666666666, , 546.535333
4104687.exe, 0.113, , 0.0026666666666666666, , 539.789081
4104687.exe, 0.11416666666666668, , 0.0026666666666666666, , 547.434939
4104687.exe, 0.1135, , 0.0026666666666666666, , 542.921846
4104687.exe, 0.114, , 0.0026666666666666666, , 539.115671
4104687.exe, 0.11316666666666667, , 0.0026666666666666666, , 543.604658
4104687.exe, 0.11433333333333334, , 0.0026666666666666666, , 538.596789
4104687.exe, 0.114, , 0.0026666666666666666, , 537.473861
4227908.exe, 0.14433333333333334, , 0.0038333333333333336, , 699.460449
4227908.exe, 0.14566666666666664, , 0.0038333333333333336, , 704.219601
4227908.exe, 0.14516666666666664, , 0.004, , 701.328816
4227908.exe, 0.1445, , 0.0038333333333333336, , 701.058524
4227908.exe, 0.1451666666666667, , 0.0038333333333333336, , 698.916249
4227908.exe, 0.14533333333333331, , 0.004, , 703.838435
4227908.exe, 0.146, , 0.004, , 703.363671
4227908.exe, 0.14566666666666664, , 0.0038333333333333336, , 704.910401
4227908.exe, 0.14633333333333334, , 0.0038333333333333336, , 702.073117
4227908.exe, 0.14666666666666664, , 0.004, , 705.85297
4459631.exe, 0.060833333333333336, , 0.001833333333333333, , 331.920583
4459631.exe, 0.06233333333333333, , 0.001833333333333333, , 326.126127
4459631.exe, 0.06216666666666667, , 0.001833333333333333, , 327.287715
4459631.exe, 0.06299999999999999, , 0.001833333333333333, , 324.469473
4459631.exe, 0.06166666666666667, , 0.001833333333333333, , 328.915376
4459631.exe, 0.06066666666666666, , 0.001833333333333333, , 332.903102
4459631.exe, 0.061666666666666654, , 0.001833333333333333, , 330.441151
4459631.exe, 0.06316666666666666, , 0.001833333333333333, , 324.011518
4459631.exe, 0.06216666666666667, , 0.001833333333333333, , 323.176359
4459631.exe, 0.06133333333333334, , 0.001833333333333333, , 332.163906
4606651.exe, 0.1445, , 0.0038333333333333336, , 702.213532
4606651.exe, 0.146, , 0.004, , 714.152999
4606651.exe, 0.14633333333333332, , 0.004, , 706.929832
4606651.exe, 0.1475, , 0.004, , 710.158115
4606651.exe, 0.1455, , 0.0038333333333333336, , 700.54264
4606651.exe, 0.14483333333333331, , 0.0038333333333333336, , 705.34776
4606651.exe, 0.14550000000000002, , 0.004, , 702.381389
4606651.exe, 0.14816666666666664, , 0.0038333333333333336, , 703.131519
4606651.exe, 0.14716666666666664, , 0.004, , 710.444954
4606651.exe, 0.14716666666666664, , 0.004, , 702.845389
4983117.exe, 0.11816666666666666, , 0.0026666666666666666, , 563.261393
4983117.exe, 0.11899999999999998, , 0.0026666666666666666, , 564.400759
4983117.exe, 0.11933333333333332, , 0.0026666666666666666, , 563.956459
4983117.exe, 0.1185, , 0.0026666666666666666, , 563.065877
4983117.exe, 0.11733333333333332, , 0.0026666666666666666, , 563.620059
4983117.exe, 0.11799999999999998, , 0.0026666666666666666, , 562.549494
4983117.exe, 0.11866666666666667, , 0.0026666666666666666, , 562.60056
4983117.exe, 0.11883333333333333, , 0.0026666666666666666, , 564.815025
4983117.exe, 0.11633333333333333, , 0.0026666666666666666, , 566.290116
4983117.exe, 0.11666666666666665, , 0.0026666666666666666, , 565.203304
5356631.exe, 0.07133333333333333, , 0.002, , 369.190631
5356631.exe, 0.073, , 0.002, , 372.626951
5356631.exe, 0.07183333333333333, , 0.002, , 371.973865
5356631.exe, 0.0715, , 0.002, , 367.512181
5356631.exe, 0.07116666666666666, , 0.002, , 379.748769
5356631.exe, 0.07333333333333332, , 0.002, , 376.932754
5356631.exe, 0.07083333333333333, , 0.002, , 371.899515
5356631.exe, 0.0705, , 0.002, , 377.140205
5356631.exe, 0.07066666666666666, , 0.002, , 374.192954
5356631.exe, 0.07233333333333332, , 0.002, , 381.179921
5461966.exe, 0.127, , 0.002833333333333333, , 616.632282
5461966.exe, 0.12733333333333335, , 0.002833333333333333, , 616.158023
5461966.exe, 0.12833333333333333, , 0.002833333333333333, , 615.344508
5461966.exe, 0.128, , 0.002833333333333333, , 616.814934
5461966.exe, 0.12833333333333333, , 0.002833333333333333, , 615.885873
5461966.exe, 0.1285, , 0.002833333333333333, , 614.027324
5461966.exe, 0.127, , 0.002833333333333333, , 624.296172
5461966.exe, 0.129, , 0.002833333333333333, , 614.497516
5461966.exe, 0.12833333333333333, , 0.002833333333333333, , 614.755897
5461966.exe, 0.12883333333333336, , 0.002833333333333333, , 614.554735
5595238.exe, 0.1195, , 0.002833333333333333, , 569.587121
5595238.exe, 0.11883333333333335, , 0.002833333333333333, , 571.359966
5595238.exe, 0.12016666666666667, , 0.002833333333333333, , 571.65877
5595238.exe, 0.1205, , 0.002833333333333333, , 570.122561
5595238.exe, 0.121, , 0.002833333333333333, , 570.661043
5595238.exe, 0.12050000000000001, , 0.002833333333333333, , 571.355113
5595238.exe, 0.11866666666666667, , 0.002833333333333333, , 573.405149
5595238.exe, 0.12000000000000001, , 0.002833333333333333, , 570.996
5595238.exe, 0.11933333333333332, , 0.002833333333333333, , 570.833648
5595238.exe, 0.12116666666666667, , 0.002833333333333333, , 573.85314
5672584.exe, 0.1215, , 0.002833333333333333, , 579.940707
5672584.exe, 0.12183333333333332, , 0.002833333333333333, , 578.341421
5672584.exe, 0.12183333333333332, , 0.002833333333333333, , 577.720421
5672584.exe, 0.12216666666666666, , 0.002833333333333333, , 579.634153
5672584.exe, 0.12216666666666667, , 0.002833333333333333, , 579.163073
5672584.exe, 0.12199999999999998, , 0.002833333333333333, , 581.956452
5672584.exe, 0.12033333333333335, , 0.002833333333333333, , 579.223492
5672584.exe, 0.12083333333333332, , 0.002833333333333333, , 583.007674
5672584.exe, 0.12116666666666667, , 0.002833333333333333, , 578.573369
5672584.exe, 0.12183333333333332, , 0.002833333333333333, , 580.331766
5673322.exe, 0.12166666666666666, , 0.002833333333333333, , 578.628327
5673322.exe, 0.1215, , 0.002833333333333333, , 578.879073
5673322.exe, 0.12133333333333332, , 0.002833333333333333, , 579.888388
5673322.exe, 0.12133333333333333, , 0.002833333333333333, , 582.375321
5673322.exe, 0.12166666666666666, , 0.002833333333333333, , 579.002482
5673322.exe, 0.12133333333333333, , 0.002833333333333333, , 580.099137
5673322.exe, 0.12166666666666665, , 0.002833333333333333, , 579.352585
5673322.exe, 0.12200000000000001, , 0.002833333333333333, , 582.750227
5673322.exe, 0.12166666666666665, , 0.002833333333333333, , 579.42475
5673322.exe, 0.12066666666666667, , 0.002833333333333333, , 577.825952
5811285.exe, 0.05600000000000001, , 0.001833333333333333, , 303.023666
5811285.exe, 0.05666666666666667, , 0.001833333333333333, , 299.924012
5811285.exe, 0.05633333333333334, , 0.001833333333333333, , 300.299047
5811285.exe, 0.056666666666666664, , 0.001833333333333333, , 300.295949
5811285.exe, 0.05600000000000001, , 0.001833333333333333, , 303.639864
5811285.exe, 0.056333333333333326, , 0.001833333333333333, , 300.579367
5811285.exe, 0.05633333333333334, , 0.001833333333333333, , 303.864391
5811285.exe, 0.05566666666666666, , 0.001833333333333333, , 303.816981
5811285.exe, 0.05583333333333334, , 0.001833333333333333, , 304.794215
5811285.exe, 0.056499999999999995, , 0.001833333333333333, , 303.477736
5914445.exe, 0.14633333333333332, , 0.004, , 710.511373
5914445.exe, 0.1445, , 0.004, , 708.610453
5914445.exe, 0.14316666666666666, , 0.0038333333333333336, , 709.611925
5914445.exe, 0.1445, , 0.004, , 708.871314
5914445.exe, 0.145, , 0.004, , 715.775393
5914445.exe, 0.1455, , 0.0038333333333333336, , 705.502909
5914445.exe, 0.1443333333333333, , 0.004, , 708.914302
5914445.exe, 0.1465, , 0.004, , 711.129245
5914445.exe, 0.14566666666666667, , 0.004, , 704.996569
5914445.exe, 0.14616666666666667, , 0.004, , 705.364391
7457995.exe, 0.12200000000000001, , 0.002833333333333333, , 580.315477
7457995.exe, 0.12116666666666667, , 0.002833333333333333, , 579.626741
7457995.exe, 0.12183333333333332, , 0.002833333333333333, , 578.046496
7457995.exe, 0.12250000000000001, , 0.002833333333333333, , 579.464203
7457995.exe, 0.12216666666666666, , 0.002833333333333333, , 579.693594
7457995.exe, 0.12266666666666666, , 0.002833333333333333, , 580.180221
7457995.exe, 0.12166666666666666, , 0.002833333333333333, , 580.108856
7457995.exe, 0.12166666666666666, , 0.002833333333333333, , 579.693988
7457995.exe, 0.12166666666666667, , 0.002833333333333333, , 581.435442
7457995.exe, 0.12166666666666665, , 0.002833333333333333, , 580.230674
7590448.exe, 0.1825, , 0.009000000000000001, , 962.833188
7590448.exe, 0.18216666666666664, , 0.009000000000000001, , 969.328329
7590448.exe, 0.18166666666666667, , 0.008833333333333334, , 961.558293
7590448.exe, 0.1835, , 0.008666666666666666, , 964.650753
7590448.exe, 0.18316666666666667, , 0.008833333333333334, , 965.880073
7590448.exe, 0.18383333333333332, , 0.009000000000000001, , 961.805539
7590448.exe, 0.18483333333333332, , 0.008833333333333334, , 970.581195
7590448.exe, 0.18233333333333335, , 0.008833333333333334, , 965.886018
7590448.exe, 0.18599999999999997, , 0.008666666666666666, , 975.802672
7590448.exe, 0.1835, , 0.008833333333333334, , 965.886626
7957547.exe, 0.12216666666666669, , 0.002833333333333333, , 580.746767
7957547.exe, 0.12233333333333335, , 0.002833333333333333, , 578.7838
7957547.exe, 0.12266666666666667, , 0.002833333333333333, , 578.309702
7957547.exe, 0.12200000000000003, , 0.002833333333333333, , 578.628794
7957547.exe, 0.12349999999999998, , 0.002833333333333333, , 581.738541
7957547.exe, 0.12149999999999998, , 0.002833333333333333, , 579.10907
7957547.exe, 0.12233333333333332, , 0.002833333333333333, , 579.046256
7957547.exe, 0.12250000000000001, , 0.002833333333333333, , 580.121601
7957547.exe, 0.12316666666666666, , 0.002833333333333333, , 579.245041
7957547.exe, 0.12216666666666669, , 0.002833333333333333, , 579.289904
844240.exe, 0.11816666666666668, , 0.002833333333333333, , 572.031736
844240.exe, 0.1195, , 0.002833333333333333, , 570.224138
844240.exe, 0.12066666666666669, , 0.002833333333333333, , 570.562934
844240.exe, 0.12066666666666667, , 0.002833333333333333, , 570.506672
844240.exe, 0.12066666666666667, , 0.002833333333333333, , 569.294415
844240.exe, 0.12150000000000001, , 0.002833333333333333, , 571.111192
844240.exe, 0.1195, , 0.002833333333333333, , 570.060732
844240.exe, 0.12066666666666667, , 0.002833333333333333, , 570.744007
844240.exe, 0.12033333333333333, , 0.002833333333333333, , 568.40316
844240.exe, 0.121, , 0.002833333333333333, , 572.173577
