1175601.exe, 0.1525, , 0.009333333333333334, , 978.017867
1175601.exe, 0.15116666666666667, , 0.009333333333333334, , 949.879925
1175601.exe, 0.154, , 0.009166666666666667, , 939.907556
1175601.exe, 0.15233333333333335, , 0.009166666666666667, , 945.895167
1175601.exe, 0.1515, , 0.009166666666666667, , 945.640069
1175601.exe, 0.15416666666666667, , 0.009166666666666667, , 943.510496
1175601.exe, 0.14983333333333335, , 0.009166666666666667, , 946.712196
1175601.exe, 0.15383333333333335, , 0.009166666666666667, , 945.349091
1175601.exe, 0.14966666666666667, , 0.009166666666666667, , 943.789078
1175601.exe, 0.1515, , 0.009166666666666667, , 942.123556
