1315752.exe, 0.0805, , 0.003833333333333334, , 488.29361
1315752.exe, 0.0805, , 0.003833333333333334, , 460.375483
1315752.exe, 0.08000000000000002, , 0.003833333333333334, , 465.660983
1315752.exe, 0.08016666666666668, , 0.003833333333333334, , 464.165258
1315752.exe, 0.078, , 0.003833333333333334, , 472.836218
1315752.exe, 0.076, , 0.003833333333333334, , 474.705374
1315752.exe, 0.0775, , 0.003833333333333334, , 467.331661
1315752.exe, 0.07983333333333334, , 0.003833333333333334, , 466.906698
1315752.exe, 0.07583333333333334, , 0.003833333333333334, , 477.46703
1315752.exe, 0.07316666666666667, , 0.003833333333333334, , 490.312655
1571671.exe, 0.2711666666666667, , 0.017, , 1623.113839
1571671.exe, 0.273, , 0.017, , 1628.343554
1571671.exe, 0.2743333333333334, , 0.017333333333333333, , 1632.61286
1571671.exe, 0.26966666666666667, , 0.017, , 1632.189882
1571671.exe, 0.2691666666666667, , 0.017166666666666667, , 1625.062195
1571671.exe, 0.26983333333333337, , 0.017, , 1630.413717
1571671.exe, 0.2675, , 0.017166666666666667, , 1632.551163
1571671.exe, 0.2673333333333333, , 0.016833333333333332, , 1628.020919
1571671.exe, 0.2675, , 0.017, , 1633.895417
1571671.exe, 0.269, , 0.017166666666666667, , 1617.480708
1992683.exe, 0.24400000000000002, , 0.006166666666666667, , 1291.189143
1992683.exe, 0.24566666666666664, , 0.006166666666666667, , 1293.67965
1992683.exe, 0.24516666666666667, , 0.006, , 1289.425774
1992683.exe, 0.24566666666666667, , 0.006333333333333333, , 1290.659075
1992683.exe, 0.2455, , 0.006166666666666667, , 1289.271498
1992683.exe, 0.24683333333333335, , 0.006333333333333333, , 1290.495927
1992683.exe, 0.2465, , 0.006333333333333333, , 1290.965811
1992683.exe, 0.2475, , 0.006333333333333333, , 1292.45911
1992683.exe, 0.24666666666666665, , 0.006333333333333333, , 1289.600404
1992683.exe, 0.246, , 0.006333333333333333, , 1289.243685
2696383.exe, 0.3208333333333334, , 0.007666666666666666, , 1629.702682
2696383.exe, 0.3198333333333333, , 0.007666666666666666, , 1642.780952
2696383.exe, 0.3188333333333333, , 0.007500000000000001, , 1623.861406
2696383.exe, 0.3203333333333333, , 0.007500000000000001, , 1624.866541
2696383.exe, 0.32133333333333336, , 0.007666666666666666, , 1633.551328
2696383.exe, 0.32249999999999995, , 0.007500000000000001, , 1634.15262
2696383.exe, 0.3216666666666666, , 0.007500000000000001, , 1628.884006
2696383.exe, 0.32083333333333325, , 0.007500000000000001, , 1625.2113
2696383.exe, 0.3201666666666666, , 0.007500000000000001, , 1625.062044
2696383.exe, 0.32083333333333336, , 0.007500000000000001, , 1631.635249
2706187.exe, 0.050499999999999996, , 0.0016666666666666666, , 306.718357
2706187.exe, 0.04866666666666667, , 0.002, , 316.304118
2706187.exe, 0.0495, , 0.002, , 311.569221
2706187.exe, 0.04950000000000001, , 0.002, , 309.109609
2706187.exe, 0.051000000000000004, , 0.0015, , 303.720662
2706187.exe, 0.051166666666666666, , 0.0018333333333333333, , 303.21649
2706187.exe, 0.05116666666666666, , 0.0023333333333333335, , 304.980001
2706187.exe, 0.04766666666666667, , 0.0021666666666666666, , 319.550636
2706187.exe, 0.05083333333333333, , 0.0016666666666666666, , 301.045049
2706187.exe, 0.04983333333333333, , 0.0016666666666666666, , 302.352247
344718.exe, 0.9283333333333332, , 0.022, , 5058.840483
344718.exe, 0.9224999999999999, , 0.022, , 5057.6657
344718.exe, 0.919, , 0.022, , 5056.806887
344718.exe, 0.9248333333333334, , 0.022, , 5055.511328
344718.exe, 0.925, , 0.022, , 5055.133188
344718.exe, 0.9263333333333333, , 0.022, , 5052.712419
344718.exe, 0.9213333333333333, , 0.022, , 5055.238836
344718.exe, 0.9228333333333334, , 0.022, , 5054.98862
344718.exe, 0.926, , 0.022, , 5056.654688
344718.exe, 0.9280000000000002, , 0.022, , 5057.458486
3594696.exe, 0.17233333333333334, , 0.009666666666666667, , 1050.169002
3594696.exe, 0.1743333333333333, , 0.010000000000000002, , 1060.402882
3594696.exe, 0.174, , 0.009666666666666667, , 1050.101322
3594696.exe, 0.1765, , 0.009833333333333335, , 1053.545471
3594696.exe, 0.17566666666666667, , 0.009666666666666667, , 1047.82522
3594696.exe, 0.17649999999999996, , 0.009666666666666667, , 1050.354602
3594696.exe, 0.177, , 0.009833333333333335, , 1054.367265
3594696.exe, 0.17550000000000002, , 0.009833333333333335, , 1056.776212
3594696.exe, 0.1758333333333333, , 0.009833333333333335, , 1053.896975
3594696.exe, 0.17633333333333334, , 0.009666666666666667, , 1053.424495
4301671.exe, 0.25, , 0.006333333333333333, , 1326.60192
4301671.exe, 0.25083333333333335, , 0.006333333333333333, , 1327.948366
4301671.exe, 0.24950000000000003, , 0.006333333333333333, , 1334.292108
4301671.exe, 0.24983333333333332, , 0.006333333333333333, , 1329.419529
4301671.exe, 0.25133333333333335, , 0.006333333333333333, , 1329.475705
4301671.exe, 0.25033333333333335, , 0.006333333333333333, , 1329.16029
4301671.exe, 0.24999999999999997, , 0.006333333333333333, , 1329.917881
4301671.exe, 0.24999999999999997, , 0.006333333333333333, , 1328.533853
4301671.exe, 0.24966666666666665, , 0.006333333333333333, , 1327.467389
4301671.exe, 0.25216666666666665, , 0.006333333333333333, , 1329.130227
4303820.exe, 0.2811666666666666, , 0.017166666666666667, , 1643.661011
4303820.exe, 0.2833333333333333, , 0.017166666666666667, , 1647.197566
4303820.exe, 0.279, , 0.017, , 1643.947214
4303820.exe, 0.2796666666666667, , 0.017, , 1642.083174
4303820.exe, 0.28049999999999997, , 0.016833333333333332, , 1651.524385
4303820.exe, 0.279, , 0.017166666666666667, , 1651.465068
4303820.exe, 0.28350000000000003, , 0.017166666666666667, , 1645.040617
4303820.exe, 0.28099999999999997, , 0.017, , 1659.113075
4303820.exe, 0.28150000000000003, , 0.017, , 1652.307079
4303820.exe, 0.2811666666666667, , 0.017, , 1651.725409
4663650.exe, 0.49166666666666664, , 0.011333333333333336, , 2552.303933
4663650.exe, 0.4925, , 0.011333333333333336, , 2550.865893
4663650.exe, 0.5001666666666666, , 0.011500000000000003, , 2554.113037
4663650.exe, 0.5045, , 0.011333333333333336, , 2558.757512
4663650.exe, 0.5288333333333334, , 0.018666666666666665, , 2578.931136
4663650.exe, 0.5209999999999999, , 0.017666666666666664, , 2573.225295
4663650.exe, 0.5073333333333333, , 0.014499999999999997, , 2567.177058
4663650.exe, 0.49716666666666676, , 0.01216666666666667, , 2560.508768
4663650.exe, 0.48266666666666663, , 0.011333333333333336, , 2552.490933
4663650.exe, 0.4828333333333334, , 0.011333333333333336, , 2551.388488
5032811.exe, 0.0575, , 0.0031666666666666675, , 323.456947
5032811.exe, 0.05566666666666666, , 0.0031666666666666675, , 329.420986
5032811.exe, 0.0565, , 0.0031666666666666675, , 330.289589
5032811.exe, 0.054000000000000006, , 0.0031666666666666675, , 340.451647
5032811.exe, 0.05733333333333334, , 0.0031666666666666675, , 321.934728
5032811.exe, 0.05516666666666667, , 0.0031666666666666675, , 331.61013
5032811.exe, 0.05616666666666667, , 0.0031666666666666675, , 341.183043
5032811.exe, 0.05616666666666668, , 0.0031666666666666675, , 326.677165
5032811.exe, 0.05616666666666667, , 0.0031666666666666675, , 330.553165
5032811.exe, 0.05683333333333333, , 0.0031666666666666675, , 324.545704
5108067.exe, 0.27999999999999997, , 0.007, , 1497.690197
5108067.exe, 0.2781666666666667, , 0.007, , 1500.961241
5108067.exe, 0.28049999999999997, , 0.007, , 1497.950747
5108067.exe, 0.27849999999999997, , 0.007, , 1496.989593
5108067.exe, 0.2789999999999999, , 0.007, , 1497.901149
5108067.exe, 0.2885, , 0.007, , 1501.961992
5108067.exe, 0.2803333333333332, , 0.007, , 1496.091738
5108067.exe, 0.2801666666666666, , 0.007, , 1498.010973
5108067.exe, 0.27949999999999997, , 0.007, , 1496.77622
5108067.exe, 0.2793333333333334, , 0.007, , 1496.601134
5372423.exe, 0.07433333333333333, , 0.003833333333333334, , 442.710054
5372423.exe, 0.07166666666666667, , 0.003833333333333334, , 448.580804
5372423.exe, 0.07400000000000001, , 0.003833333333333334, , 436.104755
5372423.exe, 0.07433333333333333, , 0.003833333333333334, , 444.531214
5372423.exe, 0.07533333333333332, , 0.003833333333333334, , 434.652471
5372423.exe, 0.07449999999999998, , 0.003833333333333334, , 435.323102
5372423.exe, 0.07416666666666667, , 0.003833333333333334, , 443.945809
5372423.exe, 0.07400000000000001, , 0.003833333333333334, , 435.772442
5372423.exe, 0.0745, , 0.003833333333333334, , 441.853195
5372423.exe, 0.07283333333333332, , 0.003833333333333334, , 451.398397
5624865.exe, 0.27549999999999997, , 0.016833333333333332, , 1642.843567
5624865.exe, 0.273, , 0.016833333333333332, , 1636.399357
5624865.exe, 0.27599999999999997, , 0.016833333333333332, , 1649.457363
5624865.exe, 0.2843333333333334, , 0.016833333333333332, , 1652.672049
5624865.exe, 0.2776666666666667, , 0.016833333333333332, , 1651.96454
5624865.exe, 0.2738333333333333, , 0.016833333333333332, , 1673.508245
5624865.exe, 0.27549999999999997, , 0.016833333333333332, , 1648.808646
5624865.exe, 0.2753333333333333, , 0.016833333333333332, , 1636.208237
5624865.exe, 0.2783333333333333, , 0.016833333333333332, , 1650.735457
5624865.exe, 0.2763333333333333, , 0.016833333333333332, , 1636.681932
5804862.exe, 0.18083333333333337, , 0.009833333333333335, , 1062.836453
5804862.exe, 0.17850000000000002, , 0.009666666666666667, , 1052.700593
5804862.exe, 0.17683333333333334, , 0.009666666666666667, , 1052.590561
5804862.exe, 0.18316666666666667, , 0.009833333333333335, , 1062.381157
5804862.exe, 0.17683333333333334, , 0.009666666666666667, , 1055.423681
5804862.exe, 0.17616666666666667, , 0.009666666666666667, , 1069.526263
5804862.exe, 0.1776666666666667, , 0.009666666666666667, , 1054.967408
5804862.exe, 0.17883333333333334, , 0.009666666666666667, , 1052.71705
5804862.exe, 0.1796666666666667, , 0.009666666666666667, , 1052.972416
5804862.exe, 0.17883333333333334, , 0.009666666666666667, , 1051.308826
6470436.exe, 0.042, , 0.0016666666666666668, , 260.053036
6470436.exe, 0.04216666666666667, , 0.0016666666666666668, , 258.94153
6470436.exe, 0.04, , 0.002, , 276.343517
6470436.exe, 0.03949999999999999, , 0.0016666666666666668, , 284.253948
6470436.exe, 0.042, , 0.002, , 262.12776
6470436.exe, 0.03816666666666666, , 0.0018333333333333333, , 288.949144
6470436.exe, 0.03733333333333333, , 0.0021666666666666666, , 294.966152
6470436.exe, 0.04, , 0.0016666666666666668, , 271.383278
6470436.exe, 0.038000000000000006, , 0.002, , 293.134846
6470436.exe, 0.03783333333333332, , 0.002, , 285.67672
