1099920.exe, 0.014166666666666666, , 0.0005, , 105.465903
1099920.exe, 0.010833333333333334, , 0.0005, , 100.56605
1099920.exe, 0.012666666666666666, , 0.0005, , 91.647083
1099920.exe, 0.014666666666666666, , 0.0005, , 81.505391
1099920.exe, 0.013666666666666666, , 0.0005, , 83.740412
1099920.exe, 0.009833333333333333, , 0.0005, , 114.558472
1099920.exe, 0.010166666666666666, , 0.0005, , 108.801556
1099920.exe, 0.010666666666666666, , 0.0005, , 109.497114
1099920.exe, 0.010666666666666666, , 0.0005, , 105.181668
1099920.exe, 0.01, , 0.0005, , 120.324427
1141254.exe, 0.014, , 0.0005, , 91.493563
1141254.exe, 0.011166666666666667, , 0.0005, , 108.476127
1141254.exe, 0.013833333333333333, , 0.0005, , 94.942256
1141254.exe, 0.013166666666666665, , 0.0005, , 95.554126
1141254.exe, 0.010333333333333333, , 0.0005, , 121.900556
1141254.exe, 0.010833333333333334, , 0.0005, , 117.02423
1141254.exe, 0.010833333333333334, , 0.0006666666666666666, , 110.824546
1141254.exe, 0.010666666666666666, , 0.0005, , 119.149136
1141254.exe, 0.0105, , 0.0005, , 122.343193
1141254.exe, 0.010666666666666666, , 0.0005, , 125.067464
1164955.exe, 0.017666666666666667, , 0.0005, , 86.487027
1164955.exe, 0.017333333333333333, , 0.0005, , 90.65674
1164955.exe, 0.0175, , 0.0005, , 90.718645
1164955.exe, 0.015333333333333334, , 0.0005, , 99.95998
1164955.exe, 0.013000000000000001, , 0.0006666666666666666, , 114.643088
1164955.exe, 0.0145, , 0.0006666666666666666, , 103.940381
1164955.exe, 0.013833333333333333, , 0.0005, , 108.933935
1164955.exe, 0.012499999999999999, , 0.0005, , 117.091671
1164955.exe, 0.014833333333333334, , 0.0005, , 99.28459
1164955.exe, 0.0175, , 0.0005, , 89.324967
1192925.exe, 0.050666666666666665, , 0.0013333333333333333, , 233.766674
1192925.exe, 0.0505, , 0.0013333333333333333, , 233.150309
1192925.exe, 0.05033333333333333, , 0.0013333333333333333, , 234.692454
1192925.exe, 0.05116666666666667, , 0.0013333333333333333, , 234.965824
1192925.exe, 0.050833333333333335, , 0.0013333333333333333, , 233.298757
1192925.exe, 0.049666666666666665, , 0.0013333333333333333, , 236.09017
1192925.exe, 0.05066666666666667, , 0.0013333333333333333, , 234.193633
1192925.exe, 0.05100000000000001, , 0.0013333333333333333, , 232.320131
1192925.exe, 0.050333333333333334, , 0.0013333333333333333, , 232.355015
1192925.exe, 0.050333333333333334, , 0.0013333333333333333, , 233.158509
1253138.exe, 0.050333333333333334, , 0.0013333333333333333, , 230.585146
1253138.exe, 0.0495, , 0.0013333333333333333, , 229.63575
1253138.exe, 0.05016666666666667, , 0.0013333333333333333, , 231.004637
1253138.exe, 0.04833333333333333, , 0.0013333333333333333, , 246.640012
1253138.exe, 0.049833333333333334, , 0.0013333333333333333, , 231.443378
1253138.exe, 0.05016666666666667, , 0.0013333333333333333, , 230.544094
1253138.exe, 0.0495, , 0.0013333333333333333, , 231.666793
1253138.exe, 0.0495, , 0.0013333333333333333, , 232.191486
1253138.exe, 0.0505, , 0.0013333333333333333, , 234.036133
1253138.exe, 0.050333333333333334, , 0.0013333333333333333, , 229.34301
1346798.exe, 0.051333333333333335, , 0.0013333333333333333, , 237.648688
1346798.exe, 0.049666666666666665, , 0.0013333333333333333, , 239.112036
1346798.exe, 0.050499999999999996, , 0.0013333333333333333, , 236.743574
1346798.exe, 0.050833333333333335, , 0.0013333333333333333, , 237.055168
1346798.exe, 0.051666666666666666, , 0.0013333333333333333, , 238.163307
1346798.exe, 0.0515, , 0.0013333333333333333, , 236.932334
1346798.exe, 0.051333333333333335, , 0.0013333333333333333, , 237.462797
1346798.exe, 0.05100000000000001, , 0.0013333333333333333, , 238.904111
1346798.exe, 0.050833333333333335, , 0.0013333333333333333, , 238.783532
1346798.exe, 0.051666666666666666, , 0.0013333333333333333, , 236.414011
1399024.exe, 0.0495, , 0.0013333333333333333, , 227.996312
1399024.exe, 0.05, , 0.0013333333333333333, , 227.740112
1399024.exe, 0.050333333333333334, , 0.0013333333333333333, , 230.244996
1399024.exe, 0.049666666666666665, , 0.0013333333333333333, , 228.087307
1399024.exe, 0.049666666666666665, , 0.0013333333333333333, , 230.868004
1399024.exe, 0.049499999999999995, , 0.0013333333333333333, , 227.437359
1399024.exe, 0.049499999999999995, , 0.0013333333333333333, , 227.720599
1399024.exe, 0.05, , 0.0013333333333333333, , 227.844257
1399024.exe, 0.05, , 0.0013333333333333333, , 228.603682
1399024.exe, 0.04900000000000001, , 0.0013333333333333333, , 228.664477
182932.exe, 0.025166666666666667, , 0.0006666666666666666, , 127.513324
182932.exe, 0.024333333333333332, , 0.0005, , 129.640671
182932.exe, 0.024333333333333332, , 0.0006666666666666666, , 131.99283
182932.exe, 0.024, , 0.0006666666666666666, , 134.280361
182932.exe, 0.025166666666666667, , 0.0006666666666666666, , 127.26065
182932.exe, 0.025, , 0.0006666666666666666, , 128.040958
182932.exe, 0.023666666666666666, , 0.0006666666666666666, , 132.908844
182932.exe, 0.025, , 0.0006666666666666666, , 127.799196
182932.exe, 0.025166666666666667, , 0.0006666666666666666, , 128.820183
182932.exe, 0.024666666666666667, , 0.0006666666666666666, , 129.56569
1840297.exe, 0.015166666666666667, , 0.0005, , 85.9299
1840297.exe, 0.013333333333333332, , 0.0005, , 93.782076
1840297.exe, 0.013666666666666666, , 0.0005, , 93.789666
1840297.exe, 0.013333333333333332, , 0.0005, , 94.346783
1840297.exe, 0.0145, , 0.0005, , 88.64773
1840297.exe, 0.016, , 0.0005, , 81.600832
1840297.exe, 0.010833333333333334, , 0.0006666666666666666, , 114.887979
1840297.exe, 0.015166666666666667, , 0.0005, , 90.507446
1840297.exe, 0.01633333333333333, , 0.0005, , 82.256119
1840297.exe, 0.016166666666666666, , 0.0005, , 82.280316
1859305.exe, 0.014833333333333334, , 0.0005, , 88.663503
1859305.exe, 0.010333333333333333, , 0.0006666666666666666, , 125.641123
1859305.exe, 0.011333333333333334, , 0.0006666666666666666, , 110.754635
1859305.exe, 0.010666666666666666, , 0.0006666666666666666, , 123.364424
1859305.exe, 0.010666666666666666, , 0.0005, , 122.457848
1859305.exe, 0.012833333333333332, , 0.0005, , 101.863763
1859305.exe, 0.012, , 0.0005, , 108.854372
1859305.exe, 0.011666666666666667, , 0.0005, , 102.158288
1859305.exe, 0.011833333333333335, , 0.0005, , 102.110988
1859305.exe, 0.013000000000000001, , 0.0005, , 95.309342
1863270.exe, 0.014666666666666666, , 0.0005, , 85.087937
1863270.exe, 0.014833333333333334, , 0.0005, , 85.67125
1863270.exe, 0.014333333333333333, , 0.0005, , 88.912932
1863270.exe, 0.011166666666666665, , 0.0005, , 107.757557
1863270.exe, 0.010333333333333333, , 0.0005, , 115.297105
1863270.exe, 0.012833333333333334, , 0.0005, , 103.39753
1863270.exe, 0.011000000000000001, , 0.0005, , 110.447742
1863270.exe, 0.011000000000000001, , 0.0005, , 109.958435
1863270.exe, 0.012166666666666668, , 0.0005, , 106.962975
1863270.exe, 0.013833333333333335, , 0.0005, , 91.127034
1956910.exe, 0.0175, , 0.0005, , 85.523831
1956910.exe, 0.016833333333333332, , 0.0005, , 88.603407
1956910.exe, 0.013000000000000001, , 0.0006666666666666666, , 111.604929
1956910.exe, 0.012833333333333332, , 0.0005, , 111.250925
1956910.exe, 0.013, , 0.0006666666666666666, , 111.405887
1956910.exe, 0.014333333333333333, , 0.0005, , 106.513909
1956910.exe, 0.013833333333333335, , 0.0005, , 105.945283
1956910.exe, 0.01633333333333333, , 0.0005, , 89.479642
1956910.exe, 0.016333333333333335, , 0.0005, , 91.905642
1956910.exe, 0.017166666666666667, , 0.0005, , 88.079445
2025154.exe, 0.015000000000000001, , 0.0005, , 88.951586
2025154.exe, 0.014333333333333333, , 0.0005, , 91.857197
2025154.exe, 0.0165, , 0.0005, , 82.003115
2025154.exe, 0.0165, , 0.0005, , 82.072917
2025154.exe, 0.016166666666666666, , 0.0005, , 80.665317
2025154.exe, 0.0165, , 0.0005, , 80.500913
2025154.exe, 0.012833333333333332, , 0.0005, , 98.0633
2025154.exe, 0.012166666666666664, , 0.0005, , 103.230536
2025154.exe, 0.013833333333333333, , 0.0005, , 94.981732
2025154.exe, 0.014833333333333334, , 0.0005, , 86.146092
211894.exe, 0.017166666666666667, , 0.0005, , 88.640937
211894.exe, 0.017166666666666667, , 0.0005, , 89.376762
211894.exe, 0.0165, , 0.0005, , 92.855196
211894.exe, 0.0145, , 0.0005, , 100.900666
211894.exe, 0.015333333333333334, , 0.0005, , 98.700049
211894.exe, 0.017666666666666667, , 0.0005, , 91.744372
211894.exe, 0.017, , 0.0005, , 90.302526
211894.exe, 0.016166666666666666, , 0.0005, , 89.529623
211894.exe, 0.017, , 0.0005, , 89.944253
211894.exe, 0.017, , 0.0005, , 88.871999
2158936.exe, 0.051000000000000004, , 0.0013333333333333333, , 240.110257
2158936.exe, 0.050666666666666665, , 0.0013333333333333333, , 239.317141
2158936.exe, 0.0505, , 0.0013333333333333333, , 241.020328
2158936.exe, 0.050666666666666665, , 0.0013333333333333333, , 240.473951
2158936.exe, 0.050833333333333335, , 0.0013333333333333333, , 240.76119
2158936.exe, 0.051000000000000004, , 0.0013333333333333333, , 241.064169
2158936.exe, 0.050333333333333334, , 0.0013333333333333333, , 243.512041
2158936.exe, 0.05, , 0.0013333333333333333, , 243.195833
2158936.exe, 0.050666666666666665, , 0.0013333333333333333, , 241.675746
2158936.exe, 0.051166666666666666, , 0.0013333333333333333, , 239.811568
2165152.exe, 0.050499999999999996, , 0.0013333333333333333, , 241.524366
2165152.exe, 0.052000000000000005, , 0.0013333333333333333, , 242.928133
2165152.exe, 0.050666666666666665, , 0.0013333333333333333, , 244.731858
2165152.exe, 0.05183333333333333, , 0.0013333333333333333, , 239.616646
2165152.exe, 0.0515, , 0.0013333333333333333, , 243.884656
2165152.exe, 0.05166666666666667, , 0.0013333333333333333, , 240.375949
2165152.exe, 0.051500000000000004, , 0.0013333333333333333, , 239.862283
2165152.exe, 0.052000000000000005, , 0.0013333333333333333, , 242.170417
2165152.exe, 0.051166666666666666, , 0.0013333333333333333, , 239.95941
2165152.exe, 0.051500000000000004, , 0.0013333333333333333, , 239.315874
2255569.exe, 0.016, , 0.0005, , 81.629568
2255569.exe, 0.0115, , 0.0006666666666666666, , 115.021476
2255569.exe, 0.0115, , 0.0005, , 112.312236
2255569.exe, 0.013166666666666667, , 0.0005, , 97.104366
2255569.exe, 0.013, , 0.0005, , 97.385976
2255569.exe, 0.011166666666666667, , 0.0005, , 122.126375
2255569.exe, 0.011000000000000001, , 0.0005, , 116.166824
2255569.exe, 0.010666666666666666, , 0.0005, , 119.71905
2255569.exe, 0.0125, , 0.0005, , 102.153148
2255569.exe, 0.010666666666666666, , 0.0005, , 114.896431
2320041.exe, 0.05033333333333334, , 0.0013333333333333333, , 231.149644
2320041.exe, 0.0505, , 0.0013333333333333333, , 231.919306
2320041.exe, 0.050833333333333335, , 0.0013333333333333333, , 231.359069
2320041.exe, 0.05016666666666667, , 0.0013333333333333333, , 231.778155
2320041.exe, 0.05016666666666667, , 0.0013333333333333333, , 233.819268
2320041.exe, 0.050833333333333335, , 0.0013333333333333333, , 232.014936
2320041.exe, 0.050166666666666665, , 0.0013333333333333333, , 231.095645
2320041.exe, 0.05000000000000001, , 0.0013333333333333333, , 233.982451
2320041.exe, 0.050833333333333335, , 0.0013333333333333333, , 231.855201
2320041.exe, 0.05000000000000001, , 0.0013333333333333333, , 231.151295
2543436.exe, 0.017166666666666667, , 0.0005, , 85.64669
2543436.exe, 0.016666666666666666, , 0.0005, , 84.961816
2543436.exe, 0.01566666666666667, , 0.0005, , 90.613795
2543436.exe, 0.016666666666666666, , 0.0005, , 85.37527
2543436.exe, 0.012666666666666666, , 0.0005, , 109.450126
2543436.exe, 0.012166666666666666, , 0.0006666666666666666, , 114.832029
2543436.exe, 0.010833333333333334, , 0.0006666666666666666, , 127.825771
2543436.exe, 0.012666666666666665, , 0.0005, , 105.715903
2543436.exe, 0.0145, , 0.0005, , 96.632287
2543436.exe, 0.0125, , 0.0006666666666666666, , 112.314894
2595975.exe, 0.014833333333333334, , 0.0005, , 86.34487
2595975.exe, 0.015666666666666666, , 0.0005, , 84.907871
2595975.exe, 0.012333333333333333, , 0.0005, , 102.482355
2595975.exe, 0.013333333333333332, , 0.0005, , 100.124094
2595975.exe, 0.016166666666666666, , 0.0005, , 82.877532
2595975.exe, 0.01633333333333333, , 0.0005, , 81.122032
2595975.exe, 0.01633333333333333, , 0.0005, , 81.806827
2595975.exe, 0.0165, , 0.0005, , 82.860195
2595975.exe, 0.0165, , 0.0005, , 83.184367
2595975.exe, 0.015333333333333332, , 0.0005, , 86.894643
2605208.exe, 0.015666666666666666, , 0.0005, , 83.952465
2605208.exe, 0.015666666666666666, , 0.0005, , 83.782181
2605208.exe, 0.01633333333333333, , 0.0005, , 81.184014
2605208.exe, 0.016166666666666666, , 0.0005, , 82.247288
2605208.exe, 0.016666666666666666, , 0.0005, , 82.693072
2605208.exe, 0.016166666666666666, , 0.0005, , 81.329834
2605208.exe, 0.015333333333333332, , 0.0005, , 83.015915
2605208.exe, 0.015166666666666667, , 0.0005, , 86.435449
2605208.exe, 0.014833333333333334, , 0.0005, , 86.610132
2605208.exe, 0.015500000000000002, , 0.0005, , 86.877465
2605331.exe, 0.014166666666666666, , 0.0005, , 89.661246
2605331.exe, 0.0105, , 0.0005, , 119.173963
2605331.exe, 0.012333333333333332, , 0.0005, , 95.668272
2605331.exe, 0.012666666666666665, , 0.0005, , 95.912512
2605331.exe, 0.012833333333333332, , 0.0005, , 96.36771
2605331.exe, 0.015166666666666667, , 0.0005, , 83.147895
2605331.exe, 0.016, , 0.0005, , 79.317748
2605331.exe, 0.015833333333333335, , 0.0005, , 79.50544
2605331.exe, 0.016, , 0.0005, , 81.181858
2605331.exe, 0.016166666666666666, , 0.0005, , 81.171469
2607963.exe, 0.015333333333333332, , 0.0005, , 81.530153
2607963.exe, 0.011, , 0.0005, , 109.223261
2607963.exe, 0.010666666666666666, , 0.0005, , 114.768978
2607963.exe, 0.010666666666666666, , 0.0005, , 109.123687
2607963.exe, 0.013333333333333332, , 0.0005, , 91.994964
2607963.exe, 0.015333333333333334, , 0.0005, , 81.977942
2607963.exe, 0.014833333333333334, , 0.0005, , 85.174779
2607963.exe, 0.016166666666666666, , 0.0005, , 80.497159
2607963.exe, 0.016166666666666666, , 0.0005, , 80.757551
2607963.exe, 0.016166666666666666, , 0.0005, , 80.571229
2712872.exe, 0.014666666666666666, , 0.0005, , 76.106547
2712872.exe, 0.014, , 0.0005, , 80.565169
2712872.exe, 0.015500000000000002, , 0.0005, , 82.329493
2712872.exe, 0.014, , 0.0005, , 81.694911
2712872.exe, 0.014333333333333333, , 0.0005, , 79.415416
2712872.exe, 0.015499999999999998, , 0.0005, , 76.792553
2712872.exe, 0.015166666666666667, , 0.0005, , 76.204786
2712872.exe, 0.014166666666666666, , 0.0005, , 80.629003
2712872.exe, 0.014166666666666666, , 0.0005, , 80.563837
2712872.exe, 0.014333333333333333, , 0.0005, , 80.120154
2768935.exe, 0.016, , 0.0005, , 79.549381
2768935.exe, 0.014833333333333334, , 0.0005, , 85.158895
2768935.exe, 0.0135, , 0.0005, , 92.77476
2768935.exe, 0.012666666666666666, , 0.0005, , 97.107294
2768935.exe, 0.012666666666666665, , 0.0005, , 98.789144
2768935.exe, 0.016166666666666666, , 0.0005, , 81.362925
2768935.exe, 0.016166666666666666, , 0.0005, , 80.566333
2768935.exe, 0.015166666666666665, , 0.0005, , 85.485246
2768935.exe, 0.014166666666666666, , 0.0005, , 87.56316
2768935.exe, 0.016, , 0.0005, , 80.096165
2789652.exe, 0.0485, , 0.0013333333333333333, , 231.165703
2789652.exe, 0.049499999999999995, , 0.0013333333333333333, , 227.759999
2789652.exe, 0.04916666666666667, , 0.0013333333333333333, , 227.28498
2789652.exe, 0.04916666666666667, , 0.0013333333333333333, , 228.356413
2789652.exe, 0.04916666666666667, , 0.0013333333333333333, , 227.030026
2789652.exe, 0.049, , 0.0013333333333333333, , 231.986709
2789652.exe, 0.049, , 0.0013333333333333333, , 228.82979
2789652.exe, 0.049, , 0.0013333333333333333, , 228.972734
2789652.exe, 0.0495, , 0.0013333333333333333, , 228.237022
2789652.exe, 0.04966666666666667, , 0.0013333333333333333, , 228.719728
2793938.exe, 0.027000000000000003, , 0.0008333333333333334, , 147.29155
2793938.exe, 0.027666666666666666, , 0.0008333333333333334, , 143.397253
2793938.exe, 0.02816666666666667, , 0.0008333333333333334, , 140.923758
2793938.exe, 0.028333333333333332, , 0.0008333333333333334, , 141.220884
2793938.exe, 0.028500000000000004, , 0.0008333333333333334, , 141.856788
2793938.exe, 0.0285, , 0.0008333333333333334, , 140.531883
2793938.exe, 0.028500000000000004, , 0.0008333333333333334, , 140.368198
2793938.exe, 0.02816666666666667, , 0.0008333333333333334, , 139.995094
2793938.exe, 0.028833333333333336, , 0.0008333333333333334, , 140.306983
2793938.exe, 0.029166666666666667, , 0.0008333333333333334, , 141.540064
2823544.exe, 0.05, , 0.0013333333333333333, , 235.341363
2823544.exe, 0.0495, , 0.0013333333333333333, , 233.477679
2823544.exe, 0.05000000000000001, , 0.0013333333333333333, , 232.851277
2823544.exe, 0.049833333333333334, , 0.0013333333333333333, , 233.898763
2823544.exe, 0.050166666666666665, , 0.0013333333333333333, , 231.548314
2823544.exe, 0.049833333333333334, , 0.0013333333333333333, , 232.239743
2823544.exe, 0.0505, , 0.0013333333333333333, , 234.74748
2823544.exe, 0.05000000000000001, , 0.0013333333333333333, , 232.111894
2823544.exe, 0.050333333333333334, , 0.0013333333333333333, , 231.179929
2823544.exe, 0.050333333333333334, , 0.0013333333333333333, , 231.072073
2942166.exe, 0.050333333333333334, , 0.0013333333333333333, , 230.999925
2942166.exe, 0.051000000000000004, , 0.0013333333333333333, , 232.70828
2942166.exe, 0.050833333333333335, , 0.0013333333333333333, , 230.576159
2942166.exe, 0.050333333333333334, , 0.0013333333333333333, , 231.302275
2942166.exe, 0.05000000000000001, , 0.0013333333333333333, , 232.534232
2942166.exe, 0.05066666666666667, , 0.0013333333333333333, , 231.206807
2942166.exe, 0.05066666666666667, , 0.0013333333333333333, , 230.802086
2942166.exe, 0.05016666666666667, , 0.0013333333333333333, , 230.606162
2942166.exe, 0.049666666666666665, , 0.0013333333333333333, , 232.637384
2942166.exe, 0.05, , 0.0013333333333333333, , 231.836178
2951975.exe, 0.050833333333333335, , 0.0013333333333333333, , 232.368666
2951975.exe, 0.050833333333333335, , 0.0013333333333333333, , 232.414144
2951975.exe, 0.05066666666666667, , 0.0013333333333333333, , 232.687901
2951975.exe, 0.05066666666666667, , 0.0013333333333333333, , 232.174665
2951975.exe, 0.051166666666666666, , 0.0013333333333333333, , 233.94208
2951975.exe, 0.05016666666666667, , 0.0013333333333333333, , 234.83067
2951975.exe, 0.05133333333333334, , 0.0013333333333333333, , 233.62065
2951975.exe, 0.050833333333333335, , 0.0013333333333333333, , 231.522749
2951975.exe, 0.04916666666666667, , 0.0013333333333333333, , 236.32761
2951975.exe, 0.050499999999999996, , 0.0013333333333333333, , 232.595929
2974603.exe, 0.015333333333333332, , 0.0005, , 84.278048
2974603.exe, 0.014666666666666666, , 0.0005, , 88.1679
2974603.exe, 0.013166666666666665, , 0.0005, , 94.227643
2974603.exe, 0.011500000000000002, , 0.0005, , 107.121446
2974603.exe, 0.014166666666666666, , 0.0005, , 91.313469
2974603.exe, 0.013666666666666666, , 0.0005, , 94.269815
2974603.exe, 0.0135, , 0.0005, , 94.163741
2974603.exe, 0.0135, , 0.0005, , 94.302977
2974603.exe, 0.0135, , 0.0005, , 93.738004
2974603.exe, 0.015166666666666667, , 0.0005, , 86.630703
3144096.exe, 0.11783333333333336, , 0.004166666666666667, , 607.601642
3144096.exe, 0.11800000000000002, , 0.004, , 607.664326
3144096.exe, 0.11933333333333332, , 0.0045000000000000005, , 609.889754
3144096.exe, 0.11816666666666667, , 0.004, , 608.017861
3144096.exe, 0.11883333333333333, , 0.004166666666666667, , 608.598516
3144096.exe, 0.11766666666666667, , 0.004, , 608.357079
3144096.exe, 0.11766666666666667, , 0.004166666666666667, , 608.608004
3144096.exe, 0.11766666666666667, , 0.004, , 607.650248
3144096.exe, 0.11800000000000001, , 0.004166666666666667, , 609.182
3144096.exe, 0.11833333333333335, , 0.004166666666666667, , 607.283661
3300816.exe, 0.016166666666666666, , 0.0005, , 80.709523
3300816.exe, 0.015166666666666665, , 0.0005, , 84.37592
3300816.exe, 0.016, , 0.0005, , 82.723038
3300816.exe, 0.0165, , 0.0005, , 82.338004
3300816.exe, 0.0165, , 0.0005, , 82.485982
3300816.exe, 0.0165, , 0.0005, , 82.938667
3300816.exe, 0.013666666666666666, , 0.0005, , 94.630309
3300816.exe, 0.013333333333333332, , 0.0005, , 94.607522
3300816.exe, 0.0135, , 0.0005, , 94.657769
3300816.exe, 0.013833333333333333, , 0.0005, , 91.91481
3373883.exe, 0.05, , 0.0013333333333333333, , 232.118598
3373883.exe, 0.0495, , 0.0013333333333333333, , 230.075372
3373883.exe, 0.05000000000000001, , 0.0013333333333333333, , 230.502167
3373883.exe, 0.0495, , 0.0013333333333333333, , 230.054791
3373883.exe, 0.050333333333333334, , 0.0013333333333333333, , 231.595246
3373883.exe, 0.049499999999999995, , 0.0013333333333333333, , 230.019958
3373883.exe, 0.05016666666666667, , 0.0013333333333333333, , 230.932787
3373883.exe, 0.04916666666666667, , 0.0013333333333333333, , 231.276899
3373883.exe, 0.048666666666666664, , 0.0013333333333333333, , 235.974355
3373883.exe, 0.04916666666666667, , 0.0013333333333333333, , 230.02609
3500180.exe, 0.050333333333333334, , 0.0013333333333333333, , 232.623486
3500180.exe, 0.050333333333333334, , 0.0013333333333333333, , 232.826179
3500180.exe, 0.05066666666666667, , 0.0013333333333333333, , 232.308506
3500180.exe, 0.050333333333333334, , 0.0013333333333333333, , 232.777545
3500180.exe, 0.05016666666666667, , 0.0013333333333333333, , 232.248954
3500180.exe, 0.05083333333333333, , 0.0013333333333333333, , 234.198241
3500180.exe, 0.05, , 0.0013333333333333333, , 233.491917
3500180.exe, 0.05066666666666667, , 0.0013333333333333333, , 231.805223
3500180.exe, 0.0505, , 0.0013333333333333333, , 232.63744
3500180.exe, 0.050499999999999996, , 0.0013333333333333333, , 233.375161
3636636.exe, 0.01633333333333333, , 0.0005, , 91.446225
3636636.exe, 0.015333333333333334, , 0.0005, , 93.435504
3636636.exe, 0.017166666666666667, , 0.0005, , 85.966763
3636636.exe, 0.017166666666666667, , 0.0005, , 84.953544
3636636.exe, 0.016, , 0.0005, , 89.136558
3636636.exe, 0.016333333333333335, , 0.0005, , 88.014197
3636636.exe, 0.016666666666666666, , 0.0005, , 87.515544
3636636.exe, 0.016833333333333332, , 0.0005, , 86.317034
3636636.exe, 0.017166666666666667, , 0.0005, , 86.150006
3636636.exe, 0.012333333333333333, , 0.0006666666666666666, , 117.166922
3806795.exe, 0.015666666666666666, , 0.0005, , 80.780543
3806795.exe, 0.0145, , 0.0005, , 83.643445
3806795.exe, 0.012333333333333333, , 0.0005, , 98.161909
3806795.exe, 0.009833333333333333, , 0.0006666666666666666, , 133.288618
3806795.exe, 0.012, , 0.0005, , 112.487187
3806795.exe, 0.0105, , 0.0005, , 119.664012
3806795.exe, 0.0105, , 0.0005, , 115.663765
3806795.exe, 0.010833333333333332, , 0.0005, , 114.119214
3806795.exe, 0.010666666666666666, , 0.0005, , 110.045084
3806795.exe, 0.010666666666666666, , 0.0005, , 109.117423
3941489.exe, 0.050166666666666665, , 0.0013333333333333333, , 232.207645
3941489.exe, 0.05000000000000001, , 0.0013333333333333333, , 231.169109
3941489.exe, 0.04916666666666667, , 0.0013333333333333333, , 232.967508
3941489.exe, 0.050333333333333334, , 0.0013333333333333333, , 231.680322
3941489.exe, 0.049666666666666665, , 0.0013333333333333333, , 231.680846
3941489.exe, 0.049499999999999995, , 0.0013333333333333333, , 233.18677
3941489.exe, 0.05016666666666667, , 0.0013333333333333333, , 231.919281
3941489.exe, 0.050666666666666665, , 0.0013333333333333333, , 232.561936
3941489.exe, 0.05066666666666667, , 0.0013333333333333333, , 231.458736
3941489.exe, 0.05, , 0.0013333333333333333, , 231.457904
405152.exe, 0.050833333333333335, , 0.0013333333333333333, , 235.448207
405152.exe, 0.0505, , 0.0013333333333333333, , 234.417278
405152.exe, 0.050833333333333335, , 0.0013333333333333333, , 234.331662
405152.exe, 0.050833333333333335, , 0.0013333333333333333, , 236.991927
405152.exe, 0.05066666666666667, , 0.0013333333333333333, , 234.324563
405152.exe, 0.05083333333333333, , 0.0013333333333333333, , 234.932308
405152.exe, 0.050666666666666665, , 0.0013333333333333333, , 236.397808
405152.exe, 0.05116666666666667, , 0.0013333333333333333, , 234.436324
405152.exe, 0.05116666666666667, , 0.0013333333333333333, , 235.125707
405152.exe, 0.05133333333333334, , 0.0013333333333333333, , 234.067599
4091019.exe, 0.015666666666666666, , 0.0005, , 81.772119
4091019.exe, 0.0135, , 0.0005, , 92.932365
4091019.exe, 0.0135, , 0.0005, , 93.582525
4091019.exe, 0.014, , 0.0005, , 90.056487
4091019.exe, 0.011833333333333333, , 0.0005, , 102.238765
4091019.exe, 0.012, , 0.0005, , 103.543751
4091019.exe, 0.014, , 0.0005, , 92.122163
4091019.exe, 0.013666666666666667, , 0.0005, , 94.15236
4091019.exe, 0.011833333333333333, , 0.0005, , 103.981183
4091019.exe, 0.014, , 0.0005, , 91.180005
4137155.exe, 0.049666666666666665, , 0.0013333333333333333, , 236.671829
4137155.exe, 0.04916666666666667, , 0.0013333333333333333, , 234.362601
4137155.exe, 0.048666666666666664, , 0.0013333333333333333, , 235.626691
4137155.exe, 0.050166666666666665, , 0.0013333333333333333, , 231.471508
4137155.exe, 0.049833333333333334, , 0.0013333333333333333, , 234.595362
4137155.exe, 0.05000000000000001, , 0.0013333333333333333, , 232.481597
4137155.exe, 0.049, , 0.0013333333333333333, , 234.508833
4137155.exe, 0.04933333333333333, , 0.0013333333333333333, , 232.199182
4137155.exe, 0.0485, , 0.0013333333333333333, , 239.106234
4137155.exe, 0.050166666666666665, , 0.0013333333333333333, , 236.048555
4229381.exe, 0.016, , 0.0005, , 81.092735
4229381.exe, 0.016166666666666666, , 0.0005, , 82.142581
4229381.exe, 0.013666666666666667, , 0.0005, , 92.741082
4229381.exe, 0.0135, , 0.0005, , 92.223856
4229381.exe, 0.011333333333333334, , 0.0005, , 105.772467
4229381.exe, 0.011000000000000001, , 0.0005, , 105.900122
4229381.exe, 0.011333333333333334, , 0.0005, , 106.309031
4229381.exe, 0.011166666666666667, , 0.0005, , 105.740915
4229381.exe, 0.010833333333333334, , 0.0005, , 106.026647
4229381.exe, 0.01566666666666667, , 0.0005, , 81.409155
4259947.exe, 0.05000000000000001, , 0.0013333333333333333, , 233.41479
4259947.exe, 0.05083333333333333, , 0.0013333333333333333, , 235.487206
4259947.exe, 0.0505, , 0.0013333333333333333, , 232.768687
4259947.exe, 0.050166666666666665, , 0.0013333333333333333, , 232.834026
4259947.exe, 0.049833333333333334, , 0.0013333333333333333, , 231.5145
4259947.exe, 0.04966666666666666, , 0.0013333333333333333, , 236.410667
4259947.exe, 0.050333333333333334, , 0.0013333333333333333, , 232.939256
4259947.exe, 0.050833333333333335, , 0.0013333333333333333, , 233.07085
4259947.exe, 0.05016666666666667, , 0.0013333333333333333, , 232.423767
4259947.exe, 0.05000000000000001, , 0.0013333333333333333, , 234.678164
4327196.exe, 0.050666666666666665, , 0.0013333333333333333, , 232.975892
4327196.exe, 0.049833333333333334, , 0.0013333333333333333, , 231.664216
4327196.exe, 0.05000000000000001, , 0.0013333333333333333, , 232.48572
4327196.exe, 0.05, , 0.0013333333333333333, , 231.313958
4327196.exe, 0.04933333333333333, , 0.0013333333333333333, , 234.721211
4327196.exe, 0.050333333333333334, , 0.0013333333333333333, , 231.719752
4327196.exe, 0.0495, , 0.0013333333333333333, , 234.004182
4327196.exe, 0.05, , 0.0013333333333333333, , 231.99007
4327196.exe, 0.050166666666666665, , 0.0013333333333333333, , 231.427696
4327196.exe, 0.05016666666666667, , 0.0013333333333333333, , 231.829778
4388131.exe, 0.015000000000000001, , 0.0005, , 84.677025
4388131.exe, 0.013333333333333332, , 0.0005, , 92.754817
4388131.exe, 0.013666666666666666, , 0.0005, , 91.474052
4388131.exe, 0.015000000000000001, , 0.0005, , 83.888495
4388131.exe, 0.014666666666666666, , 0.0005, , 87.630227
4388131.exe, 0.014666666666666666, , 0.0005, , 86.805346
4388131.exe, 0.015666666666666666, , 0.0005, , 82.963342
4388131.exe, 0.012333333333333333, , 0.0005, , 100.584849
4388131.exe, 0.014666666666666666, , 0.0005, , 87.946602
4388131.exe, 0.013833333333333333, , 0.0005, , 90.719589
4453075.exe, 0.049833333333333334, , 0.0013333333333333333, , 228.709699
4453075.exe, 0.04933333333333333, , 0.0013333333333333333, , 228.310175
4453075.exe, 0.049, , 0.0013333333333333333, , 230.605354
4453075.exe, 0.04933333333333334, , 0.0013333333333333333, , 229.561997
4453075.exe, 0.048666666666666664, , 0.0013333333333333333, , 231.509904
4453075.exe, 0.049, , 0.0013333333333333333, , 231.246489
4453075.exe, 0.04916666666666667, , 0.0013333333333333333, , 228.837497
4453075.exe, 0.04883333333333333, , 0.0013333333333333333, , 229.407032
4453075.exe, 0.04916666666666667, , 0.0013333333333333333, , 228.905959
4453075.exe, 0.04933333333333334, , 0.0013333333333333333, , 228.637553
4457827.exe, 0.015333333333333334, , 0.0005, , 75.921371
4457827.exe, 0.014166666666666666, , 0.0005, , 81.755788
4457827.exe, 0.013833333333333333, , 0.0005, , 83.173685
4457827.exe, 0.015333333333333334, , 0.0005, , 76.005656
4457827.exe, 0.015333333333333334, , 0.0005, , 76.32829
4457827.exe, 0.014833333333333334, , 0.0005, , 79.594902
4457827.exe, 0.015166666666666667, , 0.0005, , 77.981219
4457827.exe, 0.015499999999999998, , 0.0005, , 77.32946
4457827.exe, 0.015500000000000002, , 0.0005, , 77.044539
4457827.exe, 0.01566666666666667, , 0.0005, , 77.517942
4509738.exe, 0.015166666666666667, , 0.0005, , 75.62925
4509738.exe, 0.015500000000000002, , 0.0005, , 76.457654
4509738.exe, 0.014666666666666666, , 0.0005, , 78.043743
4509738.exe, 0.011333333333333334, , 0.0005, , 93.364008
4509738.exe, 0.011, , 0.0005, , 98.791511
4509738.exe, 0.01, , 0.0005, , 104.842249
4509738.exe, 0.009666666666666665, , 0.0005, , 116.952784
4509738.exe, 0.010666666666666666, , 0.0005, , 103.700613
4509738.exe, 0.012666666666666666, , 0.0005, , 90.087837
4509738.exe, 0.013833333333333333, , 0.0005, , 84.170573
4541520.exe, 0.016166666666666666, , 0.0005, , 80.889559
4541520.exe, 0.016166666666666666, , 0.0005, , 81.776881
4541520.exe, 0.01633333333333333, , 0.0005, , 81.412899
4541520.exe, 0.01633333333333333, , 0.0005, , 81.222703
4541520.exe, 0.011000000000000001, , 0.0005, , 116.308816
4541520.exe, 0.012166666666666666, , 0.0005, , 97.728226
4541520.exe, 0.011000000000000001, , 0.0005, , 117.975199
4541520.exe, 0.011666666666666665, , 0.0006666666666666666, , 105.352228
4541520.exe, 0.0105, , 0.0005, , 121.196298
4541520.exe, 0.011000000000000001, , 0.0005, , 110.872722
4546781.exe, 0.013333333333333334, , 0.0005, , 96.078606
4546781.exe, 0.010333333333333333, , 0.0006666666666666666, , 122.029576
4546781.exe, 0.010333333333333333, , 0.0006666666666666666, , 121.173771
4546781.exe, 0.011333333333333334, , 0.0005, , 111.3759
4546781.exe, 0.011166666666666667, , 0.0005, , 111.984584
4546781.exe, 0.011000000000000001, , 0.0005, , 110.427732
4546781.exe, 0.011166666666666667, , 0.0005, , 111.751979
4546781.exe, 0.012166666666666668, , 0.0005, , 116.29265
4546781.exe, 0.013833333333333333, , 0.0005, , 92.496501
4546781.exe, 0.013666666666666666, , 0.0005, , 94.747325
4624508.exe, 0.05000000000000001, , 0.0013333333333333333, , 233.38155
4624508.exe, 0.05000000000000001, , 0.0013333333333333333, , 232.028002
4624508.exe, 0.05716666666666667, , 0.0013333333333333333, , 234.378829
4624508.exe, 0.05000000000000001, , 0.0013333333333333333, , 231.672156
4624508.exe, 0.05, , 0.0013333333333333333, , 232.04197
4624508.exe, 0.05, , 0.0013333333333333333, , 234.293408
4624508.exe, 0.050333333333333334, , 0.0013333333333333333, , 232.753354
4624508.exe, 0.0505, , 0.0013333333333333333, , 232.237026
4624508.exe, 0.0525, , 0.0013333333333333333, , 236.974801
4624508.exe, 0.0505, , 0.0013333333333333333, , 236.10221
4823855.exe, 0.020833333333333332, , 0.0005, , 81.447374
4823855.exe, 0.016, , 0.0005, , 80.556245
4823855.exe, 0.0145, , 0.0005, , 87.576093
4823855.exe, 0.013166666666666665, , 0.0005, , 96.97771
4823855.exe, 0.010833333333333334, , 0.0005, , 115.969171
4823855.exe, 0.011833333333333333, , 0.0005, , 101.99502
4823855.exe, 0.013333333333333332, , 0.0005, , 95.969957
4823855.exe, 0.01583333333333333, , 0.0005, , 81.734576
4823855.exe, 0.018666666666666668, , 0.0008333333333333334, , 83.557245
4823855.exe, 0.017833333333333333, , 0.0008333333333333334, , 82.678969
5023680.exe, 0.01966666666666667, , 0.0008333333333333334, , 90.503833
5023680.exe, 0.018166666666666668, , 0.0006666666666666666, , 88.389979
5023680.exe, 0.018333333333333333, , 0.0008333333333333334, , 90.145513
5023680.exe, 0.017, , 0.0008333333333333334, , 96.0773
5023680.exe, 0.01633333333333333, , 0.0006666666666666666, , 94.9665
5023680.exe, 0.018166666666666668, , 0.0006666666666666666, , 90.7566
5023680.exe, 0.018833333333333334, , 0.0008333333333333334, , 88.006552
5023680.exe, 0.01783333333333333, , 0.0006666666666666666, , 94.068374
5023680.exe, 0.019166666666666665, , 0.0006666666666666666, , 89.943448
5023680.exe, 0.018666666666666668, , 0.0008333333333333334, , 88.879199
5118662.exe, 0.0165, , 0.0006666666666666666, , 83.491373
5118662.exe, 0.015166666666666667, , 0.0006666666666666666, , 94.060638
5118662.exe, 0.017, , 0.0005, , 82.390145
5118662.exe, 0.01633333333333333, , 0.0005, , 84.469692
5118662.exe, 0.016666666666666666, , 0.0006666666666666666, , 85.5982
5118662.exe, 0.016666666666666666, , 0.0006666666666666666, , 83.071722
5118662.exe, 0.017333333333333333, , 0.0005, , 82.112345
5118662.exe, 0.017166666666666667, , 0.0005, , 81.798438
5118662.exe, 0.017, , 0.0006666666666666666, , 83.809611
5118662.exe, 0.016333333333333335, , 0.0008333333333333334, , 81.874487
5137967.exe, 0.051166666666666666, , 0.0013333333333333333, , 233.716868
5137967.exe, 0.05166666666666666, , 0.0013333333333333333, , 233.209464
5137967.exe, 0.05266666666666667, , 0.0013333333333333333, , 236.460801
5137967.exe, 0.051000000000000004, , 0.0013333333333333333, , 233.76711
5137967.exe, 0.050833333333333335, , 0.0013333333333333333, , 233.484582
5137967.exe, 0.051000000000000004, , 0.0013333333333333333, , 234.899748
5137967.exe, 0.050666666666666665, , 0.0013333333333333333, , 232.385539
5137967.exe, 0.052500000000000005, , 0.0015, , 235.336978
5137967.exe, 0.049833333333333334, , 0.0013333333333333333, , 231.02574
5137967.exe, 0.049499999999999995, , 0.0013333333333333333, , 233.355131
540473.exe, 0.051000000000000004, , 0.0013333333333333333, , 234.814199
540473.exe, 0.0505, , 0.0013333333333333333, , 234.645076
540473.exe, 0.05016666666666667, , 0.0013333333333333333, , 233.40893
540473.exe, 0.0495, , 0.0013333333333333333, , 234.709999
540473.exe, 0.049666666666666665, , 0.0013333333333333333, , 231.801772
540473.exe, 0.049666666666666665, , 0.0013333333333333333, , 231.64052
540473.exe, 0.049833333333333334, , 0.0013333333333333333, , 230.500033
540473.exe, 0.04916666666666667, , 0.0013333333333333333, , 233.549052
540473.exe, 0.049833333333333334, , 0.0013333333333333333, , 235.221092
540473.exe, 0.049833333333333334, , 0.0013333333333333333, , 232.756024
5535842.exe, 0.02766666666666667, , 0.0008333333333333334, , 148.797968
5535842.exe, 0.02783333333333333, , 0.0008333333333333334, , 144.031475
5535842.exe, 0.027166666666666665, , 0.0008333333333333334, , 147.988308
5535842.exe, 0.0275, , 0.0008333333333333334, , 144.437823
5535842.exe, 0.027666666666666666, , 0.0008333333333333334, , 146.330677
5535842.exe, 0.028333333333333332, , 0.0008333333333333334, , 145.057784
5535842.exe, 0.0275, , 0.0008333333333333334, , 146.480697
5535842.exe, 0.0275, , 0.0008333333333333334, , 145.20366
5535842.exe, 0.028833333333333332, , 0.0008333333333333334, , 146.488749
5535842.exe, 0.028666666666666667, , 0.0008333333333333334, , 144.467867
5567076.exe, 0.015000000000000001, , 0.0005, , 76.121951
5567076.exe, 0.01566666666666667, , 0.0005, , 76.544272
5567076.exe, 0.015500000000000002, , 0.0005, , 77.194681
5567076.exe, 0.014166666666666666, , 0.0005, , 79.61285
5567076.exe, 0.014333333333333333, , 0.0005, , 80.476059
5567076.exe, 0.012, , 0.0005, , 91.263408
5567076.exe, 0.01, , 0.0005, , 113.023158
5567076.exe, 0.01, , 0.0005, , 112.833282
5567076.exe, 0.010666666666666666, , 0.0005, , 107.762539
5567076.exe, 0.012833333333333334, , 0.0005, , 88.421338
5643578.exe, 0.014333333333333333, , 0.0005, , 92.136658
5643578.exe, 0.013833333333333333, , 0.0005, , 93.897153
5643578.exe, 0.012666666666666666, , 0.0006666666666666666, , 98.998068
5643578.exe, 0.011166666666666665, , 0.0005, , 112.49909
5643578.exe, 0.009833333333333335, , 0.0006666666666666666, , 135.121667
5643578.exe, 0.012833333333333332, , 0.0005, , 93.820015
5643578.exe, 0.0105, , 0.0006666666666666666, , 120.929415
5643578.exe, 0.011833333333333333, , 0.0005, , 105.459927
5643578.exe, 0.010333333333333333, , 0.0006666666666666666, , 118.329293
5643578.exe, 0.015000000000000001, , 0.0005, , 88.593062
5667290.exe, 0.01566666666666667, , 0.0005, , 84.816387
5667290.exe, 0.0165, , 0.0005, , 81.148277
5667290.exe, 0.016166666666666666, , 0.0005, , 81.650474
5667290.exe, 0.012166666666666664, , 0.0005, , 102.633715
5667290.exe, 0.015333333333333334, , 0.0005, , 86.810268
5667290.exe, 0.0145, , 0.0005, , 91.758636
5667290.exe, 0.01583333333333333, , 0.0005, , 82.988616
5667290.exe, 0.014333333333333333, , 0.0005, , 87.788708
5667290.exe, 0.0165, , 0.0005, , 80.649352
5667290.exe, 0.013333333333333332, , 0.0005, , 93.810629
5784842.exe, 0.018500000000000003, , 0.0005, , 89.53515
5784842.exe, 0.018166666666666668, , 0.0005, , 89.461141
5784842.exe, 0.018500000000000003, , 0.0005, , 90.820488
5784842.exe, 0.017333333333333333, , 0.0005, , 93.189395
5784842.exe, 0.017, , 0.0005, , 96.578933
5784842.exe, 0.018166666666666668, , 0.0005, , 89.02143
5784842.exe, 0.018333333333333333, , 0.0005, , 88.938877
5784842.exe, 0.0175, , 0.0005, , 92.115899
5784842.exe, 0.016666666666666666, , 0.0005, , 95.176147
5784842.exe, 0.01633333333333333, , 0.0005, , 98.14808
5981411.exe, 0.016, , 0.0005, , 81.567864
5981411.exe, 0.015166666666666665, , 0.0005, , 86.417582
5981411.exe, 0.013166666666666665, , 0.0005, , 92.000369
5981411.exe, 0.016, , 0.0005, , 79.858912
5981411.exe, 0.016166666666666666, , 0.0005, , 79.917194
5981411.exe, 0.016166666666666666, , 0.0005, , 79.861724
5981411.exe, 0.016166666666666666, , 0.0005, , 80.80259
5981411.exe, 0.014666666666666666, , 0.0005, , 86.31026
5981411.exe, 0.0135, , 0.0005, , 90.54176
5981411.exe, 0.013833333333333333, , 0.0005, , 89.602379
6093834.exe, 0.05000000000000001, , 0.0013333333333333333, , 234.422873
6093834.exe, 0.049666666666666665, , 0.0013333333333333333, , 230.980141
6093834.exe, 0.049833333333333334, , 0.0013333333333333333, , 233.884561
6093834.exe, 0.050333333333333334, , 0.0013333333333333333, , 232.79219
6093834.exe, 0.050333333333333334, , 0.0013333333333333333, , 231.801142
6093834.exe, 0.05016666666666667, , 0.0013333333333333333, , 232.362191
6093834.exe, 0.05016666666666667, , 0.0013333333333333333, , 233.867497
6093834.exe, 0.04983333333333333, , 0.0013333333333333333, , 231.776679
6093834.exe, 0.05000000000000001, , 0.0013333333333333333, , 231.786443
6093834.exe, 0.049666666666666665, , 0.0013333333333333333, , 233.567276
610334.exe, 0.050333333333333334, , 0.0013333333333333333, , 231.209626
610334.exe, 0.049833333333333334, , 0.0013333333333333333, , 229.764784
610334.exe, 0.04933333333333333, , 0.0013333333333333333, , 228.276021
610334.exe, 0.049666666666666665, , 0.0013333333333333333, , 228.780448
610334.exe, 0.04916666666666667, , 0.0013333333333333333, , 227.721013
610334.exe, 0.05016666666666667, , 0.0013333333333333333, , 231.139224
610334.exe, 0.04933333333333333, , 0.0013333333333333333, , 228.318881
610334.exe, 0.04900000000000001, , 0.0013333333333333333, , 227.519205
610334.exe, 0.0495, , 0.0013333333333333333, , 227.484776
610334.exe, 0.049, , 0.0013333333333333333, , 227.013503
6275088.exe, 0.0515, , 0.0013333333333333333, , 242.564335
6275088.exe, 0.051833333333333335, , 0.0013333333333333333, , 239.418241
6275088.exe, 0.052000000000000005, , 0.0013333333333333333, , 238.74925
6275088.exe, 0.05216666666666667, , 0.0013333333333333333, , 239.521131
6275088.exe, 0.051000000000000004, , 0.0013333333333333333, , 241.306822
6275088.exe, 0.051833333333333335, , 0.0013333333333333333, , 240.365953
6275088.exe, 0.050833333333333335, , 0.0013333333333333333, , 240.942465
6275088.exe, 0.051500000000000004, , 0.0013333333333333333, , 239.544564
6275088.exe, 0.05116666666666667, , 0.0013333333333333333, , 238.670494
6275088.exe, 0.052000000000000005, , 0.0013333333333333333, , 239.324906
663149.exe, 0.01633333333333333, , 0.0005, , 82.396506
663149.exe, 0.016666666666666666, , 0.0005, , 83.446715
663149.exe, 0.0165, , 0.0005, , 83.790654
663149.exe, 0.014833333333333332, , 0.0005, , 89.479211
663149.exe, 0.015333333333333334, , 0.0005, , 85.874405
663149.exe, 0.016666666666666666, , 0.0005, , 82.853282
663149.exe, 0.0165, , 0.0005, , 83.501937
663149.exe, 0.01633333333333333, , 0.0005, , 82.76002
663149.exe, 0.01633333333333333, , 0.0005, , 82.545266
663149.exe, 0.015166666666666667, , 0.0005, , 90.043346
6691947.exe, 0.05283333333333333, , 0.0013333333333333333, , 245.436042
6691947.exe, 0.05266666666666667, , 0.0013333333333333333, , 245.82228
6691947.exe, 0.05366666666666666, , 0.0013333333333333333, , 247.214418
6691947.exe, 0.053, , 0.0013333333333333333, , 245.470327
6691947.exe, 0.05266666666666666, , 0.0013333333333333333, , 246.328748
6691947.exe, 0.05266666666666667, , 0.0013333333333333333, , 249.643648
6691947.exe, 0.05233333333333333, , 0.0013333333333333333, , 247.360969
6691947.exe, 0.0525, , 0.0013333333333333333, , 245.788085
6691947.exe, 0.05283333333333333, , 0.0013333333333333333, , 244.705172
6691947.exe, 0.05233333333333333, , 0.0013333333333333333, , 248.579511
7274517.exe, 0.05, , 0.0013333333333333333, , 229.670174
7274517.exe, 0.04916666666666667, , 0.0013333333333333333, , 228.242493
7274517.exe, 0.04933333333333333, , 0.0013333333333333333, , 228.97942
7274517.exe, 0.04933333333333333, , 0.0013333333333333333, , 229.002569
7274517.exe, 0.04916666666666667, , 0.0013333333333333333, , 232.967249
7274517.exe, 0.04916666666666667, , 0.0013333333333333333, , 229.775298
7274517.exe, 0.049666666666666665, , 0.0013333333333333333, , 229.670506
7274517.exe, 0.04883333333333333, , 0.0013333333333333333, , 230.484626
7274517.exe, 0.04916666666666667, , 0.0013333333333333333, , 230.360857
7274517.exe, 0.04916666666666667, , 0.0013333333333333333, , 229.862462
7332878.exe, 0.01583333333333333, , 0.0005, , 81.357294
7332878.exe, 0.014833333333333334, , 0.0005, , 85.435538
7332878.exe, 0.01583333333333333, , 0.0005, , 81.601434
7332878.exe, 0.015000000000000001, , 0.0005, , 84.035459
7332878.exe, 0.014666666666666666, , 0.0005, , 86.931259
7332878.exe, 0.014, , 0.0005, , 89.748753
7332878.exe, 0.015000000000000001, , 0.0005, , 85.63582
7332878.exe, 0.014666666666666666, , 0.0005, , 85.293572
7332878.exe, 0.014833333333333334, , 0.0005, , 84.692402
7332878.exe, 0.015499999999999998, , 0.0005, , 84.176379
7375390.exe, 0.020166666666666666, , 0.0005, , 102.726107
7375390.exe, 0.020666666666666667, , 0.0006666666666666666, , 113.484158
7375390.exe, 0.023666666666666666, , 0.0006666666666666666, , 103.859337
7375390.exe, 0.0205, , 0.0005, , 103.832964
7375390.exe, 0.0175, , 0.0006666666666666666, , 114.217951
7375390.exe, 0.018000000000000002, , 0.0006666666666666666, , 111.091905
7375390.exe, 0.018166666666666668, , 0.0005, , 107.699742
7375390.exe, 0.020166666666666666, , 0.0005, , 104.538835
7375390.exe, 0.01983333333333333, , 0.0005, , 103.561872
7375390.exe, 0.01983333333333333, , 0.0005, , 104.616787
7507851.exe, 0.016166666666666666, , 0.0005, , 81.485555
7507851.exe, 0.014166666666666666, , 0.0005, , 86.503233
7507851.exe, 0.015666666666666666, , 0.0005, , 82.369509
7507851.exe, 0.014333333333333333, , 0.0005, , 87.99115
7507851.exe, 0.015666666666666666, , 0.0005, , 81.811077
7507851.exe, 0.016, , 0.0005, , 79.786561
7507851.exe, 0.016166666666666666, , 0.0005, , 80.913224
7507851.exe, 0.016, , 0.0005, , 79.888222
7507851.exe, 0.016166666666666666, , 0.0005, , 81.368035
7507851.exe, 0.016166666666666666, , 0.0005, , 81.454128
788876.exe, 0.050166666666666665, , 0.0013333333333333333, , 231.818908
788876.exe, 0.048833333333333326, , 0.0013333333333333333, , 233.379986
788876.exe, 0.0495, , 0.0013333333333333333, , 231.225405
788876.exe, 0.05000000000000001, , 0.0013333333333333333, , 232.14169
788876.exe, 0.04933333333333333, , 0.0013333333333333333, , 233.097457
788876.exe, 0.049833333333333334, , 0.0013333333333333333, , 232.661931
788876.exe, 0.049666666666666665, , 0.0013333333333333333, , 231.562181
788876.exe, 0.049833333333333334, , 0.0013333333333333333, , 231.589108
788876.exe, 0.05000000000000001, , 0.0013333333333333333, , 232.603092
788876.exe, 0.049833333333333334, , 0.0013333333333333333, , 230.476719
8059454.exe, 0.017, , 0.0005, , 85.294806
8059454.exe, 0.014166666666666666, , 0.0005, , 98.98304
8059454.exe, 0.013666666666666666, , 0.0005, , 102.459128
8059454.exe, 0.014, , 0.0005, , 101.02466
8059454.exe, 0.016666666666666666, , 0.0005, , 85.026394
8059454.exe, 0.016666666666666666, , 0.0005, , 85.962719
8059454.exe, 0.013333333333333332, , 0.0005, , 104.430199
8059454.exe, 0.015000000000000001, , 0.0005, , 93.337527
8059454.exe, 0.014833333333333334, , 0.0005, , 97.487316
8059454.exe, 0.016833333333333332, , 0.0005, , 86.639285
811745.exe, 0.050166666666666665, , 0.0013333333333333333, , 233.388577
811745.exe, 0.049666666666666665, , 0.0013333333333333333, , 232.827495
811745.exe, 0.04916666666666667, , 0.0013333333333333333, , 235.243535
811745.exe, 0.050333333333333334, , 0.0013333333333333333, , 233.048395
811745.exe, 0.05016666666666667, , 0.0013333333333333333, , 231.313511
811745.exe, 0.050333333333333334, , 0.0013333333333333333, , 235.560209
811745.exe, 0.04933333333333334, , 0.0013333333333333333, , 235.810239
811745.exe, 0.049833333333333334, , 0.0013333333333333333, , 231.387151
811745.exe, 0.05, , 0.0013333333333333333, , 231.671067
811745.exe, 0.05016666666666667, , 0.0013333333333333333, , 232.923824
8124566.exe, 0.015499999999999998, , 0.0005, , 87.430988
8124566.exe, 0.016, , 0.0005, , 83.984505
8124566.exe, 0.0165, , 0.0005, , 84.605168
8124566.exe, 0.01583333333333333, , 0.0005, , 86.148789
8124566.exe, 0.01616666666666667, , 0.0005, , 84.521366
8124566.exe, 0.015666666666666666, , 0.0005, , 85.714501
8124566.exe, 0.013166666666666665, , 0.0005, , 98.714604
8124566.exe, 0.015000000000000001, , 0.0005, , 87.933744
8124566.exe, 0.015166666666666667, , 0.0005, , 87.464384
8124566.exe, 0.015500000000000002, , 0.0005, , 87.716987
8201251.exe, 0.015666666666666666, , 0.0005, , 79.369388
8201251.exe, 0.016, , 0.0005, , 79.249453
8201251.exe, 0.0145, , 0.0005, , 86.698182
8201251.exe, 0.011500000000000002, , 0.0005, , 102.484786
8201251.exe, 0.014, , 0.0005, , 90.31361
8201251.exe, 0.016, , 0.0005, , 79.461454
8201251.exe, 0.016, , 0.0005, , 79.254688
8201251.exe, 0.01583333333333333, , 0.0005, , 79.292686
8201251.exe, 0.014833333333333334, , 0.0005, , 85.182284
8201251.exe, 0.015000000000000001, , 0.0005, , 83.794847
848361.exe, 0.04933333333333333, , 0.0013333333333333333, , 228.237835
848361.exe, 0.04916666666666667, , 0.0013333333333333333, , 228.427304
848361.exe, 0.049499999999999995, , 0.0013333333333333333, , 228.354493
848361.exe, 0.05616666666666666, , 0.0013333333333333333, , 233.539593
848361.exe, 0.04933333333333333, , 0.0013333333333333333, , 229.327584
848361.exe, 0.04933333333333333, , 0.0013333333333333333, , 228.305598
848361.exe, 0.049499999999999995, , 0.0013333333333333333, , 229.261477
848361.exe, 0.049666666666666665, , 0.0013333333333333333, , 229.55613
848361.exe, 0.04933333333333333, , 0.0013333333333333333, , 228.836826
848361.exe, 0.04916666666666667, , 0.0013333333333333333, , 230.545034
8545343.exe, 0.01583333333333333, , 0.0005, , 82.874276
8545343.exe, 0.015500000000000002, , 0.0005, , 85.416108
8545343.exe, 0.015500000000000002, , 0.0005, , 84.928846
8545343.exe, 0.014833333333333334, , 0.0005, , 86.011295
8545343.exe, 0.01566666666666667, , 0.0005, , 81.717547
8545343.exe, 0.016166666666666666, , 0.0005, , 81.816167
8545343.exe, 0.014833333333333334, , 0.0005, , 85.280098
8545343.exe, 0.01633333333333333, , 0.0005, , 82.130061
8545343.exe, 0.01633333333333333, , 0.0005, , 82.911381
8545343.exe, 0.012833333333333332, , 0.0005, , 97.066916
8577288.exe, 0.01583333333333333, , 0.0005, , 79.05157
8577288.exe, 0.01583333333333333, , 0.0005, , 79.841712
8577288.exe, 0.014666666666666666, , 0.0005, , 85.009103
8577288.exe, 0.013, , 0.0005, , 92.729017
8577288.exe, 0.0135, , 0.0005, , 89.481199
8577288.exe, 0.013833333333333333, , 0.0005, , 88.198436
8577288.exe, 0.015333333333333334, , 0.0005, , 83.087798
8577288.exe, 0.01583333333333333, , 0.0005, , 79.75398
8577288.exe, 0.016, , 0.0005, , 80.058836
8577288.exe, 0.016166666666666666, , 0.0005, , 80.650962
950066.exe, 0.01633333333333333, , 0.0005, , 79.741071
950066.exe, 0.0165, , 0.0005, , 80.814423
950066.exe, 0.0145, , 0.0005, , 90.454176
950066.exe, 0.011000000000000001, , 0.0005, , 110.517537
950066.exe, 0.010833333333333334, , 0.0005, , 109.977786
950066.exe, 0.013166666666666667, , 0.0005, , 99.254424
950066.exe, 0.013666666666666666, , 0.0005, , 91.365939
950066.exe, 0.015000000000000001, , 0.0005, , 84.253602
950066.exe, 0.011166666666666667, , 0.0005, , 111.476432
950066.exe, 0.010833333333333334, , 0.0005, , 115.603099
