1604797.exe, 0.014, , 0.0005, , 114.927575
1604797.exe, 0.015166666666666667, , 0.0005, , 89.34881
1604797.exe, 0.014833333333333334, , 0.0005, , 87.852913
1604797.exe, 0.013833333333333333, , 0.0005, , 89.238056
1604797.exe, 0.013833333333333333, , 0.0005, , 91.170783
1604797.exe, 0.012333333333333335, , 0.0005, , 105.621147
1604797.exe, 0.01633333333333333, , 0.0005, , 80.988606
1604797.exe, 0.014166666666666666, , 0.0005, , 94.266249
1604797.exe, 0.0115, , 0.0005, , 110.033312
1604797.exe, 0.012, , 0.0005, , 104.737378
166404.exe, 0.049666666666666665, , 0.0013333333333333333, , 228.363095
166404.exe, 0.05016666666666667, , 0.0013333333333333333, , 229.887897
166404.exe, 0.049833333333333334, , 0.0013333333333333333, , 228.568388
166404.exe, 0.050333333333333334, , 0.0013333333333333333, , 227.601415
166404.exe, 0.049666666666666665, , 0.0013333333333333333, , 229.185684
166404.exe, 0.049833333333333334, , 0.0013333333333333333, , 227.421772
166404.exe, 0.0505, , 0.0013333333333333333, , 228.066149
166404.exe, 0.05, , 0.0013333333333333333, , 227.876524
166404.exe, 0.0505, , 0.0013333333333333333, , 227.558614
166404.exe, 0.049666666666666665, , 0.0013333333333333333, , 229.948793
1923894.exe, 0.0175, , 0.0005, , 83.479198
1923894.exe, 0.017166666666666667, , 0.0005, , 83.631788
1923894.exe, 0.017166666666666667, , 0.0005, , 84.785478
1923894.exe, 0.012833333333333334, , 0.0006666666666666666, , 107.175725
1923894.exe, 0.013833333333333333, , 0.0005, , 103.353525
1923894.exe, 0.015500000000000002, , 0.0005, , 93.321922
1923894.exe, 0.01616666666666667, , 0.0005, , 87.96458
1923894.exe, 0.017166666666666667, , 0.0005, , 84.790059
1923894.exe, 0.014166666666666666, , 0.0005, , 96.106656
1923894.exe, 0.011666666666666665, , 0.0005, , 115.452756
217838.exe, 0.05183333333333333, , 0.0013333333333333333, , 237.855575
217838.exe, 0.05183333333333333, , 0.0013333333333333333, , 238.06531
217838.exe, 0.051166666666666666, , 0.0013333333333333333, , 239.868884
217838.exe, 0.051166666666666666, , 0.0013333333333333333, , 237.854757
217838.exe, 0.050833333333333335, , 0.0013333333333333333, , 240.117288
217838.exe, 0.051666666666666666, , 0.0013333333333333333, , 237.588556
217838.exe, 0.051500000000000004, , 0.0013333333333333333, , 237.656831
217838.exe, 0.05183333333333333, , 0.0013333333333333333, , 238.62623
217838.exe, 0.05183333333333333, , 0.0013333333333333333, , 238.280693
217838.exe, 0.05166666666666667, , 0.0013333333333333333, , 238.230782
2767461.exe, 0.050499999999999996, , 0.0013333333333333333, , 234.289945
2767461.exe, 0.0505, , 0.0013333333333333333, , 233.21082
2767461.exe, 0.050333333333333334, , 0.0013333333333333333, , 232.993389
2767461.exe, 0.050333333333333334, , 0.0013333333333333333, , 233.708437
2767461.exe, 0.049833333333333334, , 0.0013333333333333333, , 232.949375
2767461.exe, 0.05066666666666667, , 0.0013333333333333333, , 237.088062
2767461.exe, 0.050333333333333334, , 0.0013333333333333333, , 234.849608
2767461.exe, 0.0505, , 0.0013333333333333333, , 235.383673
2767461.exe, 0.0505, , 0.0013333333333333333, , 233.828208
2767461.exe, 0.051333333333333335, , 0.0013333333333333333, , 233.466092
3630111.exe, 0.015166666666666667, , 0.0005, , 85.407443
3630111.exe, 0.012333333333333333, , 0.0005, , 104.204565
3630111.exe, 0.014666666666666666, , 0.0005, , 92.632137
3630111.exe, 0.014666666666666666, , 0.0005, , 90.981045
3630111.exe, 0.016833333333333332, , 0.0005, , 82.528461
3630111.exe, 0.016666666666666666, , 0.0005, , 81.63536
3630111.exe, 0.015333333333333334, , 0.0005, , 89.270373
3630111.exe, 0.013500000000000002, , 0.0005, , 97.211429
3630111.exe, 0.0165, , 0.0005, , 81.63934
3630111.exe, 0.016, , 0.0005, , 85.228161
3868191.exe, 0.04833333333333333, , 0.0016666666666666668, , 259.424152
3868191.exe, 0.048666666666666664, , 0.0016666666666666668, , 262.242322
3868191.exe, 0.04833333333333333, , 0.0016666666666666668, , 263.125097
3868191.exe, 0.04766666666666666, , 0.0016666666666666668, , 260.141763
3868191.exe, 0.0485, , 0.0016666666666666668, , 257.9892
3868191.exe, 0.04816666666666666, , 0.0016666666666666668, , 260.578703
3868191.exe, 0.049333333333333326, , 0.0016666666666666668, , 265.006615
3868191.exe, 0.048666666666666664, , 0.0016666666666666668, , 260.432404
3868191.exe, 0.048, , 0.0016666666666666668, , 258.538904
3868191.exe, 0.047, , 0.0016666666666666668, , 267.343595
3876123.exe, 0.014833333333333334, , 0.0005, , 90.5196
3876123.exe, 0.012166666666666664, , 0.0005, , 105.769386
3876123.exe, 0.010833333333333334, , 0.0005, , 117.954353
3876123.exe, 0.015333333333333334, , 0.0005, , 87.121261
3876123.exe, 0.015500000000000002, , 0.0005, , 87.300437
3876123.exe, 0.011000000000000001, , 0.0005, , 112.605195
3876123.exe, 0.011000000000000001, , 0.0005, , 111.859917
3876123.exe, 0.013, , 0.0005, , 101.945724
3876123.exe, 0.011666666666666667, , 0.0005, , 107.754205
3876123.exe, 0.015333333333333334, , 0.0005, , 86.775143
4061439.exe, 0.0505, , 0.0013333333333333333, , 233.40464
4061439.exe, 0.0505, , 0.0013333333333333333, , 233.418942
4061439.exe, 0.051000000000000004, , 0.0013333333333333333, , 234.003664
4061439.exe, 0.05116666666666667, , 0.0013333333333333333, , 234.018983
4061439.exe, 0.05200000000000001, , 0.0013333333333333333, , 238.593392
4061439.exe, 0.050833333333333335, , 0.0013333333333333333, , 234.649298
4061439.exe, 0.051333333333333335, , 0.0013333333333333333, , 233.52698
4061439.exe, 0.051000000000000004, , 0.0013333333333333333, , 233.307109
4061439.exe, 0.051666666666666666, , 0.0013333333333333333, , 233.983429
4061439.exe, 0.050499999999999996, , 0.0013333333333333333, , 235.815367
4246029.exe, 0.016833333333333332, , 0.0006666666666666666, , 94.2764
4246029.exe, 0.013833333333333333, , 0.0005, , 104.518145
4246029.exe, 0.0135, , 0.0005, , 110.02918
4246029.exe, 0.017666666666666667, , 0.0006666666666666666, , 89.876273
4246029.exe, 0.016666666666666666, , 0.0005, , 90.903628
4246029.exe, 0.01633333333333333, , 0.0005, , 91.596713
4246029.exe, 0.016166666666666666, , 0.0005, , 93.472593
4246029.exe, 0.015500000000000002, , 0.0005, , 94.976697
4246029.exe, 0.016333333333333335, , 0.0006666666666666666, , 94.005817
4246029.exe, 0.015166666666666667, , 0.0005, , 98.009493
4264435.exe, 0.0605, , 0.0018333333333333333, , 316.600364
4264435.exe, 0.06183333333333333, , 0.0018333333333333333, , 326.107138
4264435.exe, 0.06066666666666666, , 0.0018333333333333333, , 321.758303
4264435.exe, 0.0605, , 0.0018333333333333333, , 316.893721
4264435.exe, 0.06233333333333334, , 0.0018333333333333333, , 327.697326
4264435.exe, 0.059833333333333336, , 0.0018333333333333333, , 315.072765
4264435.exe, 0.05983333333333333, , 0.0018333333333333333, , 315.121425
4264435.exe, 0.06016666666666667, , 0.0018333333333333333, , 314.225231
4264435.exe, 0.06016666666666667, , 0.0018333333333333333, , 313.201473
4264435.exe, 0.06116666666666667, , 0.0018333333333333333, , 318.090782
4294775.exe, 0.050333333333333334, , 0.0013333333333333333, , 230.892367
4294775.exe, 0.04933333333333334, , 0.0013333333333333333, , 231.493725
4294775.exe, 0.04933333333333334, , 0.0013333333333333333, , 230.871419
4294775.exe, 0.05016666666666667, , 0.0013333333333333333, , 231.515995
4294775.exe, 0.04916666666666667, , 0.0013333333333333333, , 233.055781
4294775.exe, 0.049, , 0.0013333333333333333, , 233.702889
4294775.exe, 0.049499999999999995, , 0.0013333333333333333, , 231.309202
4294775.exe, 0.050499999999999996, , 0.0013333333333333333, , 232.618382
4294775.exe, 0.04916666666666667, , 0.0013333333333333333, , 232.361339
4294775.exe, 0.04916666666666667, , 0.0013333333333333333, , 233.598952
4386985.exe, 0.016666666666666666, , 0.0005, , 79.889369
4386985.exe, 0.0165, , 0.0005, , 79.56803
4386985.exe, 0.016833333333333332, , 0.0005, , 80.742928
4386985.exe, 0.013833333333333333, , 0.0006666666666666666, , 91.671496
4386985.exe, 0.011833333333333333, , 0.0005, , 112.007656
4386985.exe, 0.0135, , 0.0005, , 97.620908
4386985.exe, 0.012166666666666666, , 0.0006666666666666666, , 119.419242
4386985.exe, 0.011166666666666667, , 0.0005, , 109.745431
4386985.exe, 0.015000000000000001, , 0.0005, , 86.304907
4386985.exe, 0.016166666666666666, , 0.0005, , 79.586557
4806011.exe, 0.016166666666666666, , 0.0005, , 80.366804
4806011.exe, 0.014333333333333333, , 0.0005, , 93.446758
4806011.exe, 0.015166666666666665, , 0.0005, , 84.827017
4806011.exe, 0.015000000000000001, , 0.0005, , 85.594916
4806011.exe, 0.015000000000000001, , 0.0005, , 89.610839
4806011.exe, 0.011333333333333332, , 0.0006666666666666666, , 111.686612
4806011.exe, 0.011833333333333331, , 0.0005, , 106.892566
4806011.exe, 0.011666666666666665, , 0.0005, , 111.247696
4806011.exe, 0.012333333333333333, , 0.0005, , 103.599033
4806011.exe, 0.011333333333333334, , 0.0005, , 114.76338
4823473.exe, 0.050333333333333334, , 0.0013333333333333333, , 232.242254
4823473.exe, 0.049833333333333334, , 0.0013333333333333333, , 233.490938
4823473.exe, 0.0505, , 0.0013333333333333333, , 231.738736
4823473.exe, 0.049833333333333334, , 0.0013333333333333333, , 233.625074
4823473.exe, 0.050333333333333334, , 0.0013333333333333333, , 231.895301
4823473.exe, 0.05016666666666667, , 0.0013333333333333333, , 231.620797
4823473.exe, 0.05000000000000001, , 0.0013333333333333333, , 233.371553
4823473.exe, 0.050333333333333334, , 0.0013333333333333333, , 232.807869
4823473.exe, 0.050333333333333334, , 0.0013333333333333333, , 233.465179
4823473.exe, 0.0505, , 0.0013333333333333333, , 232.192328
5045851.exe, 0.015499999999999998, , 0.0005, , 78.975655
5045851.exe, 0.0135, , 0.0005, , 89.314938
5045851.exe, 0.013166666666666665, , 0.0005, , 92.010875
5045851.exe, 0.012333333333333333, , 0.0005, , 98.136354
5045851.exe, 0.011000000000000001, , 0.0005, , 108.897848
5045851.exe, 0.0125, , 0.0005, , 101.140696
5045851.exe, 0.014666666666666666, , 0.0005, , 84.417488
5045851.exe, 0.0145, , 0.0005, , 84.607908
5045851.exe, 0.012833333333333332, , 0.0005, , 91.769198
5045851.exe, 0.013166666666666665, , 0.0005, , 91.87935
5606913.exe, 0.01633333333333333, , 0.0005, , 82.843953
5606913.exe, 0.011999999999999999, , 0.0005, , 107.311869
5606913.exe, 0.011666666666666667, , 0.0005, , 107.272424
5606913.exe, 0.012833333333333332, , 0.0005, , 103.902773
5606913.exe, 0.016666666666666666, , 0.0005, , 81.525982
5606913.exe, 0.016666666666666666, , 0.0005, , 80.579423
5606913.exe, 0.016166666666666666, , 0.0005, , 82.698955
5606913.exe, 0.014333333333333333, , 0.0005, , 89.108245
5606913.exe, 0.014333333333333333, , 0.0005, , 90.383529
5606913.exe, 0.015166666666666665, , 0.0005, , 86.851688
7148062.exe, 0.017, , 0.0005, , 85.116285
7148062.exe, 0.015500000000000002, , 0.0005, , 88.542204
7148062.exe, 0.015500000000000002, , 0.0005, , 88.569516
7148062.exe, 0.016833333333333332, , 0.0005, , 84.123302
7148062.exe, 0.015166666666666667, , 0.0006666666666666666, , 98.688195
7148062.exe, 0.014333333333333333, , 0.0005, , 94.367243
7148062.exe, 0.016, , 0.0005, , 86.827154
7148062.exe, 0.016666666666666666, , 0.0005, , 86.039421
7148062.exe, 0.014833333333333334, , 0.0005, , 92.144628
7148062.exe, 0.016166666666666666, , 0.0005, , 87.166879
7611471.exe, 0.051000000000000004, , 0.0013333333333333333, , 233.874925
7611471.exe, 0.050666666666666665, , 0.0013333333333333333, , 232.888447
7611471.exe, 0.050333333333333334, , 0.0013333333333333333, , 232.441433
7611471.exe, 0.05016666666666667, , 0.0013333333333333333, , 232.532598
7611471.exe, 0.05000000000000001, , 0.0013333333333333333, , 232.311259
7611471.exe, 0.049666666666666665, , 0.0013333333333333333, , 234.89343
7611471.exe, 0.05, , 0.0013333333333333333, , 232.303308
7611471.exe, 0.050333333333333334, , 0.0013333333333333333, , 233.921001
7611471.exe, 0.049666666666666665, , 0.0013333333333333333, , 234.490347
7611471.exe, 0.04866666666666667, , 0.0013333333333333333, , 250.181539
8340073.exe, 0.05016666666666667, , 0.0013333333333333333, , 231.914521
8340073.exe, 0.05016666666666667, , 0.0013333333333333333, , 233.672203
8340073.exe, 0.050833333333333335, , 0.0013333333333333333, , 236.645466
8340073.exe, 0.05000000000000001, , 0.0013333333333333333, , 234.174478
8340073.exe, 0.050333333333333334, , 0.0013333333333333333, , 232.464504
8340073.exe, 0.049499999999999995, , 0.0013333333333333333, , 234.447243
8340073.exe, 0.049499999999999995, , 0.0013333333333333333, , 231.960483
8340073.exe, 0.050333333333333334, , 0.0013333333333333333, , 232.644948
8340073.exe, 0.05016666666666667, , 0.0013333333333333333, , 234.554826
8340073.exe, 0.051000000000000004, , 0.0013333333333333333, , 232.283542
