1358987.exe, 0.13016666666666665, , 0.004333333333333333, , 637.425708
1358987.exe, 0.1295, , 0.004333333333333333, , 617.053289
1358987.exe, 0.13133333333333333, , 0.004333333333333333, , 623.331639
1358987.exe, 0.132, , 0.004333333333333333, , 629.452599
1358987.exe, 0.13016666666666665, , 0.004333333333333333, , 622.449917
1358987.exe, 0.13033333333333333, , 0.004333333333333333, , 624.360427
1358987.exe, 0.13033333333333333, , 0.004333333333333333, , 619.535179
1358987.exe, 0.12983333333333336, , 0.004333333333333333, , 618.23297
1358987.exe, 0.12933333333333333, , 0.004333333333333333, , 622.652855
1358987.exe, 0.12883333333333333, , 0.004333333333333333, , 620.395502
2432135.exe, 0.06733333333333333, , 0.0030000000000000005, , 339.602297
2432135.exe, 0.06733333333333333, , 0.0028333333333333335, , 342.381603
2432135.exe, 0.06666666666666667, , 0.0026666666666666666, , 338.748474
2432135.exe, 0.06549999999999999, , 0.0026666666666666666, , 339.519673
2432135.exe, 0.06716666666666667, , 0.003166666666666667, , 339.866452
2432135.exe, 0.0665, , 0.0030000000000000005, , 337.919902
2432135.exe, 0.066, , 0.003166666666666667, , 339.29229
2432135.exe, 0.0665, , 0.0030000000000000005, , 338.809871
2432135.exe, 0.06650000000000002, , 0.0030000000000000005, , 338.771232
2432135.exe, 0.06916666666666667, , 0.0030000000000000005, , 340.630353
3260092.exe, 0.1345, , 0.0036666666666666666, , 652.670843
3260092.exe, 0.13416666666666668, , 0.0036666666666666666, , 649.427737
3260092.exe, 0.13316666666666666, , 0.0036666666666666666, , 648.840693
3260092.exe, 0.13316666666666668, , 0.0036666666666666666, , 646.468383
3260092.exe, 0.13316666666666666, , 0.0036666666666666666, , 647.333388
3260092.exe, 0.13483333333333333, , 0.0036666666666666666, , 651.885668
3260092.exe, 0.13283333333333333, , 0.0036666666666666666, , 646.047968
3260092.exe, 0.13416666666666666, , 0.0036666666666666666, , 650.263988
3260092.exe, 0.1335, , 0.0036666666666666666, , 648.158198
3260092.exe, 0.13366666666666666, , 0.0036666666666666666, , 647.763491
3609782.exe, 0.05916666666666667, , 0.0023333333333333335, , 304.707775
3609782.exe, 0.058, , 0.0023333333333333335, , 307.393306
3609782.exe, 0.058833333333333335, , 0.0021666666666666666, , 302.093827
3609782.exe, 0.05716666666666667, , 0.0023333333333333335, , 322.426895
3609782.exe, 0.05916666666666667, , 0.0023333333333333335, , 301.232172
3609782.exe, 0.05933333333333334, , 0.0025, , 302.170754
3609782.exe, 0.05866666666666667, , 0.0023333333333333335, , 300.963774
3609782.exe, 0.058333333333333334, , 0.0021666666666666666, , 300.972507
3609782.exe, 0.05916666666666667, , 0.0025, , 302.5743
3609782.exe, 0.058833333333333335, , 0.0025, , 302.266854
3645649.exe, 0.07866666666666668, , 0.002833333333333333, , 415.922508
3645649.exe, 0.07916666666666666, , 0.002833333333333333, , 416.578147
3645649.exe, 0.07933333333333333, , 0.003, , 418.5456
3645649.exe, 0.0785, , 0.002833333333333333, , 417.388532
3645649.exe, 0.07916666666666666, , 0.002833333333333333, , 418.488834
3645649.exe, 0.07883333333333334, , 0.003, , 417.531635
3645649.exe, 0.07949999999999999, , 0.002833333333333333, , 418.452112
3645649.exe, 0.07949999999999999, , 0.002833333333333333, , 417.159583
3645649.exe, 0.079, , 0.002833333333333333, , 415.16781
3645649.exe, 0.07966666666666668, , 0.002833333333333333, , 415.042322
4263023.exe, 0.07533333333333332, , 0.002833333333333333, , 393.097759
4263023.exe, 0.07483333333333334, , 0.002833333333333333, , 392.449608
4263023.exe, 0.07516666666666666, , 0.002833333333333333, , 393.131588
4263023.exe, 0.07549999999999998, , 0.002833333333333333, , 394.324368
4263023.exe, 0.07516666666666666, , 0.002833333333333333, , 392.202464
4263023.exe, 0.07566666666666667, , 0.002833333333333333, , 392.620593
4263023.exe, 0.07516666666666666, , 0.002833333333333333, , 390.490581
4263023.exe, 0.07533333333333334, , 0.002833333333333333, , 393.79215
4263023.exe, 0.07516666666666666, , 0.002833333333333333, , 392.719301
4263023.exe, 0.07533333333333334, , 0.002833333333333333, , 393.636717
5372036.exe, 0.08516666666666667, , 0.0033333333333333335, , 446.280885
5372036.exe, 0.08516666666666665, , 0.0033333333333333335, , 448.055968
5372036.exe, 0.08433333333333334, , 0.0031666666666666666, , 446.069437
5372036.exe, 0.08433333333333334, , 0.003, , 444.926354
5372036.exe, 0.0845, , 0.0031666666666666666, , 444.933058
5372036.exe, 0.08516666666666665, , 0.003, , 444.847416
5372036.exe, 0.08516666666666665, , 0.003, , 443.67474
5372036.exe, 0.08466666666666667, , 0.003, , 442.090154
5372036.exe, 0.0845, , 0.003, , 447.356191
5372036.exe, 0.08466666666666667, , 0.003, , 444.814822
5633224.exe, 0.1451666666666667, , 0.005166666666666667, , 791.729033
5633224.exe, 0.14483333333333331, , 0.005166666666666667, , 792.434193
5633224.exe, 0.14183333333333337, , 0.005166666666666667, , 805.878973
5633224.exe, 0.14266666666666664, , 0.005166666666666667, , 790.743478
5633224.exe, 0.14400000000000002, , 0.005166666666666667, , 793.045859
5633224.exe, 0.14250000000000002, , 0.005166666666666667, , 790.145547
5633224.exe, 0.14366666666666666, , 0.005166666666666667, , 790.576054
5633224.exe, 0.1455, , 0.005166666666666667, , 792.67037
5633224.exe, 0.14283333333333334, , 0.005166666666666667, , 798.110608
5633224.exe, 0.1436666666666667, , 0.005166666666666667, , 786.970504
5940692.exe, 0.12066666666666667, , 0.0035000000000000005, , 584.068403
5940692.exe, 0.12216666666666666, , 0.0035000000000000005, , 585.21107
5940692.exe, 0.12216666666666666, , 0.0035000000000000005, , 583.201719
5940692.exe, 0.121, , 0.0035000000000000005, , 582.220617
5940692.exe, 0.12183333333333332, , 0.0035000000000000005, , 579.846618
5940692.exe, 0.12249999999999998, , 0.0035000000000000005, , 580.490016
5940692.exe, 0.12266666666666666, , 0.0035000000000000005, , 583.774657
5940692.exe, 0.12200000000000001, , 0.0035000000000000005, , 582.514346
5940692.exe, 0.12133333333333333, , 0.0035000000000000005, , 583.931865
5940692.exe, 0.12116666666666667, , 0.0035000000000000005, , 587.673084
6225030.exe, 0.13416666666666668, , 0.0036666666666666666, , 658.332226
6225030.exe, 0.13399999999999998, , 0.0036666666666666666, , 657.551336
6225030.exe, 0.13516666666666666, , 0.0036666666666666666, , 660.922902
6225030.exe, 0.1345, , 0.0036666666666666666, , 657.674079
6225030.exe, 0.13633333333333333, , 0.0036666666666666666, , 665.306753
6225030.exe, 0.13499999999999998, , 0.0036666666666666666, , 661.513141
6225030.exe, 0.13316666666666666, , 0.0038333333333333336, , 681.326084
6225030.exe, 0.13533333333333333, , 0.0036666666666666666, , 659.272098
6225030.exe, 0.13533333333333336, , 0.0036666666666666666, , 659.338238
6225030.exe, 0.13533333333333333, , 0.0036666666666666666, , 660.72606
6620990.exe, 0.05983333333333332, , 0.0023333333333333335, , 299.221255
6620990.exe, 0.059166666666666666, , 0.0025, , 301.775404
6620990.exe, 0.060000000000000005, , 0.0023333333333333335, , 299.258613
6620990.exe, 0.059666666666666666, , 0.0023333333333333335, , 300.984134
6620990.exe, 0.05983333333333333, , 0.0025, , 302.651014
6620990.exe, 0.06066666666666666, , 0.0025, , 303.191368
6620990.exe, 0.0595, , 0.0025, , 302.650178
6620990.exe, 0.05983333333333333, , 0.0023333333333333335, , 301.996419
6620990.exe, 0.06016666666666667, , 0.0023333333333333335, , 309.900399
6620990.exe, 0.05983333333333333, , 0.0025, , 302.260178
6742873.exe, 0.14283333333333334, , 0.0045000000000000005, , 702.510472
6742873.exe, 0.143, , 0.0045000000000000005, , 698.931464
6742873.exe, 0.14266666666666664, , 0.0045000000000000005, , 699.899774
6742873.exe, 0.1436666666666667, , 0.0045000000000000005, , 703.4855
6742873.exe, 0.14333333333333334, , 0.0045000000000000005, , 701.027715
6742873.exe, 0.14350000000000002, , 0.0045000000000000005, , 700.307465
6742873.exe, 0.1425, , 0.0045000000000000005, , 697.959306
6742873.exe, 0.14183333333333337, , 0.0045000000000000005, , 700.064784
6742873.exe, 0.1435, , 0.0045000000000000005, , 704.734702
6742873.exe, 0.14283333333333334, , 0.0045000000000000005, , 697.482463
6908878.exe, 0.06533333333333333, , 0.0025, , 336.228047
6908878.exe, 0.06533333333333333, , 0.0026666666666666666, , 337.099272
6908878.exe, 0.06533333333333333, , 0.0026666666666666666, , 335.832857
6908878.exe, 0.06499999999999999, , 0.0025, , 337.131431
6908878.exe, 0.0645, , 0.0025, , 338.358132
6908878.exe, 0.06416666666666666, , 0.0025, , 336.874592
6908878.exe, 0.06466666666666666, , 0.0026666666666666666, , 337.638213
6908878.exe, 0.06416666666666666, , 0.0025, , 340.654362
6908878.exe, 0.06499999999999999, , 0.0025, , 337.699077
6908878.exe, 0.06566666666666668, , 0.0026666666666666666, , 337.867868
7442336.exe, 0.07833333333333334, , 0.002833333333333333, , 417.819711
7442336.exe, 0.08000000000000002, , 0.003, , 418.088876
7442336.exe, 0.07899999999999999, , 0.0031666666666666666, , 418.349588
7442336.exe, 0.07883333333333334, , 0.002833333333333333, , 416.910676
7442336.exe, 0.07833333333333332, , 0.002833333333333333, , 415.860656
7442336.exe, 0.079, , 0.003, , 416.618037
7442336.exe, 0.07866666666666666, , 0.002833333333333333, , 414.644139
7442336.exe, 0.078, , 0.002833333333333333, , 415.247806
7442336.exe, 0.07883333333333334, , 0.002833333333333333, , 416.37463
7442336.exe, 0.079, , 0.003, , 417.23903
7738068.exe, 0.13666666666666666, , 0.0036666666666666666, , 675.057057
7738068.exe, 0.13633333333333333, , 0.0036666666666666666, , 669.46815
7738068.exe, 0.1385, , 0.0036666666666666666, , 671.611813
7738068.exe, 0.13683333333333333, , 0.0036666666666666666, , 669.353323
7738068.exe, 0.13883333333333334, , 0.0036666666666666666, , 676.185668
7738068.exe, 0.13816666666666666, , 0.0036666666666666666, , 672.173613
7738068.exe, 0.13666666666666666, , 0.0036666666666666666, , 669.37052
7738068.exe, 0.1395, , 0.0036666666666666666, , 676.208388
7738068.exe, 0.1385, , 0.0036666666666666666, , 674.411538
7738068.exe, 0.13783333333333334, , 0.0036666666666666666, , 672.906925
8036932.exe, 0.07516666666666666, , 0.002833333333333333, , 380.160937
8036932.exe, 0.07466666666666666, , 0.002833333333333333, , 379.924149
8036932.exe, 0.07416666666666666, , 0.002833333333333333, , 379.571974
8036932.exe, 0.07416666666666667, , 0.002833333333333333, , 380.906913
8036932.exe, 0.0745, , 0.002833333333333333, , 380.567326
8036932.exe, 0.07383333333333333, , 0.002833333333333333, , 379.209095
8036932.exe, 0.07383333333333333, , 0.002833333333333333, , 380.907199
8036932.exe, 0.07383333333333333, , 0.002833333333333333, , 379.774901
8036932.exe, 0.07383333333333333, , 0.002833333333333333, , 380.81773
8036932.exe, 0.0745, , 0.002833333333333333, , 379.412792
8122852.exe, 0.058, , 0.0018333333333333333, , 289.951913
8122852.exe, 0.05666666666666667, , 0.0018333333333333333, , 294.293098
8122852.exe, 0.058333333333333334, , 0.002, , 293.550943
8122852.exe, 0.05816666666666667, , 0.0016666666666666668, , 289.367188
8122852.exe, 0.05816666666666668, , 0.002, , 289.880095
8122852.exe, 0.05833333333333334, , 0.0018333333333333333, , 289.361924
8122852.exe, 0.0585, , 0.002, , 291.983237
8122852.exe, 0.05783333333333334, , 0.0016666666666666668, , 289.926858
8122852.exe, 0.05833333333333334, , 0.0018333333333333335, , 289.858184
8122852.exe, 0.05766666666666667, , 0.0023333333333333335, , 293.961349
8193334.exe, 0.07433333333333333, , 0.002833333333333333, , 386.03143
8193334.exe, 0.07433333333333333, , 0.002833333333333333, , 388.011985
8193334.exe, 0.07433333333333333, , 0.002833333333333333, , 387.366731
8193334.exe, 0.07466666666666667, , 0.002833333333333333, , 385.966893
8193334.exe, 0.07433333333333332, , 0.002833333333333333, , 385.098816
8193334.exe, 0.075, , 0.002833333333333333, , 387.479169
8193334.exe, 0.07466666666666667, , 0.002833333333333333, , 386.182654
8193334.exe, 0.07483333333333334, , 0.002833333333333333, , 385.914101
8193334.exe, 0.075, , 0.002833333333333333, , 386.197633
8193334.exe, 0.07416666666666666, , 0.002833333333333333, , 387.700528
8322422.exe, 0.06416666666666668, , 0.0025, , 318.03086
8322422.exe, 0.064, , 0.0025, , 320.073468
8322422.exe, 0.06383333333333333, , 0.0025, , 317.721916
8322422.exe, 0.06366666666666666, , 0.0026666666666666666, , 319.381149
8322422.exe, 0.0645, , 0.0025, , 317.554244
8322422.exe, 0.06366666666666666, , 0.0025, , 316.911331
8322422.exe, 0.06349999999999999, , 0.0025, , 316.387227
8322422.exe, 0.06383333333333334, , 0.0026666666666666666, , 317.158517
8322422.exe, 0.0635, , 0.0025, , 321.745059
8322422.exe, 0.06316666666666668, , 0.0025, , 323.886836
8430040.exe, 0.1368333333333333, , 0.0036666666666666666, , 661.174487
8430040.exe, 0.13633333333333333, , 0.0036666666666666666, , 663.491919
8430040.exe, 0.13616666666666666, , 0.0036666666666666666, , 661.015221
8430040.exe, 0.137, , 0.0036666666666666666, , 662.813619
8430040.exe, 0.1371666666666667, , 0.0036666666666666666, , 663.333289
8430040.exe, 0.1371666666666667, , 0.0036666666666666666, , 663.505183
8430040.exe, 0.13633333333333333, , 0.0036666666666666666, , 663.359121
8430040.exe, 0.1368333333333333, , 0.0036666666666666666, , 660.861494
8430040.exe, 0.13783333333333334, , 0.0036666666666666666, , 663.818643
8430040.exe, 0.13649999999999995, , 0.0036666666666666666, , 662.344973
