1022576.exe, 0.03916666666666667, , 0.001, , 227.123591
1022576.exe, 0.04066666666666666, , 0.0008333333333333334, , 194.49583
1022576.exe, 0.04016666666666667, , 0.0008333333333333334, , 193.43596
1022576.exe, 0.03983333333333334, , 0.0008333333333333334, , 195.566506
1022576.exe, 0.0395, , 0.0008333333333333334, , 197.564621
1022576.exe, 0.039, , 0.0008333333333333334, , 199.544401
1022576.exe, 0.04, , 0.0008333333333333334, , 195.902233
1022576.exe, 0.03933333333333333, , 0.0008333333333333334, , 196.095066
1022576.exe, 0.0395, , 0.0008333333333333334, , 197.096291
1022576.exe, 0.03916666666666667, , 0.0008333333333333334, , 195.734083
1086870.exe, 0.143, , 0.0045000000000000005, , 708.255497
1086870.exe, 0.14433333333333334, , 0.0045000000000000005, , 708.277052
1086870.exe, 0.14283333333333334, , 0.0045000000000000005, , 704.284569
1086870.exe, 0.1446666666666667, , 0.0045000000000000005, , 705.414255
1086870.exe, 0.14400000000000002, , 0.0045000000000000005, , 709.242131
1086870.exe, 0.14150000000000001, , 0.0045000000000000005, , 728.044379
1086870.exe, 0.14550000000000002, , 0.004666666666666667, , 705.346442
1086870.exe, 0.143, , 0.0045000000000000005, , 705.618142
1086870.exe, 0.1431666666666667, , 0.0045000000000000005, , 704.233003
1086870.exe, 0.14416666666666667, , 0.0045000000000000005, , 707.971185
1122546.exe, 0.13666666666666666, , 0.0036666666666666666, , 662.654366
1122546.exe, 0.13766666666666666, , 0.0036666666666666666, , 666.413328
1122546.exe, 0.1358333333333333, , 0.0036666666666666666, , 659.637744
1122546.exe, 0.1355, , 0.0036666666666666666, , 660.11159
1122546.exe, 0.136, , 0.0036666666666666666, , 661.657763
1122546.exe, 0.13516666666666668, , 0.0036666666666666666, , 660.721374
1122546.exe, 0.13633333333333333, , 0.0036666666666666666, , 668.238153
1122546.exe, 0.13483333333333333, , 0.0036666666666666666, , 662.829328
1122546.exe, 0.13516666666666666, , 0.0036666666666666666, , 663.076984
1122546.exe, 0.13666666666666666, , 0.0036666666666666666, , 660.749006
1172403.exe, 0.1383333333333333, , 0.0036666666666666666, , 677.801588
1172403.exe, 0.136, , 0.0036666666666666666, , 658.040541
1172403.exe, 0.13533333333333336, , 0.0036666666666666666, , 660.400095
1172403.exe, 0.13633333333333333, , 0.0036666666666666666, , 661.220484
1172403.exe, 0.13633333333333333, , 0.0036666666666666666, , 659.510405
1172403.exe, 0.13666666666666666, , 0.0036666666666666666, , 660.756362
1172403.exe, 0.1371666666666667, , 0.0036666666666666666, , 666.64979
1172403.exe, 0.13616666666666666, , 0.0036666666666666666, , 661.579178
1172403.exe, 0.1365, , 0.0036666666666666666, , 659.534843
1172403.exe, 0.1368333333333333, , 0.0036666666666666666, , 663.090631
1200646.exe, 0.071, , 0.0026666666666666666, , 360.985483
1200646.exe, 0.0715, , 0.0030000000000000005, , 361.883271
1200646.exe, 0.07083333333333333, , 0.0026666666666666666, , 359.23661
1200646.exe, 0.07083333333333333, , 0.0026666666666666666, , 358.781686
1200646.exe, 0.0715, , 0.0028333333333333335, , 362.413276
1200646.exe, 0.07033333333333334, , 0.0026666666666666666, , 359.261775
1200646.exe, 0.07033333333333334, , 0.0026666666666666666, , 361.011429
1200646.exe, 0.07083333333333333, , 0.0028333333333333335, , 360.175929
1200646.exe, 0.07116666666666666, , 0.0026666666666666666, , 358.865077
1200646.exe, 0.0715, , 0.0026666666666666666, , 359.136569
1252190.exe, 0.07516666666666666, , 0.0026666666666666666, , 383.808064
1252190.exe, 0.074, , 0.0026666666666666666, , 378.267562
1252190.exe, 0.074, , 0.0026666666666666666, , 379.70617
1252190.exe, 0.07433333333333333, , 0.002833333333333333, , 380.865673
1252190.exe, 0.07416666666666666, , 0.0026666666666666666, , 380.672208
1252190.exe, 0.07366666666666667, , 0.0026666666666666666, , 377.5897
1252190.exe, 0.07366666666666667, , 0.002833333333333333, , 380.805008
1252190.exe, 0.07383333333333333, , 0.002833333333333333, , 381.159986
1252190.exe, 0.074, , 0.0026666666666666666, , 380.265765
1252190.exe, 0.07433333333333332, , 0.002833333333333333, , 381.781374
1261343.exe, 0.07716666666666666, , 0.002833333333333333, , 401.111509
1261343.exe, 0.07866666666666668, , 0.002833333333333333, , 402.876725
1261343.exe, 0.07716666666666665, , 0.002833333333333333, , 397.231695
1261343.exe, 0.07766666666666668, , 0.002833333333333333, , 398.359968
1261343.exe, 0.07633333333333334, , 0.002833333333333333, , 397.473101
1261343.exe, 0.077, , 0.002833333333333333, , 397.347601
1261343.exe, 0.07733333333333332, , 0.002833333333333333, , 399.675598
1261343.exe, 0.07783333333333334, , 0.002833333333333333, , 400.054207
1261343.exe, 0.07733333333333332, , 0.002833333333333333, , 399.280274
1261343.exe, 0.07766666666666668, , 0.002833333333333333, , 404.198177
1290574.exe, 0.06316666666666666, , 0.0025, , 329.098677
1290574.exe, 0.06283333333333334, , 0.0025, , 324.699305
1290574.exe, 0.06350000000000001, , 0.0025, , 327.172804
1290574.exe, 0.06283333333333334, , 0.0025, , 323.577579
1290574.exe, 0.06383333333333334, , 0.0025, , 325.111728
1290574.exe, 0.06350000000000001, , 0.0025, , 326.935043
1290574.exe, 0.06383333333333334, , 0.0025, , 325.455483
1290574.exe, 0.06383333333333334, , 0.0025, , 325.296741
1290574.exe, 0.06400000000000002, , 0.0025, , 324.498759
1290574.exe, 0.06333333333333334, , 0.0025, , 325.598922
1318039.exe, 0.3801666666666667, , 0.022333333333333334, , 2236.950096
1318039.exe, 0.38283333333333336, , 0.022333333333333334, , 2257.534656
1318039.exe, 0.38033333333333336, , 0.022333333333333334, , 2253.851033
1318039.exe, 0.3811666666666666, , 0.022333333333333334, , 2239.079094
1318039.exe, 0.3801666666666667, , 0.022333333333333334, , 2237.437985
1318039.exe, 0.38099999999999995, , 0.022333333333333334, , 2253.878735
1318039.exe, 0.37816666666666665, , 0.022333333333333334, , 2243.593998
1318039.exe, 0.3811666666666666, , 0.022333333333333334, , 2238.65642
1318039.exe, 0.3816666666666667, , 0.022500000000000003, , 2250.197062
1318039.exe, 0.37600000000000006, , 0.022333333333333334, , 2245.234
1947067.exe, 0.03783333333333334, , 0.0008333333333333334, , 185.466439
1947067.exe, 0.03833333333333333, , 0.0008333333333333334, , 186.437183
1947067.exe, 0.038, , 0.0008333333333333334, , 185.403821
1947067.exe, 0.03766666666666666, , 0.0008333333333333334, , 185.697218
1947067.exe, 0.0375, , 0.0008333333333333334, , 186.049576
1947067.exe, 0.03783333333333334, , 0.0008333333333333334, , 185.57147
1947067.exe, 0.037333333333333336, , 0.0008333333333333334, , 188.616997
1947067.exe, 0.03783333333333334, , 0.0008333333333333334, , 185.998508
1947067.exe, 0.03766666666666666, , 0.0008333333333333334, , 185.539256
1947067.exe, 0.0375, , 0.0008333333333333334, , 185.276844
2154023.exe, 0.13466666666666666, , 0.0036666666666666666, , 660.626371
2154023.exe, 0.13633333333333333, , 0.0036666666666666666, , 660.528084
2154023.exe, 0.13499999999999998, , 0.0036666666666666666, , 659.572688
2154023.exe, 0.13499999999999998, , 0.0036666666666666666, , 661.644513
2154023.exe, 0.13483333333333333, , 0.0036666666666666666, , 660.123722
2154023.exe, 0.13583333333333333, , 0.0036666666666666666, , 661.817456
2154023.exe, 0.13500000000000004, , 0.0036666666666666666, , 659.601253
2154023.exe, 0.136, , 0.0036666666666666666, , 659.658611
2154023.exe, 0.13666666666666666, , 0.0036666666666666666, , 663.277834
2154023.exe, 0.13500000000000004, , 0.0036666666666666666, , 659.218884
2166257.exe, 0.1358333333333333, , 0.0036666666666666666, , 660.778966
2166257.exe, 0.13466666666666666, , 0.0036666666666666666, , 656.845826
2166257.exe, 0.13466666666666666, , 0.0036666666666666666, , 653.780807
2166257.exe, 0.13549999999999998, , 0.0036666666666666666, , 657.63944
2166257.exe, 0.13499999999999998, , 0.0036666666666666666, , 659.178342
2166257.exe, 0.13483333333333333, , 0.0036666666666666666, , 657.964845
2166257.exe, 0.13516666666666666, , 0.0036666666666666666, , 661.952043
2166257.exe, 0.13449999999999998, , 0.0036666666666666666, , 656.528732
2166257.exe, 0.13516666666666666, , 0.0036666666666666666, , 658.479836
2166257.exe, 0.13616666666666666, , 0.0036666666666666666, , 663.99459
2232334.exe, 0.06316666666666666, , 0.0025, , 324.433021
2232334.exe, 0.06316666666666666, , 0.0025, , 325.701752
2232334.exe, 0.06316666666666666, , 0.0025, , 324.074957
2232334.exe, 0.06316666666666665, , 0.0025, , 323.154206
2232334.exe, 0.0625, , 0.0026666666666666666, , 327.109262
2232334.exe, 0.06333333333333332, , 0.0025, , 324.13494
2232334.exe, 0.06316666666666668, , 0.0025, , 323.983867
2232334.exe, 0.06283333333333334, , 0.0025, , 322.984756
2232334.exe, 0.06383333333333334, , 0.0026666666666666666, , 324.245703
2232334.exe, 0.06333333333333332, , 0.0025, , 322.344669
2353484.exe, 0.03500000000000001, , 0.0008333333333333334, , 171.318261
2353484.exe, 0.0335, , 0.0008333333333333334, , 174.376244
2353484.exe, 0.03383333333333333, , 0.0008333333333333334, , 173.199987
2353484.exe, 0.03483333333333334, , 0.0008333333333333334, , 170.982777
2353484.exe, 0.034, , 0.0008333333333333334, , 171.709923
2353484.exe, 0.034, , 0.0008333333333333334, , 173.433543
2353484.exe, 0.03466666666666667, , 0.0008333333333333334, , 169.894056
2353484.exe, 0.03433333333333334, , 0.0008333333333333334, , 172.249679
2353484.exe, 0.033999999999999996, , 0.0008333333333333334, , 172.975818
2353484.exe, 0.034, , 0.0008333333333333334, , 171.785797
2417935.exe, 0.1215, , 0.0035000000000000005, , 582.61999
2417935.exe, 0.1215, , 0.0035000000000000005, , 587.312629
2417935.exe, 0.121, , 0.0035000000000000005, , 579.617476
2417935.exe, 0.121, , 0.0035000000000000005, , 586.816359
2417935.exe, 0.12166666666666667, , 0.0035000000000000005, , 583.756742
2417935.exe, 0.12216666666666667, , 0.0035000000000000005, , 582.834729
2417935.exe, 0.12133333333333332, , 0.0035000000000000005, , 580.223181
2417935.exe, 0.11999999999999998, , 0.0035000000000000005, , 579.382975
2417935.exe, 0.12066666666666664, , 0.0035000000000000005, , 580.438273
2417935.exe, 0.1205, , 0.0035000000000000005, , 580.555682
