1044060.exe, 0.15, , 0.0045000000000000005, , 760.344497
1044060.exe, 0.15016666666666667, , 0.004, , 710.735165
1044060.exe, 0.14983333333333335, , 0.004166666666666667, , 708.85633
1044060.exe, 0.14933333333333332, , 0.003833333333333334, , 707.944668
1044060.exe, 0.15033333333333332, , 0.004, , 711.757897
1044060.exe, 0.15050000000000002, , 0.004, , 709.74549
1044060.exe, 0.14883333333333332, , 0.004, , 706.761289
1044060.exe, 0.14916666666666664, , 0.004, , 709.683486
1044060.exe, 0.14883333333333332, , 0.004, , 707.583887
1044060.exe, 0.14916666666666664, , 0.003833333333333334, , 708.203572
1196025.exe, 0.058666666666666666, , 0.002, , 319.753922
1196025.exe, 0.06083333333333333, , 0.0018333333333333333, , 296.676524
1196025.exe, 0.059833333333333336, , 0.0018333333333333333, , 295.512801
1196025.exe, 0.0605, , 0.0018333333333333333, , 295.622189
1196025.exe, 0.060500000000000005, , 0.0018333333333333333, , 294.18776
1196025.exe, 0.06066666666666667, , 0.0018333333333333333, , 294.937018
1196025.exe, 0.061000000000000006, , 0.0018333333333333333, , 293.683282
1196025.exe, 0.06366666666666666, , 0.002, , 298.461456
1196025.exe, 0.060500000000000005, , 0.0018333333333333333, , 293.826601
1196025.exe, 0.06066666666666667, , 0.0018333333333333333, , 296.177503
1514231.exe, 0.06699999999999999, , 0.0028333333333333335, , 332.166673
1514231.exe, 0.06766666666666667, , 0.0028333333333333335, , 332.603731
1514231.exe, 0.06666666666666667, , 0.0028333333333333335, , 330.81202
1514231.exe, 0.06649999999999999, , 0.0028333333333333335, , 330.552793
1514231.exe, 0.06683333333333333, , 0.0028333333333333335, , 330.755113
1514231.exe, 0.06649999999999999, , 0.0028333333333333335, , 331.923612
1514231.exe, 0.0665, , 0.0028333333333333335, , 330.805123
1514231.exe, 0.06616666666666667, , 0.0028333333333333335, , 329.905616
1514231.exe, 0.06666666666666667, , 0.0028333333333333335, , 330.128835
1514231.exe, 0.06633333333333333, , 0.0028333333333333335, , 329.100277
1557029.exe, 0.12833333333333333, , 0.0035, , 598.309491
1557029.exe, 0.129, , 0.0036666666666666666, , 601.537794
1557029.exe, 0.1285, , 0.0035, , 598.324519
1557029.exe, 0.129, , 0.0033333333333333335, , 597.80585
1557029.exe, 0.12900000000000003, , 0.0036666666666666666, , 602.733634
1557029.exe, 0.12866666666666668, , 0.0033333333333333335, , 597.351271
1557029.exe, 0.12733333333333335, , 0.0033333333333333335, , 605.018993
1557029.exe, 0.12933333333333336, , 0.0036666666666666666, , 600.080337
1557029.exe, 0.13016666666666665, , 0.0036666666666666666, , 603.182631
1557029.exe, 0.12916666666666668, , 0.0036666666666666666, , 605.698704
1878308.exe, 0.058333333333333334, , 0.0018333333333333333, , 283.856649
1878308.exe, 0.05900000000000001, , 0.0018333333333333333, , 286.919577
1878308.exe, 0.05899999999999999, , 0.0018333333333333333, , 285.823015
1878308.exe, 0.058166666666666665, , 0.0018333333333333333, , 283.952608
1878308.exe, 0.05883333333333333, , 0.0018333333333333333, , 285.935962
1878308.exe, 0.059333333333333335, , 0.0018333333333333333, , 286.768593
1878308.exe, 0.05916666666666667, , 0.0018333333333333333, , 285.925527
1878308.exe, 0.05916666666666667, , 0.0018333333333333333, , 286.624023
1878308.exe, 0.05883333333333333, , 0.0018333333333333333, , 286.325463
1878308.exe, 0.05783333333333333, , 0.0018333333333333333, , 286.23795
2455153.exe, 0.058833333333333335, , 0.0018333333333333333, , 291.285232
2455153.exe, 0.059666666666666666, , 0.0018333333333333333, , 290.54873
2455153.exe, 0.059166666666666666, , 0.0018333333333333333, , 290.357968
2455153.exe, 0.060000000000000005, , 0.0018333333333333333, , 290.491631
2455153.exe, 0.0595, , 0.0018333333333333333, , 290.921722
2455153.exe, 0.0595, , 0.0018333333333333333, , 289.926602
2455153.exe, 0.059333333333333335, , 0.0018333333333333333, , 290.752474
2455153.exe, 0.058333333333333334, , 0.0018333333333333333, , 291.892089
2455153.exe, 0.05866666666666666, , 0.0018333333333333333, , 290.593713
2455153.exe, 0.05883333333333333, , 0.0018333333333333333, , 290.375042
2507278.exe, 0.061500000000000006, , 0.0018333333333333333, , 302.443366
2507278.exe, 0.062000000000000006, , 0.0018333333333333333, , 302.401832
2507278.exe, 0.06166666666666667, , 0.0018333333333333333, , 302.763258
2507278.exe, 0.06183333333333334, , 0.002, , 301.929095
2507278.exe, 0.06166666666666667, , 0.0018333333333333333, , 301.137933
2507278.exe, 0.06166666666666666, , 0.002, , 303.383474
2507278.exe, 0.061666666666666675, , 0.0018333333333333333, , 302.549004
2507278.exe, 0.06083333333333333, , 0.0018333333333333333, , 300.583229
2507278.exe, 0.0615, , 0.0018333333333333333, , 301.09553
2507278.exe, 0.06183333333333334, , 0.0018333333333333333, , 301.081335
3705374.exe, 0.06949999999999999, , 0.0028333333333333335, , 344.472966
3705374.exe, 0.06949999999999999, , 0.0028333333333333335, , 344.210592
3705374.exe, 0.07016666666666668, , 0.0028333333333333335, , 345.94954
3705374.exe, 0.06699999999999999, , 0.0030000000000000005, , 355.452314
3705374.exe, 0.06833333333333333, , 0.0028333333333333335, , 343.744525
3705374.exe, 0.06866666666666665, , 0.0028333333333333335, , 345.49984
3705374.exe, 0.06916666666666667, , 0.0028333333333333335, , 344.742093
3705374.exe, 0.06966666666666667, , 0.0028333333333333335, , 346.045823
3705374.exe, 0.06916666666666667, , 0.0028333333333333335, , 344.563951
3705374.exe, 0.06883333333333333, , 0.0028333333333333335, , 344.087636
4162488.exe, 0.0665, , 0.0026666666666666666, , 326.413657
4162488.exe, 0.06566666666666668, , 0.0026666666666666666, , 326.7987
4162488.exe, 0.06583333333333333, , 0.0026666666666666666, , 328.675386
4162488.exe, 0.06616666666666667, , 0.0026666666666666666, , 326.713228
4162488.exe, 0.06583333333333334, , 0.0026666666666666666, , 325.875921
4162488.exe, 0.06583333333333333, , 0.0026666666666666666, , 325.64443
4162488.exe, 0.06633333333333333, , 0.0026666666666666666, , 326.553446
4162488.exe, 0.06633333333333334, , 0.0026666666666666666, , 326.88448
4162488.exe, 0.06683333333333333, , 0.0026666666666666666, , 326.9177
4162488.exe, 0.06683333333333333, , 0.0026666666666666666, , 327.10334
4289964.exe, 0.08716666666666666, , 0.004333333333333333, , 444.154119
4289964.exe, 0.08733333333333332, , 0.0045000000000000005, , 444.260327
4289964.exe, 0.08683333333333333, , 0.004333333333333333, , 442.466591
4289964.exe, 0.08733333333333332, , 0.004333333333333333, , 443.148512
4289964.exe, 0.087, , 0.0045000000000000005, , 442.051746
4289964.exe, 0.08716666666666666, , 0.0045000000000000005, , 444.191046
4289964.exe, 0.08666666666666667, , 0.004333333333333333, , 441.869996
4289964.exe, 0.08633333333333333, , 0.004333333333333333, , 442.565063
4289964.exe, 0.08716666666666666, , 0.004333333333333333, , 442.08683
4289964.exe, 0.08716666666666666, , 0.004333333333333333, , 442.54805
4387633.exe, 0.060500000000000005, , 0.0018333333333333333, , 292.219587
4387633.exe, 0.060333333333333336, , 0.0018333333333333333, , 292.945037
4387633.exe, 0.059833333333333336, , 0.0018333333333333333, , 291.71489
4387633.exe, 0.059333333333333335, , 0.0018333333333333333, , 293.479238
4387633.exe, 0.0605, , 0.0018333333333333333, , 293.272081
4387633.exe, 0.060000000000000005, , 0.0018333333333333333, , 292.154314
4387633.exe, 0.059500000000000004, , 0.0018333333333333333, , 292.304396
4387633.exe, 0.059500000000000004, , 0.0018333333333333333, , 292.460602
4387633.exe, 0.06016666666666667, , 0.0018333333333333333, , 293.357169
4387633.exe, 0.059666666666666666, , 0.0018333333333333333, , 291.630919
5331185.exe, 0.06616666666666668, , 0.0026666666666666666, , 329.136196
5331185.exe, 0.06566666666666666, , 0.0026666666666666666, , 328.256467
5331185.exe, 0.06533333333333333, , 0.0028333333333333335, , 328.778952
5331185.exe, 0.06566666666666668, , 0.0026666666666666666, , 326.279529
5331185.exe, 0.06533333333333334, , 0.0028333333333333335, , 325.75033
5331185.exe, 0.06533333333333333, , 0.0026666666666666666, , 326.644175
5331185.exe, 0.06583333333333333, , 0.0026666666666666666, , 326.932897
5331185.exe, 0.06533333333333333, , 0.0026666666666666666, , 329.091091
5331185.exe, 0.066, , 0.0026666666666666666, , 327.15084
5331185.exe, 0.06533333333333333, , 0.0026666666666666666, , 327.243527
5425747.exe, 0.0635, , 0.0018333333333333333, , 310.852496
5425747.exe, 0.06283333333333334, , 0.0018333333333333333, , 309.46341
5425747.exe, 0.06416666666666668, , 0.0021666666666666666, , 311.788469
5425747.exe, 0.06283333333333334, , 0.0018333333333333333, , 309.533525
5425747.exe, 0.06383333333333334, , 0.002, , 311.751307
5425747.exe, 0.06333333333333334, , 0.0018333333333333333, , 310.815454
5425747.exe, 0.063, , 0.0018333333333333333, , 308.967089
5425747.exe, 0.0645, , 0.002, , 314.821908
5425747.exe, 0.06316666666666666, , 0.0018333333333333333, , 309.529793
5425747.exe, 0.06433333333333334, , 0.0018333333333333333, , 314.397549
5895782.exe, 0.1396666666666667, , 0.004166666666666667, , 649.779819
5895782.exe, 0.13883333333333334, , 0.004, , 647.847166
5895782.exe, 0.1371666666666667, , 0.0038333333333333336, , 645.304092
5895782.exe, 0.13799999999999998, , 0.004, , 649.384646
5895782.exe, 0.13733333333333334, , 0.004, , 646.216094
5895782.exe, 0.13783333333333334, , 0.004166666666666667, , 650.175909
5895782.exe, 0.13649999999999998, , 0.0045000000000000005, , 649.770273
5895782.exe, 0.13666666666666666, , 0.004333333333333333, , 651.116947
5895782.exe, 0.13733333333333334, , 0.004166666666666667, , 648.053992
5895782.exe, 0.1368333333333333, , 0.004166666666666667, , 648.354731
5940700.exe, 0.060333333333333336, , 0.0018333333333333333, , 302.406787
5940700.exe, 0.061333333333333344, , 0.0018333333333333333, , 304.359641
5940700.exe, 0.06166666666666667, , 0.0018333333333333333, , 301.16396
5940700.exe, 0.06133333333333334, , 0.0018333333333333333, , 301.252525
5940700.exe, 0.06183333333333334, , 0.0018333333333333333, , 300.700104
5940700.exe, 0.0615, , 0.0018333333333333333, , 302.913578
5940700.exe, 0.061000000000000006, , 0.0018333333333333333, , 301.740608
5940700.exe, 0.060500000000000005, , 0.0018333333333333333, , 300.505541
5940700.exe, 0.06116666666666667, , 0.0018333333333333333, , 301.447561
5940700.exe, 0.060500000000000005, , 0.0018333333333333333, , 299.862871
685296.exe, 0.058499999999999996, , 0.0018333333333333333, , 287.246374
685296.exe, 0.05816666666666667, , 0.0018333333333333333, , 285.285658
685296.exe, 0.058499999999999996, , 0.0018333333333333333, , 286.095783
685296.exe, 0.058166666666666665, , 0.0018333333333333333, , 284.788694
685296.exe, 0.05816666666666667, , 0.0018333333333333333, , 287.023884
685296.exe, 0.058666666666666666, , 0.0018333333333333333, , 286.749898
685296.exe, 0.058499999999999996, , 0.0018333333333333333, , 285.828714
685296.exe, 0.05933333333333334, , 0.0018333333333333333, , 287.017267
685296.exe, 0.058499999999999996, , 0.0018333333333333333, , 287.248734
685296.exe, 0.05866666666666666, , 0.0018333333333333333, , 286.828773
7247866.exe, 0.05783333333333333, , 0.0018333333333333333, , 284.696496
7247866.exe, 0.058499999999999996, , 0.0018333333333333333, , 284.021542
7247866.exe, 0.058333333333333334, , 0.0018333333333333333, , 282.73878
7247866.exe, 0.0575, , 0.0018333333333333333, , 284.66263
7247866.exe, 0.057, , 0.0018333333333333333, , 282.236167
7247866.exe, 0.058333333333333334, , 0.0018333333333333333, , 284.411817
7247866.exe, 0.05783333333333333, , 0.0018333333333333333, , 285.13791
7247866.exe, 0.057666666666666665, , 0.0018333333333333333, , 283.727856
7247866.exe, 0.058666666666666666, , 0.0018333333333333333, , 283.971337
7247866.exe, 0.05833333333333333, , 0.0018333333333333333, , 284.131413
7249876.exe, 0.07083333333333333, , 0.0028333333333333335, , 360.416907
7249876.exe, 0.0715, , 0.0028333333333333335, , 355.455483
7249876.exe, 0.07133333333333333, , 0.0028333333333333335, , 355.446429
7249876.exe, 0.07166666666666667, , 0.0028333333333333335, , 354.735498
7249876.exe, 0.0725, , 0.0028333333333333335, , 356.776312
7249876.exe, 0.0715, , 0.0028333333333333335, , 354.508684
7249876.exe, 0.07200000000000001, , 0.0028333333333333335, , 354.653954
7249876.exe, 0.07266666666666667, , 0.0028333333333333335, , 362.492806
7249876.exe, 0.07083333333333333, , 0.0028333333333333335, , 353.660385
7249876.exe, 0.07183333333333333, , 0.0028333333333333335, , 354.609704
7515958.exe, 0.06549999999999999, , 0.0026666666666666666, , 323.255913
7515958.exe, 0.06499999999999999, , 0.0026666666666666666, , 318.9166
7515958.exe, 0.06549999999999999, , 0.0028333333333333335, , 322.068601
7515958.exe, 0.06583333333333333, , 0.0026666666666666666, , 322.221086
7515958.exe, 0.06533333333333333, , 0.0026666666666666666, , 321.682751
7515958.exe, 0.06583333333333334, , 0.0026666666666666666, , 322.982958
7515958.exe, 0.06583333333333333, , 0.0026666666666666666, , 322.344979
7515958.exe, 0.06566666666666668, , 0.0026666666666666666, , 322.473805
7515958.exe, 0.06499999999999999, , 0.0026666666666666666, , 321.384858
7515958.exe, 0.06566666666666666, , 0.0026666666666666666, , 321.620631
965589.exe, 0.07866666666666666, , 0.0038333333333333336, , 394.481083
965589.exe, 0.07933333333333334, , 0.003833333333333333, , 400.366627
965589.exe, 0.07816666666666668, , 0.0038333333333333336, , 393.372285
965589.exe, 0.07716666666666666, , 0.0036666666666666666, , 393.08575
965589.exe, 0.07783333333333334, , 0.004, , 394.100228
965589.exe, 0.07716666666666666, , 0.0036666666666666666, , 394.497515
965589.exe, 0.07733333333333332, , 0.0036666666666666666, , 394.369645
965589.exe, 0.077, , 0.0036666666666666666, , 394.921676
965589.exe, 0.0775, , 0.0036666666666666666, , 394.375528
965589.exe, 0.07783333333333334, , 0.0036666666666666666, , 391.082523
