1056877.exe, 0.14616666666666667, , 0.004333333333333333, , 727.725168
1056877.exe, 0.14566666666666667, , 0.0038333333333333336, , 691.88248
1056877.exe, 0.14716666666666667, , 0.0038333333333333336, , 698.037557
1056877.exe, 0.14583333333333334, , 0.0038333333333333336, , 695.024895
1056877.exe, 0.14666666666666667, , 0.0038333333333333336, , 694.489794
1056877.exe, 0.14666666666666667, , 0.004, , 694.191875
1056877.exe, 0.14716666666666667, , 0.004, , 697.173743
1056877.exe, 0.14616666666666667, , 0.0038333333333333336, , 695.157354
1056877.exe, 0.14650000000000002, , 0.0038333333333333336, , 696.871709
1056877.exe, 0.1465, , 0.0038333333333333336, , 694.927323
1110958.exe, 0.05816666666666667, , 0.0018333333333333333, , 289.172413
1110958.exe, 0.058166666666666665, , 0.0018333333333333333, , 288.748981
1110958.exe, 0.058833333333333335, , 0.0018333333333333333, , 290.590711
1110958.exe, 0.05816666666666667, , 0.0018333333333333333, , 286.245849
1110958.exe, 0.059000000000000004, , 0.0018333333333333333, , 287.878753
1110958.exe, 0.05816666666666667, , 0.0018333333333333333, , 286.769344
1110958.exe, 0.058666666666666666, , 0.0018333333333333333, , 286.677468
1110958.exe, 0.05916666666666667, , 0.002, , 288.195178
1110958.exe, 0.058499999999999996, , 0.0018333333333333333, , 287.242212
1110958.exe, 0.058, , 0.0018333333333333333, , 285.207337
1313602.exe, 0.05816666666666667, , 0.0018333333333333333, , 287.908883
1313602.exe, 0.057666666666666665, , 0.0018333333333333333, , 285.242023
1313602.exe, 0.05816666666666667, , 0.0018333333333333333, , 286.239306
1313602.exe, 0.0585, , 0.0018333333333333333, , 286.30539
1313602.exe, 0.058666666666666666, , 0.0018333333333333333, , 287.108732
1313602.exe, 0.05866666666666667, , 0.0018333333333333333, , 287.158472
1313602.exe, 0.057833333333333334, , 0.0018333333333333333, , 288.289439
1313602.exe, 0.058, , 0.0018333333333333333, , 285.282298
1313602.exe, 0.058333333333333334, , 0.0018333333333333333, , 286.945927
1313602.exe, 0.058666666666666666, , 0.0018333333333333333, , 287.35061
1333327.exe, 0.05800000000000001, , 0.0018333333333333333, , 285.244763
1333327.exe, 0.057666666666666665, , 0.0018333333333333333, , 284.225913
1333327.exe, 0.05816666666666667, , 0.0018333333333333333, , 284.803552
1333327.exe, 0.058833333333333335, , 0.0018333333333333333, , 285.972147
1333327.exe, 0.058666666666666666, , 0.0018333333333333333, , 286.243182
1333327.exe, 0.058333333333333334, , 0.0018333333333333333, , 286.261724
1333327.exe, 0.058666666666666666, , 0.0018333333333333333, , 285.612201
1333327.exe, 0.0595, , 0.0018333333333333333, , 287.059006
1333327.exe, 0.05833333333333333, , 0.0018333333333333333, , 285.86434
1333327.exe, 0.059000000000000004, , 0.0018333333333333333, , 285.477849
1383313.exe, 0.12916666666666668, , 0.0036666666666666666, , 607.87683
1383313.exe, 0.12933333333333336, , 0.0036666666666666666, , 606.072451
1383313.exe, 0.1295, , 0.0036666666666666666, , 603.421276
1383313.exe, 0.12916666666666668, , 0.0036666666666666666, , 601.549756
1383313.exe, 0.129, , 0.0036666666666666666, , 605.469021
1383313.exe, 0.12866666666666668, , 0.0036666666666666666, , 602.216628
1383313.exe, 0.12866666666666668, , 0.0035, , 603.002239
1383313.exe, 0.12783333333333335, , 0.0036666666666666666, , 617.802959
1383313.exe, 0.12916666666666668, , 0.0036666666666666666, , 605.270431
1383313.exe, 0.13, , 0.0036666666666666666, , 604.952537
1524420.exe, 0.13683333333333333, , 0.004166666666666667, , 649.501172
1524420.exe, 0.1365, , 0.004166666666666667, , 647.944069
1524420.exe, 0.13699999999999998, , 0.004333333333333333, , 649.27853
1524420.exe, 0.13616666666666666, , 0.004, , 648.692583
1524420.exe, 0.1375, , 0.004333333333333333, , 651.275154
1524420.exe, 0.13783333333333334, , 0.004166666666666667, , 652.385429
1524420.exe, 0.1375, , 0.0045000000000000005, , 652.606659
1524420.exe, 0.1368333333333333, , 0.004, , 648.593739
1524420.exe, 0.1375, , 0.004, , 650.247291
1524420.exe, 0.13783333333333334, , 0.004, , 655.512124
1576250.exe, 0.12883333333333333, , 0.0036666666666666666, , 608.508955
1576250.exe, 0.1285, , 0.0036666666666666666, , 606.951214
1576250.exe, 0.12900000000000003, , 0.0036666666666666666, , 609.768628
1576250.exe, 0.12933333333333336, , 0.0036666666666666666, , 609.733312
1576250.exe, 0.12866666666666668, , 0.0036666666666666666, , 607.728457
1576250.exe, 0.13016666666666665, , 0.0036666666666666666, , 609.747698
1576250.exe, 0.12966666666666668, , 0.0036666666666666666, , 610.212686
1576250.exe, 0.12983333333333333, , 0.0036666666666666666, , 609.200072
1576250.exe, 0.12933333333333336, , 0.0036666666666666666, , 609.214656
1576250.exe, 0.12933333333333336, , 0.0036666666666666666, , 608.886588
1899156.exe, 0.06549999999999999, , 0.0026666666666666666, , 321.279735
1899156.exe, 0.06549999999999999, , 0.0026666666666666666, , 320.845074
1899156.exe, 0.06516666666666666, , 0.0026666666666666666, , 321.581246
1899156.exe, 0.06466666666666666, , 0.0026666666666666666, , 318.800504
1899156.exe, 0.06583333333333334, , 0.0026666666666666666, , 320.624864
1899156.exe, 0.06483333333333334, , 0.0026666666666666666, , 319.747683
1899156.exe, 0.06516666666666666, , 0.0026666666666666666, , 319.96055
1899156.exe, 0.065, , 0.0026666666666666666, , 319.830614
1899156.exe, 0.06533333333333334, , 0.0026666666666666666, , 320.972145
1899156.exe, 0.065, , 0.0028333333333333335, , 320.292994
2080168.exe, 0.13899999999999998, , 0.004333333333333333, , 653.35493
2080168.exe, 0.13816666666666666, , 0.004, , 653.262241
2080168.exe, 0.13766666666666666, , 0.004333333333333333, , 648.464036
2080168.exe, 0.13683333333333333, , 0.004166666666666667, , 649.653956
2080168.exe, 0.13699999999999998, , 0.004, , 648.998885
2080168.exe, 0.136, , 0.004166666666666667, , 647.865892
2080168.exe, 0.1375, , 0.004, , 648.433988
2080168.exe, 0.13783333333333334, , 0.0045000000000000005, , 654.109555
2080168.exe, 0.13766666666666666, , 0.004166666666666667, , 649.492364
2080168.exe, 0.13799999999999998, , 0.0045000000000000005, , 651.516312
2083684.exe, 0.12966666666666665, , 0.0036666666666666666, , 602.44044
2083684.exe, 0.12916666666666668, , 0.0036666666666666666, , 602.760386
2083684.exe, 0.12933333333333336, , 0.0036666666666666666, , 601.391115
2083684.exe, 0.12866666666666665, , 0.0036666666666666666, , 601.567969
2083684.exe, 0.1291666666666667, , 0.0036666666666666666, , 601.978628
2083684.exe, 0.12916666666666668, , 0.0036666666666666666, , 603.341837
2083684.exe, 0.12900000000000003, , 0.0036666666666666666, , 603.410093
2083684.exe, 0.13016666666666668, , 0.0036666666666666666, , 611.541294
2083684.exe, 0.12783333333333333, , 0.0036666666666666666, , 606.963332
2083684.exe, 0.1275, , 0.0036666666666666666, , 607.228166
