1051415.exe, 0.16383333333333336, , 0.0061666666666666675, , 872.891297
1051415.exe, 0.16516666666666666, , 0.005666666666666667, , 816.276333
1051415.exe, 0.16433333333333333, , 0.005833333333333334, , 815.770293
1051415.exe, 0.16466666666666666, , 0.005666666666666667, , 818.5699
1051415.exe, 0.16483333333333333, , 0.005666666666666667, , 815.316499
1051415.exe, 0.16433333333333336, , 0.005666666666666667, , 816.020519
1051415.exe, 0.16366666666666668, , 0.005666666666666667, , 814.845238
1051415.exe, 0.16449999999999998, , 0.005666666666666667, , 818.724335
1051415.exe, 0.16483333333333333, , 0.005666666666666667, , 819.53618
1051415.exe, 0.16416666666666666, , 0.006000000000000001, , 822.57829
1384707.exe, 0.06233333333333334, , 0.0023333333333333335, , 316.24556
1384707.exe, 0.062166666666666676, , 0.0023333333333333335, , 314.551391
1384707.exe, 0.062166666666666676, , 0.0023333333333333335, , 315.022773
1384707.exe, 0.065, , 0.0025, , 319.487578
1384707.exe, 0.06183333333333333, , 0.0023333333333333335, , 315.41538
1384707.exe, 0.06133333333333334, , 0.0023333333333333335, , 315.065398
1384707.exe, 0.06266666666666666, , 0.0023333333333333335, , 314.98499
1384707.exe, 0.062166666666666676, , 0.0023333333333333335, , 314.625336
1384707.exe, 0.06266666666666666, , 0.0023333333333333335, , 314.61476
1384707.exe, 0.06366666666666668, , 0.0023333333333333335, , 318.067511
1415787.exe, 0.06199999999999999, , 0.0025, , 306.651395
1415787.exe, 0.06099999999999999, , 0.0025, , 304.624056
1415787.exe, 0.06100000000000001, , 0.0025, , 303.661068
1415787.exe, 0.06116666666666667, , 0.0025, , 304.756328
1415787.exe, 0.0615, , 0.0025, , 305.124516
1415787.exe, 0.061000000000000006, , 0.0025, , 305.281203
1415787.exe, 0.060833333333333336, , 0.0025, , 304.894775
1415787.exe, 0.06033333333333333, , 0.0025, , 304.552435
1415787.exe, 0.060666666666666674, , 0.0025, , 305.012928
1415787.exe, 0.060333333333333336, , 0.0025, , 305.658147
1455001.exe, 0.05816666666666667, , 0.0023333333333333335, , 293.066383
1455001.exe, 0.057333333333333326, , 0.0023333333333333335, , 291.68786
1455001.exe, 0.05783333333333333, , 0.0023333333333333335, , 290.644615
1455001.exe, 0.05816666666666667, , 0.0023333333333333335, , 293.069621
1455001.exe, 0.05766666666666666, , 0.0023333333333333335, , 290.952322
1455001.exe, 0.058499999999999996, , 0.0023333333333333335, , 292.318273
1455001.exe, 0.05899999999999999, , 0.0023333333333333335, , 293.125127
1455001.exe, 0.058333333333333334, , 0.0023333333333333335, , 292.738647
1455001.exe, 0.05866666666666666, , 0.0023333333333333335, , 292.177372
1455001.exe, 0.058833333333333335, , 0.0023333333333333335, , 293.470579
1459579.exe, 0.057499999999999996, , 0.0018333333333333333, , 288.969049
1459579.exe, 0.05816666666666666, , 0.002, , 289.517049
1459579.exe, 0.05799999999999999, , 0.002, , 287.581739
1459579.exe, 0.057333333333333326, , 0.0018333333333333333, , 286.335434
1459579.exe, 0.057333333333333326, , 0.0018333333333333333, , 286.233923
1459579.exe, 0.0575, , 0.0018333333333333335, , 288.29968
1459579.exe, 0.05749999999999999, , 0.002, , 287.823951
1459579.exe, 0.057666666666666665, , 0.0016666666666666668, , 285.44895
1459579.exe, 0.057333333333333326, , 0.0018333333333333335, , 286.094398
1459579.exe, 0.05683333333333333, , 0.0018333333333333335, , 286.483368
1537646.exe, 0.06350000000000001, , 0.0025, , 318.862385
1537646.exe, 0.0625, , 0.0025, , 326.484618
1537646.exe, 0.064, , 0.0025, , 318.49774
1537646.exe, 0.064, , 0.0025, , 321.797629
1537646.exe, 0.06383333333333334, , 0.0025, , 321.271156
1537646.exe, 0.06383333333333334, , 0.0025, , 319.876767
1537646.exe, 0.06349999999999999, , 0.0025, , 321.016999
1537646.exe, 0.06333333333333332, , 0.0025, , 318.815238
1537646.exe, 0.0635, , 0.0025, , 320.107813
1537646.exe, 0.06366666666666668, , 0.0025, , 318.396662
1540819.exe, 0.056333333333333326, , 0.0023333333333333335, , 310.622579
1540819.exe, 0.058333333333333334, , 0.0023333333333333335, , 291.169063
1540819.exe, 0.05833333333333334, , 0.0023333333333333335, , 291.40288
1540819.exe, 0.05833333333333333, , 0.0023333333333333335, , 292.42842
1540819.exe, 0.058833333333333335, , 0.0023333333333333335, , 293.62389
1540819.exe, 0.05866666666666666, , 0.0023333333333333335, , 292.445584
1540819.exe, 0.05866666666666666, , 0.0023333333333333335, , 293.549915
1540819.exe, 0.058166666666666665, , 0.0023333333333333335, , 292.087854
1540819.exe, 0.0585, , 0.0023333333333333335, , 291.348711
1540819.exe, 0.059166666666666666, , 0.0023333333333333335, , 291.409847
1559825.exe, 0.059166666666666666, , 0.0023333333333333335, , 301.111242
1559825.exe, 0.05949999999999999, , 0.0023333333333333335, , 302.937936
1559825.exe, 0.059000000000000004, , 0.0023333333333333335, , 301.123056
1559825.exe, 0.05933333333333333, , 0.0023333333333333335, , 301.812727
1559825.exe, 0.059500000000000004, , 0.0023333333333333335, , 302.768767
1559825.exe, 0.05933333333333333, , 0.0023333333333333335, , 302.727752
1559825.exe, 0.05983333333333333, , 0.0023333333333333335, , 301.714833
1559825.exe, 0.059666666666666666, , 0.0023333333333333335, , 301.951463
1559825.exe, 0.05983333333333333, , 0.0023333333333333335, , 303.128969
1559825.exe, 0.05983333333333333, , 0.0023333333333333335, , 303.99354
1982367.exe, 0.32916666666666666, , 0.016666666666666666, , 1946.057554
1982367.exe, 0.32749999999999996, , 0.016666666666666666, , 1946.137565
1982367.exe, 0.3266666666666667, , 0.016666666666666666, , 1952.197593
1982367.exe, 0.327, , 0.016666666666666666, , 1946.61492
1982367.exe, 0.32566666666666666, , 0.016833333333333332, , 1948.69928
1982367.exe, 0.32466666666666666, , 0.016833333333333332, , 1953.238247
1982367.exe, 0.32533333333333325, , 0.016833333333333332, , 1956.041938
1982367.exe, 0.3238333333333333, , 0.016833333333333332, , 1949.608959
1982367.exe, 0.3225, , 0.016666666666666666, , 1945.201156
1982367.exe, 0.32466666666666666, , 0.016666666666666666, , 1956.160369
2155531.exe, 0.05816666666666667, , 0.0021666666666666666, , 290.332228
2155531.exe, 0.058666666666666666, , 0.0023333333333333335, , 291.294584
2155531.exe, 0.05866666666666667, , 0.0023333333333333335, , 290.320709
2155531.exe, 0.058333333333333334, , 0.0023333333333333335, , 289.041934
2155531.exe, 0.0585, , 0.0023333333333333335, , 290.508603
2155531.exe, 0.0585, , 0.0023333333333333335, , 289.637897
2155531.exe, 0.05816666666666667, , 0.0023333333333333335, , 291.002835
2155531.exe, 0.058833333333333335, , 0.0023333333333333335, , 292.627187
2155531.exe, 0.05816666666666667, , 0.0023333333333333335, , 292.271863
2155531.exe, 0.059000000000000004, , 0.0023333333333333335, , 292.851452
2186654.exe, 0.1245, , 0.0033333333333333335, , 590.125853
2186654.exe, 0.12366666666666667, , 0.0033333333333333335, , 590.442463
2186654.exe, 0.12383333333333332, , 0.0033333333333333335, , 591.450282
2186654.exe, 0.12399999999999999, , 0.0033333333333333335, , 591.304276
2186654.exe, 0.12399999999999999, , 0.0033333333333333335, , 590.36621
2186654.exe, 0.12366666666666666, , 0.0033333333333333335, , 588.213233
2186654.exe, 0.1255, , 0.0033333333333333335, , 594.169676
2186654.exe, 0.12216666666666669, , 0.0033333333333333335, , 589.861225
2186654.exe, 0.12299999999999998, , 0.0033333333333333335, , 590.292326
2186654.exe, 0.123, , 0.0033333333333333335, , 588.712591
2322404.exe, 0.17783333333333334, , 0.0095, , 1034.66468
2322404.exe, 0.17933333333333332, , 0.0095, , 1031.574531
2322404.exe, 0.17733333333333334, , 0.0095, , 1032.088902
2322404.exe, 0.17850000000000002, , 0.0095, , 1035.443103
2322404.exe, 0.1795, , 0.0095, , 1035.802816
2322404.exe, 0.17883333333333334, , 0.0095, , 1032.681703
2322404.exe, 0.179, , 0.0095, , 1040.278125
2322404.exe, 0.17766666666666667, , 0.0095, , 1030.733795
2322404.exe, 0.17733333333333334, , 0.0095, , 1034.060356
2322404.exe, 0.17783333333333334, , 0.0095, , 1029.754075
2327051.exe, 0.06066666666666666, , 0.0023333333333333335, , 299.810732
2327051.exe, 0.0605, , 0.0025, , 300.419738
2327051.exe, 0.0605, , 0.0023333333333333335, , 300.312266
2327051.exe, 0.06066666666666666, , 0.0025, , 299.891222
2327051.exe, 0.060833333333333336, , 0.0025, , 299.966374
2327051.exe, 0.060333333333333336, , 0.0023333333333333335, , 299.010487
2327051.exe, 0.06066666666666666, , 0.0025, , 300.45671
2327051.exe, 0.0605, , 0.0023333333333333335, , 299.500217
2327051.exe, 0.060166666666666674, , 0.0025, , 300.704501
2327051.exe, 0.0605, , 0.0025, , 301.134124
2434389.exe, 0.06533333333333333, , 0.0028333333333333335, , 333.267804
2434389.exe, 0.065, , 0.0025, , 331.778376
2434389.exe, 0.065, , 0.0026666666666666666, , 331.877355
2434389.exe, 0.06416666666666666, , 0.0025, , 330.668029
2434389.exe, 0.06466666666666668, , 0.0025, , 333.057832
2434389.exe, 0.0645, , 0.0026666666666666666, , 332.152567
2434389.exe, 0.06483333333333334, , 0.0028333333333333335, , 334.260334
2434389.exe, 0.06416666666666666, , 0.0026666666666666666, , 331.79273
2434389.exe, 0.06433333333333333, , 0.0030000000000000005, , 333.608502
2434389.exe, 0.0645, , 0.0028333333333333335, , 333.541403
2563628.exe, 0.129, , 0.004, , 622.401597
2563628.exe, 0.12833333333333333, , 0.004, , 622.499888
2563628.exe, 0.12916666666666668, , 0.004, , 621.499812
2563628.exe, 0.13, , 0.004, , 625.360478
2563628.exe, 0.12833333333333333, , 0.004, , 622.036277
2563628.exe, 0.129, , 0.004, , 622.150524
2563628.exe, 0.12816666666666668, , 0.004, , 621.551283
2563628.exe, 0.129, , 0.004, , 622.652454
2563628.exe, 0.1315, , 0.004, , 625.745802
2563628.exe, 0.13216666666666665, , 0.004, , 636.597929
2568363.exe, 0.058833333333333335, , 0.0023333333333333335, , 291.757278
2568363.exe, 0.05799999999999999, , 0.0021666666666666666, , 289.945973
2568363.exe, 0.058499999999999996, , 0.0023333333333333335, , 292.471131
2568363.exe, 0.059000000000000004, , 0.0023333333333333335, , 291.898443
2568363.exe, 0.058333333333333334, , 0.0023333333333333335, , 292.816108
2568363.exe, 0.058499999999999996, , 0.0023333333333333335, , 290.971211
2568363.exe, 0.058333333333333334, , 0.0023333333333333335, , 290.327576
2568363.exe, 0.058499999999999996, , 0.0023333333333333335, , 291.050261
2568363.exe, 0.058666666666666666, , 0.0023333333333333335, , 292.172668
2568363.exe, 0.05866666666666666, , 0.0023333333333333335, , 291.814292
269896.exe, 0.058833333333333335, , 0.0023333333333333335, , 297.884091
269896.exe, 0.05933333333333334, , 0.0023333333333333335, , 296.242422
269896.exe, 0.059833333333333336, , 0.0023333333333333335, , 298.01171
269896.exe, 0.059666666666666666, , 0.0023333333333333335, , 296.748551
269896.exe, 0.05933333333333334, , 0.0023333333333333335, , 295.729733
269896.exe, 0.05916666666666667, , 0.0023333333333333335, , 295.653952
269896.exe, 0.059000000000000004, , 0.0023333333333333335, , 296.123073
269896.exe, 0.05916666666666668, , 0.0023333333333333335, , 295.345947
269896.exe, 0.059166666666666666, , 0.0023333333333333335, , 296.709327
269896.exe, 0.059000000000000004, , 0.0023333333333333335, , 295.168182
2825005.exe, 0.0625, , 0.0025, , 316.367847
2825005.exe, 0.06166666666666667, , 0.0025, , 315.095251
2825005.exe, 0.062333333333333324, , 0.0025, , 315.31402
2825005.exe, 0.06216666666666667, , 0.0025, , 314.109696
2825005.exe, 0.06216666666666667, , 0.0025, , 313.795796
2825005.exe, 0.062333333333333324, , 0.0025, , 314.300226
2825005.exe, 0.06233333333333334, , 0.0025, , 315.236273
2825005.exe, 0.06233333333333334, , 0.0025, , 316.151497
2825005.exe, 0.0625, , 0.0025, , 314.580832
2825005.exe, 0.06283333333333332, , 0.0025, , 316.526746
2864602.exe, 0.05933333333333334, , 0.0023333333333333335, , 296.002615
2864602.exe, 0.059500000000000004, , 0.0023333333333333335, , 297.376638
2864602.exe, 0.059166666666666666, , 0.0023333333333333335, , 293.482007
2864602.exe, 0.05883333333333333, , 0.0023333333333333335, , 293.179039
2864602.exe, 0.059000000000000004, , 0.0023333333333333335, , 293.779101
2864602.exe, 0.058499999999999996, , 0.0023333333333333335, , 292.996364
2864602.exe, 0.05966666666666666, , 0.0023333333333333335, , 295.678671
2864602.exe, 0.059166666666666666, , 0.0023333333333333335, , 294.2347
2864602.exe, 0.059666666666666666, , 0.0023333333333333335, , 295.081733
2864602.exe, 0.059500000000000004, , 0.0023333333333333335, , 294.719786
3048276.exe, 0.06583333333333334, , 0.0026666666666666666, , 332.233099
3048276.exe, 0.06549999999999999, , 0.0028333333333333335, , 333.504208
3048276.exe, 0.06533333333333333, , 0.0025, , 332.804135
3048276.exe, 0.06549999999999999, , 0.0025, , 333.700584
3048276.exe, 0.0655, , 0.0025, , 331.351256
3048276.exe, 0.06549999999999999, , 0.0026666666666666666, , 332.572994
3048276.exe, 0.066, , 0.0026666666666666666, , 334.262977
3048276.exe, 0.066, , 0.0026666666666666666, , 330.823256
3048276.exe, 0.06566666666666668, , 0.0025, , 330.910843
3048276.exe, 0.06583333333333334, , 0.0025, , 332.11943
3079156.exe, 0.063, , 0.0025, , 313.620614
3079156.exe, 0.06216666666666667, , 0.0025, , 312.376136
3079156.exe, 0.06283333333333334, , 0.0025, , 311.676017
3079156.exe, 0.0625, , 0.0025, , 310.832914
3079156.exe, 0.0625, , 0.0025, , 311.303141
3079156.exe, 0.06266666666666666, , 0.0025, , 312.61956
3079156.exe, 0.06183333333333333, , 0.0025, , 311.36994
3079156.exe, 0.06216666666666667, , 0.0025, , 311.295328
3079156.exe, 0.06183333333333333, , 0.0025, , 311.799583
3079156.exe, 0.0625, , 0.0025, , 313.654802
3101111.exe, 0.12066666666666666, , 0.003166666666666667, , 564.963051
3101111.exe, 0.11966666666666666, , 0.003166666666666667, , 561.675981
3101111.exe, 0.11966666666666666, , 0.003166666666666667, , 560.850328
3101111.exe, 0.11866666666666667, , 0.003166666666666667, , 562.680089
3101111.exe, 0.11883333333333333, , 0.003166666666666667, , 561.728522
3101111.exe, 0.11900000000000001, , 0.003166666666666667, , 560.553471
3101111.exe, 0.11916666666666666, , 0.003166666666666667, , 559.926004
3101111.exe, 0.12000000000000001, , 0.003166666666666667, , 566.977831
3101111.exe, 0.11916666666666664, , 0.003166666666666667, , 564.654915
3101111.exe, 0.11916666666666667, , 0.003166666666666667, , 561.593086
3183555.exe, 0.11783333333333333, , 0.0033333333333333335, , 585.551393
3183555.exe, 0.11983333333333333, , 0.0033333333333333335, , 564.511405
3183555.exe, 0.12216666666666667, , 0.0033333333333333335, , 569.222173
3183555.exe, 0.11983333333333333, , 0.0033333333333333335, , 564.222052
3183555.exe, 0.11983333333333332, , 0.0033333333333333335, , 562.010587
3183555.exe, 0.11916666666666667, , 0.0033333333333333335, , 561.33014
3183555.exe, 0.1195, , 0.0033333333333333335, , 561.723596
3183555.exe, 0.11983333333333333, , 0.0033333333333333335, , 562.860252
3183555.exe, 0.11966666666666666, , 0.0033333333333333335, , 562.819857
3183555.exe, 0.11866666666666666, , 0.0033333333333333335, , 560.338178
3432335.exe, 0.06766666666666667, , 0.0033333333333333335, , 351.206889
3432335.exe, 0.06816666666666667, , 0.0033333333333333335, , 350.647132
3432335.exe, 0.06816666666666667, , 0.0033333333333333335, , 350.884683
3432335.exe, 0.06816666666666667, , 0.0033333333333333335, , 352.22384
3432335.exe, 0.06816666666666667, , 0.003166666666666667, , 349.32002
3432335.exe, 0.06833333333333333, , 0.0033333333333333335, , 350.842557
3432335.exe, 0.068, , 0.0033333333333333335, , 350.737362
3432335.exe, 0.068, , 0.003166666666666667, , 349.545164
3432335.exe, 0.06766666666666667, , 0.0033333333333333335, , 349.475715
3432335.exe, 0.06816666666666667, , 0.003166666666666667, , 349.706138
3653114.exe, 0.06649999999999999, , 0.003166666666666667, , 341.07436
3653114.exe, 0.06649999999999999, , 0.003166666666666667, , 340.321329
3653114.exe, 0.06633333333333333, , 0.003166666666666667, , 341.176539
3653114.exe, 0.06666666666666667, , 0.003166666666666667, , 341.235629
3653114.exe, 0.067, , 0.003166666666666667, , 340.877184
3653114.exe, 0.06716666666666665, , 0.003166666666666667, , 345.052284
3653114.exe, 0.06666666666666667, , 0.003166666666666667, , 340.027643
3653114.exe, 0.06683333333333334, , 0.003166666666666667, , 340.513532
3653114.exe, 0.067, , 0.003166666666666667, , 340.730465
3653114.exe, 0.06649999999999999, , 0.003166666666666667, , 340.083082
3896913.exe, 0.061000000000000006, , 0.0025, , 305.156434
3896913.exe, 0.0605, , 0.0023333333333333335, , 304.848775
3896913.exe, 0.06116666666666667, , 0.0025, , 306.774768
3896913.exe, 0.06116666666666667, , 0.0025, , 304.541316
3896913.exe, 0.061000000000000006, , 0.0025, , 304.966075
3896913.exe, 0.060833333333333336, , 0.0025, , 305.66665
3896913.exe, 0.06033333333333333, , 0.0023333333333333335, , 304.532813
3896913.exe, 0.060500000000000005, , 0.0025, , 307.819408
3896913.exe, 0.0605, , 0.0025, , 305.157146
3896913.exe, 0.061000000000000006, , 0.0025, , 308.026074
3900160.exe, 0.07250000000000001, , 0.0035, , 356.848855
3900160.exe, 0.06933333333333333, , 0.0033333333333333335, , 354.851973
3900160.exe, 0.06933333333333333, , 0.0033333333333333335, , 353.374345
3900160.exe, 0.06899999999999999, , 0.0033333333333333335, , 353.75923
3900160.exe, 0.06916666666666667, , 0.0033333333333333335, , 352.811323
3900160.exe, 0.06933333333333333, , 0.0033333333333333335, , 353.359576
3900160.exe, 0.06916666666666665, , 0.0033333333333333335, , 354.50659
3900160.exe, 0.06849999999999999, , 0.0033333333333333335, , 350.876125
3900160.exe, 0.07, , 0.0033333333333333335, , 353.215337
3900160.exe, 0.06883333333333333, , 0.0033333333333333335, , 354.230323
3977915.exe, 0.12783333333333335, , 0.004, , 601.440783
3977915.exe, 0.137, , 0.004333333333333333, , 611.462643
3977915.exe, 0.126, , 0.004, , 597.306156
3977915.exe, 0.12633333333333333, , 0.004, , 596.615719
3977915.exe, 0.12816666666666668, , 0.004, , 601.312974
3977915.exe, 0.12883333333333333, , 0.004, , 599.433865
3977915.exe, 0.13466666666666666, , 0.004, , 602.806681
3977915.exe, 0.12700000000000003, , 0.004, , 601.293262
3977915.exe, 0.1366666666666667, , 0.004666666666666667, , 618.987111
3977915.exe, 0.15183333333333332, , 0.007499999999999999, , 680.25633
4033232.exe, 0.14783333333333332, , 0.007000000000000001, , 688.025195
4033232.exe, 0.14983333333333335, , 0.006666666666666667, , 690.234062
4033232.exe, 0.14533333333333334, , 0.006333333333333334, , 674.448456
4033232.exe, 0.14316666666666666, , 0.0061666666666666675, , 667.854634
4033232.exe, 0.14083333333333334, , 0.006000000000000001, , 660.87085
4033232.exe, 0.13916666666666666, , 0.0055000000000000005, , 655.553439
4033232.exe, 0.13866666666666666, , 0.005333333333333333, , 650.176395
4033232.exe, 0.13633333333333333, , 0.004833333333333333, , 642.382041
4033232.exe, 0.13566666666666669, , 0.004833333333333333, , 638.942588
4033232.exe, 0.13183333333333333, , 0.004333333333333333, , 627.565829
4076739.exe, 0.05966666666666666, , 0.0025, , 294.938318
4076739.exe, 0.05933333333333333, , 0.0025, , 295.17873
4076739.exe, 0.05933333333333333, , 0.0025, , 293.164589
4076739.exe, 0.059666666666666666, , 0.0023333333333333335, , 294.63048
4076739.exe, 0.060000000000000005, , 0.0025, , 295.330658
4076739.exe, 0.059333333333333335, , 0.0025, , 294.984744
4076739.exe, 0.05866666666666666, , 0.0025, , 292.957882
4076739.exe, 0.059000000000000004, , 0.0025, , 292.942025
4076739.exe, 0.059333333333333335, , 0.0023333333333333335, , 294.055423
4076739.exe, 0.058499999999999996, , 0.0023333333333333335, , 293.392976
4136921.exe, 0.11733333333333332, , 0.003166666666666667, , 558.741174
4136921.exe, 0.11716666666666666, , 0.003166666666666667, , 556.009612
4136921.exe, 0.11733333333333332, , 0.003166666666666667, , 555.98333
4136921.exe, 0.11933333333333333, , 0.003166666666666667, , 558.010962
4136921.exe, 0.1195, , 0.003166666666666667, , 560.220977
4136921.exe, 0.11850000000000001, , 0.003166666666666667, , 557.658363
4136921.exe, 0.11816666666666666, , 0.003166666666666667, , 556.593681
4136921.exe, 0.11816666666666667, , 0.003166666666666667, , 557.706398
4136921.exe, 0.119, , 0.003166666666666667, , 559.776153
4136921.exe, 0.11900000000000001, , 0.003166666666666667, , 558.684312
4188908.exe, 0.06083333333333332, , 0.0023333333333333335, , 302.611973
4188908.exe, 0.0605, , 0.0023333333333333335, , 302.491326
4188908.exe, 0.06000000000000001, , 0.0023333333333333335, , 301.841422
4188908.exe, 0.061000000000000006, , 0.0023333333333333335, , 301.746051
4188908.exe, 0.06066666666666666, , 0.0023333333333333335, , 302.278799
4188908.exe, 0.06116666666666667, , 0.0025, , 301.54855
4188908.exe, 0.06083333333333333, , 0.0023333333333333335, , 302.244702
4188908.exe, 0.06066666666666666, , 0.0023333333333333335, , 302.132192
4188908.exe, 0.06133333333333333, , 0.0025, , 302.204083
4188908.exe, 0.061000000000000006, , 0.0023333333333333335, , 302.270104
420179.exe, 0.05883333333333332, , 0.0021666666666666666, , 292.783804
420179.exe, 0.05949999999999999, , 0.002, , 291.967884
420179.exe, 0.05983333333333333, , 0.002, , 291.441705
420179.exe, 0.05933333333333333, , 0.0021666666666666666, , 291.184029
420179.exe, 0.05933333333333333, , 0.0023333333333333335, , 291.728629
420179.exe, 0.05966666666666665, , 0.002333333333333333, , 291.113197
420179.exe, 0.058499999999999996, , 0.0018333333333333333, , 290.248201
420179.exe, 0.05866666666666666, , 0.0018333333333333335, , 288.607085
420179.exe, 0.058833333333333335, , 0.002, , 290.253951
420179.exe, 0.058499999999999996, , 0.0018333333333333333, , 290.737212
4269635.exe, 0.13083333333333333, , 0.003166666666666667, , 584.163034
4269635.exe, 0.123, , 0.003166666666666667, , 581.186737
4269635.exe, 0.1225, , 0.003333333333333334, , 582.226413
4269635.exe, 0.12316666666666666, , 0.0033333333333333335, , 581.386246
4269635.exe, 0.12283333333333332, , 0.003166666666666667, , 581.326969
4269635.exe, 0.12150000000000001, , 0.003166666666666667, , 579.98968
4269635.exe, 0.12200000000000001, , 0.003166666666666667, , 581.609856
4269635.exe, 0.12200000000000001, , 0.0033333333333333335, , 582.281405
4269635.exe, 0.1225, , 0.003166666666666667, , 582.445375
4269635.exe, 0.12283333333333332, , 0.0033333333333333335, , 580.765742
4327808.exe, 0.12200000000000001, , 0.0033333333333333335, , 584.528515
4327808.exe, 0.123, , 0.0033333333333333335, , 582.724175
4327808.exe, 0.12233333333333334, , 0.0033333333333333335, , 582.127268
4327808.exe, 0.12283333333333335, , 0.0033333333333333335, , 581.325741
4327808.exe, 0.12233333333333334, , 0.0033333333333333335, , 582.604776
4327808.exe, 0.12266666666666666, , 0.0033333333333333335, , 585.3096
4327808.exe, 0.12166666666666666, , 0.0033333333333333335, , 583.300745
4327808.exe, 0.12266666666666667, , 0.0033333333333333335, , 585.115791
4327808.exe, 0.1225, , 0.0033333333333333335, , 582.097166
4327808.exe, 0.12250000000000001, , 0.0033333333333333335, , 582.483967
4371782.exe, 0.12383333333333332, , 0.003166666666666667, , 585.69668
4371782.exe, 0.12466666666666668, , 0.0033333333333333335, , 588.22076
4371782.exe, 0.12350000000000001, , 0.003166666666666667, , 586.722318
4371782.exe, 0.12266666666666666, , 0.003166666666666667, , 583.414177
4371782.exe, 0.12383333333333332, , 0.003166666666666667, , 586.87513
4371782.exe, 0.12400000000000003, , 0.003166666666666667, , 585.161541
4371782.exe, 0.12333333333333334, , 0.003166666666666667, , 584.983841
4371782.exe, 0.12366666666666665, , 0.003166666666666667, , 588.72949
4371782.exe, 0.12533333333333335, , 0.003333333333333334, , 593.473745
4371782.exe, 0.1305, , 0.0035000000000000005, , 599.438185
4500686.exe, 0.05616666666666667, , 0.0016666666666666668, , 278.999902
4500686.exe, 0.056499999999999995, , 0.0016666666666666668, , 276.499265
4500686.exe, 0.05583333333333333, , 0.0016666666666666668, , 279.233819
4500686.exe, 0.05599999999999999, , 0.0016666666666666668, , 280.262322
4500686.exe, 0.05616666666666667, , 0.002, , 281.283031
4500686.exe, 0.05666666666666667, , 0.002, , 280.446026
4500686.exe, 0.055833333333333325, , 0.0016666666666666668, , 279.195542
4500686.exe, 0.05683333333333333, , 0.0016666666666666668, , 276.425766
4500686.exe, 0.05616666666666666, , 0.0016666666666666668, , 276.407272
4500686.exe, 0.057166666666666664, , 0.0018333333333333335, , 277.782028
4521775.exe, 0.12233333333333334, , 0.0033333333333333335, , 585.366189
4521775.exe, 0.12183333333333332, , 0.0033333333333333335, , 582.585073
4521775.exe, 0.12233333333333334, , 0.0033333333333333335, , 583.592818
4521775.exe, 0.12250000000000001, , 0.0033333333333333335, , 581.877438
4521775.exe, 0.12383333333333332, , 0.0033333333333333335, , 586.064474
4521775.exe, 0.1225, , 0.0033333333333333335, , 583.577157
4521775.exe, 0.12216666666666667, , 0.0033333333333333335, , 581.32482
4521775.exe, 0.12233333333333334, , 0.0033333333333333335, , 582.302251
4521775.exe, 0.12233333333333334, , 0.0033333333333333335, , 583.676255
4521775.exe, 0.12383333333333332, , 0.0033333333333333335, , 594.079586
4538105.exe, 0.07383333333333335, , 0.0033333333333333335, , 375.28744
4538105.exe, 0.07333333333333332, , 0.0033333333333333335, , 374.697278
4538105.exe, 0.0735, , 0.0033333333333333335, , 373.810802
4538105.exe, 0.07366666666666667, , 0.0033333333333333335, , 375.895046
4538105.exe, 0.07333333333333333, , 0.0033333333333333335, , 372.891073
4538105.exe, 0.07333333333333333, , 0.0033333333333333335, , 373.21978
4538105.exe, 0.07316666666666667, , 0.0033333333333333335, , 374.13198
4538105.exe, 0.07266666666666667, , 0.0033333333333333335, , 374.026165
4538105.exe, 0.07233333333333333, , 0.0033333333333333335, , 373.278415
4538105.exe, 0.0735, , 0.0033333333333333335, , 372.744485
4570249.exe, 0.12166666666666667, , 0.0033333333333333335, , 586.21244
4570249.exe, 0.12316666666666667, , 0.0033333333333333335, , 590.314182
4570249.exe, 0.12283333333333334, , 0.0033333333333333335, , 581.138976
4570249.exe, 0.12166666666666665, , 0.0033333333333333335, , 581.097766
4570249.exe, 0.1305, , 0.0033333333333333335, , 587.43031
4570249.exe, 0.12183333333333331, , 0.0033333333333333335, , 583.625419
4570249.exe, 0.12200000000000001, , 0.0033333333333333335, , 583.733178
4570249.exe, 0.12050000000000001, , 0.0033333333333333335, , 596.383974
4570249.exe, 0.12300000000000001, , 0.0033333333333333335, , 585.766082
4570249.exe, 0.12283333333333334, , 0.0033333333333333335, , 584.57676
4618768.exe, 0.05566666666666666, , 0.0016666666666666668, , 272.336483
4618768.exe, 0.055833333333333325, , 0.0016666666666666668, , 272.296258
4618768.exe, 0.056, , 0.0016666666666666668, , 272.4817
4618768.exe, 0.055499999999999994, , 0.0016666666666666668, , 272.047031
4618768.exe, 0.056, , 0.0016666666666666668, , 270.750252
4618768.exe, 0.05566666666666667, , 0.0016666666666666668, , 272.762018
4618768.exe, 0.056, , 0.0018333333333333335, , 273.535308
4618768.exe, 0.055499999999999994, , 0.0016666666666666668, , 271.237722
4618768.exe, 0.056, , 0.0016666666666666668, , 271.368062
4618768.exe, 0.05600000000000001, , 0.0016666666666666668, , 272.886082
4709658.exe, 0.059833333333333336, , 0.0025, , 299.5595
4709658.exe, 0.060500000000000005, , 0.0025, , 300.149764
4709658.exe, 0.060166666666666674, , 0.0025, , 299.483102
4709658.exe, 0.06016666666666667, , 0.0025, , 300.132784
4709658.exe, 0.06016666666666667, , 0.0025, , 300.121975
4709658.exe, 0.060333333333333336, , 0.0025, , 302.352161
4709658.exe, 0.060333333333333336, , 0.0025, , 300.120773
4709658.exe, 0.05999999999999999, , 0.0025, , 300.791239
4709658.exe, 0.060166666666666674, , 0.0025, , 299.530759
4709658.exe, 0.059500000000000004, , 0.0025, , 299.541115
4776111.exe, 0.06233333333333333, , 0.0025, , 310.831957
4776111.exe, 0.062000000000000006, , 0.0025, , 310.351733
4776111.exe, 0.06199999999999999, , 0.0025, , 309.742793
4776111.exe, 0.06183333333333333, , 0.0025, , 309.404833
4776111.exe, 0.06166666666666667, , 0.0025, , 309.135034
4776111.exe, 0.06216666666666666, , 0.0025, , 309.885221
4776111.exe, 0.06166666666666667, , 0.0025, , 310.188836
4776111.exe, 0.06183333333333333, , 0.0025, , 308.782895
4776111.exe, 0.06216666666666666, , 0.0025, , 311.106317
4776111.exe, 0.061500000000000006, , 0.0025, , 310.59498
5448259.exe, 0.12366666666666666, , 0.0033333333333333335, , 587.066084
5448259.exe, 0.12416666666666666, , 0.0033333333333333335, , 589.000017
5448259.exe, 0.12316666666666666, , 0.0033333333333333335, , 589.910139
5448259.exe, 0.12299999999999998, , 0.0035000000000000005, , 607.139098
5448259.exe, 0.13016666666666668, , 0.0033333333333333335, , 591.226944
5448259.exe, 0.1225, , 0.0033333333333333335, , 587.717066
5448259.exe, 0.12383333333333332, , 0.0033333333333333335, , 587.951037
5448259.exe, 0.12383333333333332, , 0.0033333333333333335, , 588.277573
5448259.exe, 0.12366666666666666, , 0.0033333333333333335, , 586.827227
5448259.exe, 0.12433333333333334, , 0.0033333333333333335, , 591.415528
5592117.exe, 0.058333333333333334, , 0.0023333333333333335, , 297.177037
5592117.exe, 0.05783333333333333, , 0.0023333333333333335, , 291.796423
5592117.exe, 0.05933333333333334, , 0.0023333333333333335, , 295.097603
5592117.exe, 0.05866666666666666, , 0.0023333333333333335, , 291.857266
5592117.exe, 0.05866666666666666, , 0.0023333333333333335, , 292.696994
5592117.exe, 0.058499999999999996, , 0.0023333333333333335, , 291.938793
5592117.exe, 0.05816666666666666, , 0.0023333333333333335, , 293.078205
5592117.exe, 0.059000000000000004, , 0.0023333333333333335, , 294.050811
5592117.exe, 0.058499999999999996, , 0.0023333333333333335, , 292.792733
5592117.exe, 0.05883333333333333, , 0.0023333333333333335, , 293.113106
5593417.exe, 0.1255, , 0.0033333333333333335, , 587.10633
5593417.exe, 0.12316666666666667, , 0.003166666666666667, , 581.92211
5593417.exe, 0.12333333333333334, , 0.003166666666666667, , 585.931601
5593417.exe, 0.123, , 0.0033333333333333335, , 585.393823
5593417.exe, 0.12349999999999998, , 0.003166666666666667, , 586.867176
5593417.exe, 0.12266666666666667, , 0.003166666666666667, , 583.245779
5593417.exe, 0.12316666666666667, , 0.0033333333333333335, , 583.439488
5593417.exe, 0.12783333333333333, , 0.0033333333333333335, , 585.817597
5593417.exe, 0.12233333333333334, , 0.003166666666666667, , 583.53073
5593417.exe, 0.12366666666666666, , 0.0033333333333333335, , 585.500336
5622940.exe, 0.06116666666666667, , 0.0025, , 304.06003
5622940.exe, 0.060333333333333336, , 0.0025, , 302.279959
5622940.exe, 0.0605, , 0.0025, , 302.508183
5622940.exe, 0.061333333333333344, , 0.0025, , 302.037549
5622940.exe, 0.061333333333333344, , 0.0025, , 303.001141
5622940.exe, 0.06016666666666666, , 0.0025, , 301.618639
5622940.exe, 0.06066666666666666, , 0.0025, , 302.948528
5622940.exe, 0.060666666666666674, , 0.0025, , 301.199886
5622940.exe, 0.060333333333333336, , 0.0025, , 302.432496
5622940.exe, 0.06049999999999999, , 0.0025, , 302.641041
5860218.exe, 0.057, , 0.0016666666666666668, , 276.817341
5860218.exe, 0.05633333333333333, , 0.0016666666666666668, , 276.556261
5860218.exe, 0.056499999999999995, , 0.0016666666666666668, , 276.456595
5860218.exe, 0.05683333333333333, , 0.0016666666666666668, , 277.528354
5860218.exe, 0.057, , 0.0016666666666666668, , 276.188758
5860218.exe, 0.057166666666666664, , 0.0016666666666666668, , 277.178196
5860218.exe, 0.057166666666666664, , 0.0016666666666666668, , 277.529894
5860218.exe, 0.0575, , 0.0016666666666666668, , 278.307251
5860218.exe, 0.057, , 0.0016666666666666668, , 276.431066
5860218.exe, 0.05666666666666667, , 0.0016666666666666668, , 276.402726
6038973.exe, 0.07200000000000001, , 0.003166666666666667, , 366.270725
6038973.exe, 0.07216666666666667, , 0.0033333333333333335, , 366.102282
6038973.exe, 0.07200000000000001, , 0.0033333333333333335, , 365.364231
6038973.exe, 0.07216666666666667, , 0.003166666666666667, , 364.34002
6038973.exe, 0.07166666666666667, , 0.003166666666666667, , 363.27765
6038973.exe, 0.07116666666666667, , 0.003166666666666667, , 364.026326
6038973.exe, 0.07166666666666667, , 0.003166666666666667, , 366.015259
6038973.exe, 0.0715, , 0.0031666666666666666, , 365.217656
6038973.exe, 0.0715, , 0.0033333333333333335, , 367.715814
6038973.exe, 0.07216666666666667, , 0.0033333333333333335, , 366.521466
6169948.exe, 0.12283333333333335, , 0.0033333333333333335, , 578.849498
6169948.exe, 0.12283333333333335, , 0.0033333333333333335, , 577.801313
6169948.exe, 0.12200000000000001, , 0.0033333333333333335, , 577.259993
6169948.exe, 0.12183333333333332, , 0.0033333333333333335, , 576.645378
6169948.exe, 0.12283333333333335, , 0.0033333333333333335, , 577.575187
6169948.exe, 0.1235, , 0.0033333333333333335, , 581.991364
6169948.exe, 0.12933333333333333, , 0.0033333333333333335, , 580.78872
6169948.exe, 0.12316666666666666, , 0.0033333333333333335, , 577.557327
6169948.exe, 0.12299999999999998, , 0.0033333333333333335, , 577.78832
6169948.exe, 0.12283333333333334, , 0.0033333333333333335, , 577.528368
6198446.exe, 0.06316666666666668, , 0.0028333333333333335, , 325.295331
6198446.exe, 0.06283333333333334, , 0.0028333333333333335, , 318.617705
6198446.exe, 0.06316666666666666, , 0.0026666666666666666, , 318.483703
6198446.exe, 0.06333333333333332, , 0.0028333333333333335, , 320.792529
6198446.exe, 0.06350000000000001, , 0.0028333333333333335, , 319.641456
6198446.exe, 0.063, , 0.0028333333333333335, , 320.344851
6198446.exe, 0.063, , 0.0026666666666666666, , 320.352669
6198446.exe, 0.06366666666666668, , 0.0025, , 318.691188
6198446.exe, 0.06316666666666666, , 0.0028333333333333335, , 320.396044
6198446.exe, 0.063, , 0.0026666666666666666, , 319.408263
6211188.exe, 0.12883333333333333, , 0.004, , 618.570252
6211188.exe, 0.12966666666666665, , 0.004, , 617.344167
6211188.exe, 0.13, , 0.004, , 617.774762
6211188.exe, 0.13166666666666668, , 0.004, , 623.215584
6211188.exe, 0.12883333333333333, , 0.004, , 613.753397
6211188.exe, 0.12933333333333333, , 0.004, , 615.816169
6211188.exe, 0.12933333333333333, , 0.004, , 618.148768
6211188.exe, 0.12983333333333333, , 0.004, , 619.682283
6211188.exe, 0.12933333333333333, , 0.004, , 621.942719
6211188.exe, 0.12866666666666668, , 0.004, , 618.934709
6223618.exe, 0.1701666666666667, , 0.007499999999999999, , 899.971715
6223618.exe, 0.1703333333333333, , 0.007499999999999999, , 897.599937
6223618.exe, 0.1703333333333333, , 0.007499999999999999, , 893.429147
6223618.exe, 0.17083333333333334, , 0.007499999999999999, , 896.647421
6223618.exe, 0.16999999999999998, , 0.007499999999999999, , 894.07855
6223618.exe, 0.1785, , 0.007499999999999999, , 898.079844
6223618.exe, 0.16983333333333334, , 0.007499999999999999, , 896.045815
6223618.exe, 0.16950000000000004, , 0.007499999999999999, , 894.547635
6223618.exe, 0.16999999999999998, , 0.007499999999999999, , 897.014103
6223618.exe, 0.1695, , 0.007499999999999999, , 894.665082
6294589.exe, 0.05999999999999999, , 0.0025, , 302.267349
6294589.exe, 0.05999999999999999, , 0.0025, , 302.19431
6294589.exe, 0.05983333333333333, , 0.0025, , 300.221454
6294589.exe, 0.060000000000000005, , 0.0025, , 302.541136
6294589.exe, 0.06016666666666667, , 0.0025, , 301.291677
6294589.exe, 0.0605, , 0.0025, , 302.239184
6294589.exe, 0.060333333333333336, , 0.0025, , 301.076419
6294589.exe, 0.05983333333333333, , 0.0025, , 300.69211
6294589.exe, 0.060000000000000005, , 0.0025, , 301.664594
6294589.exe, 0.059666666666666666, , 0.0025, , 301.335917
6425267.exe, 0.06199999999999999, , 0.0025, , 309.236405
6425267.exe, 0.06183333333333333, , 0.0025, , 308.331255
6425267.exe, 0.06183333333333333, , 0.0023333333333333335, , 307.977627
6425267.exe, 0.062000000000000006, , 0.0023333333333333335, , 309.83506
6425267.exe, 0.06183333333333333, , 0.0023333333333333335, , 309.301194
6425267.exe, 0.062000000000000006, , 0.0023333333333333335, , 309.507717
6425267.exe, 0.06183333333333334, , 0.0025, , 309.727278
6425267.exe, 0.0625, , 0.0025, , 311.367888
6425267.exe, 0.06266666666666668, , 0.0023333333333333335, , 309.321345
6425267.exe, 0.06166666666666667, , 0.0025, , 308.061622
6462267.exe, 0.06899999999999999, , 0.0033333333333333335, , 348.441395
6462267.exe, 0.06899999999999999, , 0.0033333333333333335, , 348.617082
6462267.exe, 0.06733333333333333, , 0.0033333333333333335, , 362.926807
6462267.exe, 0.06883333333333333, , 0.0033333333333333335, , 349.743168
6462267.exe, 0.06849999999999999, , 0.0033333333333333335, , 347.246293
6462267.exe, 0.06833333333333333, , 0.0033333333333333335, , 346.632701
6462267.exe, 0.06866666666666665, , 0.0033333333333333335, , 347.824438
6462267.exe, 0.0685, , 0.0033333333333333335, , 346.477512
6462267.exe, 0.06833333333333334, , 0.0033333333333333335, , 346.336525
6462267.exe, 0.06733333333333333, , 0.0033333333333333335, , 346.390055
6578480.exe, 0.05816666666666666, , 0.0018333333333333333, , 286.060732
6578480.exe, 0.05816666666666667, , 0.0018333333333333335, , 286.150752
6578480.exe, 0.05816666666666667, , 0.0018333333333333333, , 285.906566
6578480.exe, 0.058166666666666665, , 0.0018333333333333335, , 286.299291
6578480.exe, 0.058333333333333334, , 0.0016666666666666668, , 286.185556
6578480.exe, 0.058499999999999996, , 0.002, , 286.008718
6578480.exe, 0.058666666666666666, , 0.0018333333333333335, , 286.635316
6578480.exe, 0.05866666666666666, , 0.002, , 287.039233
6578480.exe, 0.05866666666666666, , 0.0021666666666666666, , 288.256953
6578480.exe, 0.058666666666666666, , 0.002, , 287.458887
6637745.exe, 0.12399999999999999, , 0.003333333333333334, , 590.399146
6637745.exe, 0.1225, , 0.003166666666666667, , 582.13382
6637745.exe, 0.12316666666666667, , 0.003166666666666667, , 581.648084
6637745.exe, 0.12266666666666667, , 0.003333333333333334, , 582.505839
6637745.exe, 0.12366666666666666, , 0.003166666666666667, , 585.857035
6637745.exe, 0.12316666666666667, , 0.003166666666666667, , 583.847677
6637745.exe, 0.12283333333333332, , 0.003166666666666667, , 581.630867
6637745.exe, 0.1225, , 0.003166666666666667, , 580.3702
6637745.exe, 0.12383333333333332, , 0.003166666666666667, , 581.924364
6637745.exe, 0.12233333333333334, , 0.003166666666666667, , 578.976254
6658316.exe, 0.06133333333333334, , 0.0023333333333333335, , 302.263699
6658316.exe, 0.060833333333333336, , 0.0023333333333333335, , 301.946308
6658316.exe, 0.060833333333333336, , 0.0023333333333333335, , 300.877139
6658316.exe, 0.060333333333333336, , 0.0023333333333333335, , 301.657309
6658316.exe, 0.0605, , 0.0023333333333333335, , 301.267736
6658316.exe, 0.06066666666666666, , 0.0025, , 301.619696
6658316.exe, 0.06133333333333333, , 0.0023333333333333335, , 303.101641
6658316.exe, 0.061000000000000006, , 0.0023333333333333335, , 301.304676
6658316.exe, 0.0605, , 0.0023333333333333335, , 302.006871
6658316.exe, 0.0605, , 0.0023333333333333335, , 301.024757
6660710.exe, 0.17083333333333334, , 0.007666666666666666, , 949.966337
6660710.exe, 0.1705, , 0.007499999999999999, , 948.02396
6660710.exe, 0.17099999999999996, , 0.007499999999999999, , 949.016659
6660710.exe, 0.17116666666666666, , 0.007666666666666666, , 949.23426
6660710.exe, 0.1725, , 0.007666666666666666, , 947.172359
6660710.exe, 0.1725, , 0.007499999999999999, , 947.08447
6660710.exe, 0.17283333333333334, , 0.007666666666666666, , 950.84676
6660710.exe, 0.17083333333333334, , 0.007666666666666666, , 947.570707
6660710.exe, 0.1703333333333333, , 0.007499999999999999, , 946.9937
6660710.exe, 0.16999999999999998, , 0.007666666666666666, , 947.79218
7092173.exe, 0.13033333333333333, , 0.004, , 628.829439
7092173.exe, 0.12983333333333336, , 0.004, , 627.004507
7092173.exe, 0.13016666666666668, , 0.004166666666666667, , 633.932628
7092173.exe, 0.1295, , 0.004, , 624.493593
7092173.exe, 0.13, , 0.004, , 627.71362
7092173.exe, 0.1295, , 0.004, , 626.211767
7092173.exe, 0.1295, , 0.004, , 626.225837
7092173.exe, 0.13083333333333333, , 0.004, , 628.794454
7092173.exe, 0.13, , 0.004, , 625.626857
7092173.exe, 0.13016666666666668, , 0.004, , 626.178425
7097465.exe, 0.06183333333333333, , 0.0025, , 307.568609
7097465.exe, 0.06166666666666667, , 0.0025, , 308.912217
7097465.exe, 0.06216666666666666, , 0.0025, , 308.623898
7097465.exe, 0.061500000000000006, , 0.0025, , 308.397246
7097465.exe, 0.06133333333333333, , 0.0025, , 307.214599
7097465.exe, 0.067, , 0.0025, , 308.824666
7097465.exe, 0.06366666666666668, , 0.0025, , 308.338167
7097465.exe, 0.061500000000000006, , 0.0025, , 308.547894
7097465.exe, 0.06116666666666667, , 0.0025, , 308.325272
7097465.exe, 0.06149999999999999, , 0.0025, , 307.740246
740239.exe, 0.08133333333333333, , 0.004166666666666667, , 417.439104
740239.exe, 0.0815, , 0.004166666666666667, , 416.609351
740239.exe, 0.08083333333333333, , 0.004166666666666667, , 417.923092
740239.exe, 0.08116666666666666, , 0.004166666666666667, , 415.645639
740239.exe, 0.08183333333333334, , 0.004166666666666667, , 419.061063
740239.exe, 0.08183333333333334, , 0.004166666666666667, , 417.29978
740239.exe, 0.08183333333333334, , 0.004166666666666667, , 416.13742
740239.exe, 0.0815, , 0.004166666666666667, , 416.388347
740239.exe, 0.081, , 0.004166666666666667, , 417.751868
740239.exe, 0.08116666666666666, , 0.004166666666666667, , 418.292568
7442426.exe, 0.125, , 0.0033333333333333335, , 594.779275
7442426.exe, 0.12416666666666666, , 0.0033333333333333335, , 592.633348
7442426.exe, 0.12400000000000001, , 0.0033333333333333335, , 593.890172
7442426.exe, 0.12783333333333333, , 0.0035, , 600.820649
7442426.exe, 0.12416666666666668, , 0.0035000000000000005, , 592.382541
7442426.exe, 0.12516666666666668, , 0.0033333333333333335, , 595.452324
7442426.exe, 0.12566666666666668, , 0.0033333333333333335, , 593.917972
7442426.exe, 0.12533333333333335, , 0.0033333333333333335, , 596.081549
7442426.exe, 0.12883333333333333, , 0.0035, , 598.527331
7442426.exe, 0.125, , 0.0033333333333333335, , 592.015544
7526546.exe, 0.12333333333333334, , 0.003166666666666667, , 588.83114
7526546.exe, 0.12366666666666667, , 0.003166666666666667, , 582.970288
7526546.exe, 0.1235, , 0.003166666666666667, , 586.408531
7526546.exe, 0.12583333333333335, , 0.0033333333333333335, , 600.216311
7526546.exe, 0.12416666666666668, , 0.003166666666666667, , 587.969113
7526546.exe, 0.12400000000000001, , 0.003166666666666667, , 584.265049
7526546.exe, 0.12466666666666666, , 0.003166666666666667, , 584.163498
7526546.exe, 0.12466666666666668, , 0.003166666666666667, , 588.042987
7526546.exe, 0.1235, , 0.003166666666666667, , 584.540835
7526546.exe, 0.12399999999999999, , 0.003166666666666667, , 585.551029
755912.exe, 0.05933333333333333, , 0.0023333333333333335, , 294.592822
755912.exe, 0.058833333333333335, , 0.0023333333333333335, , 292.08669
755912.exe, 0.058833333333333335, , 0.0023333333333333335, , 292.233696
755912.exe, 0.058499999999999996, , 0.0023333333333333335, , 293.217838
755912.exe, 0.057, , 0.0023333333333333335, , 305.269169
755912.exe, 0.05766666666666666, , 0.0023333333333333335, , 293.546922
755912.exe, 0.059000000000000004, , 0.0023333333333333335, , 291.162225
755912.exe, 0.05866666666666666, , 0.0023333333333333335, , 292.132932
755912.exe, 0.0585, , 0.0023333333333333335, , 290.948331
755912.exe, 0.058499999999999996, , 0.0023333333333333335, , 290.987258
761661.exe, 0.121, , 0.003166666666666667, , 574.30147
761661.exe, 0.121, , 0.003166666666666667, , 573.490112
761661.exe, 0.12050000000000001, , 0.003166666666666667, , 572.780767
761661.exe, 0.12183333333333332, , 0.003166666666666667, , 582.243395
761661.exe, 0.12000000000000002, , 0.003166666666666667, , 573.695661
761661.exe, 0.12133333333333333, , 0.003166666666666667, , 572.467835
761661.exe, 0.12083333333333333, , 0.003166666666666667, , 568.961418
761661.exe, 0.12083333333333333, , 0.003166666666666667, , 569.775752
761661.exe, 0.12116666666666666, , 0.003166666666666667, , 572.594376
761661.exe, 0.12083333333333333, , 0.003166666666666667, , 571.24422
7661183.exe, 0.14550000000000002, , 0.005, , 714.966153
7661183.exe, 0.1471666666666667, , 0.005, , 710.258271
7661183.exe, 0.14650000000000002, , 0.005, , 710.744006
7661183.exe, 0.14533333333333331, , 0.005, , 709.436167
7661183.exe, 0.14533333333333334, , 0.005, , 705.753193
7661183.exe, 0.14666666666666667, , 0.005, , 707.502892
7661183.exe, 0.14816666666666667, , 0.005, , 711.732966
7661183.exe, 0.14833333333333334, , 0.005, , 714.682144
7661183.exe, 0.14683333333333334, , 0.005, , 708.648537
7661183.exe, 0.14716666666666667, , 0.005, , 706.484949
7685269.exe, 0.12166666666666667, , 0.003166666666666667, , 566.690651
7685269.exe, 0.12016666666666669, , 0.003166666666666667, , 564.383023
7685269.exe, 0.11883333333333333, , 0.003166666666666667, , 559.635542
7685269.exe, 0.11966666666666666, , 0.003166666666666667, , 558.11347
7685269.exe, 0.11916666666666667, , 0.003166666666666667, , 558.990356
7685269.exe, 0.11983333333333333, , 0.003166666666666667, , 557.602518
7685269.exe, 0.11966666666666666, , 0.003166666666666667, , 558.390843
7685269.exe, 0.1205, , 0.003166666666666667, , 559.796795
7685269.exe, 0.12033333333333333, , 0.003166666666666667, , 559.404528
7685269.exe, 0.11983333333333332, , 0.003166666666666667, , 558.608904
8005718.exe, 0.13283333333333333, , 0.004166666666666667, , 637.231252
8005718.exe, 0.13333333333333333, , 0.004166666666666667, , 636.902589
8005718.exe, 0.13266666666666668, , 0.004166666666666667, , 634.988481
8005718.exe, 0.13383333333333333, , 0.004166666666666667, , 637.103164
8005718.exe, 0.13266666666666668, , 0.004166666666666667, , 634.715082
8005718.exe, 0.13249999999999998, , 0.004166666666666667, , 635.995185
8005718.exe, 0.1335, , 0.004166666666666667, , 637.526839
8005718.exe, 0.14016666666666666, , 0.004166666666666667, , 637.050093
8005718.exe, 0.132, , 0.004166666666666667, , 635.771922
8005718.exe, 0.13266666666666668, , 0.004166666666666667, , 637.595007
8008800.exe, 0.06366666666666668, , 0.0025, , 320.225492
8008800.exe, 0.06383333333333334, , 0.0025, , 320.262407
8008800.exe, 0.06366666666666668, , 0.0025, , 318.739448
8008800.exe, 0.06316666666666666, , 0.0025, , 317.854515
8008800.exe, 0.06349999999999999, , 0.0025, , 319.462175
8008800.exe, 0.06416666666666666, , 0.0025, , 325.964024
8008800.exe, 0.0635, , 0.0025, , 317.794428
8008800.exe, 0.064, , 0.0025, , 320.07795
8008800.exe, 0.06333333333333332, , 0.0025, , 319.685199
8008800.exe, 0.0635, , 0.0025, , 318.963844
8098247.exe, 0.19116666666666665, , 0.01, , 1083.220636
8098247.exe, 0.19033333333333333, , 0.01, , 1079.185115
8098247.exe, 0.18816666666666665, , 0.01, , 1080.56658
8098247.exe, 0.18916666666666662, , 0.01, , 1082.812557
8098247.exe, 0.1903333333333333, , 0.01, , 1084.773869
8098247.exe, 0.19549999999999998, , 0.01, , 1085.935306
8098247.exe, 0.18949999999999997, , 0.01, , 1082.374381
8098247.exe, 0.19133333333333333, , 0.01, , 1085.201297
8098247.exe, 0.20733333333333334, , 0.010333333333333333, , 1096.798378
8098247.exe, 0.19083333333333335, , 0.01, , 1086.147799
8181773.exe, 0.07016666666666667, , 0.0033333333333333335, , 359.791855
8181773.exe, 0.07033333333333333, , 0.0033333333333333335, , 358.73387
8181773.exe, 0.071, , 0.0033333333333333335, , 360.142011
8181773.exe, 0.07100000000000001, , 0.0033333333333333335, , 362.722241
8181773.exe, 0.07050000000000001, , 0.0033333333333333335, , 358.668229
8181773.exe, 0.07033333333333333, , 0.0033333333333333335, , 359.352127
8181773.exe, 0.06866666666666667, , 0.0033333333333333335, , 372.902624
8181773.exe, 0.07066666666666666, , 0.0033333333333333335, , 358.578651
8181773.exe, 0.06999999999999999, , 0.0033333333333333335, , 358.784309
8181773.exe, 0.07066666666666667, , 0.0033333333333333335, , 360.215985
8452540.exe, 0.0705, , 0.0033333333333333335, , 358.107104
8452540.exe, 0.07066666666666667, , 0.0033333333333333335, , 357.130701
8452540.exe, 0.06983333333333334, , 0.0033333333333333335, , 356.824763
8452540.exe, 0.06933333333333333, , 0.0033333333333333335, , 357.471055
8452540.exe, 0.06949999999999999, , 0.0033333333333333335, , 356.894982
8452540.exe, 0.07033333333333333, , 0.0033333333333333335, , 356.816338
8452540.exe, 0.06966666666666667, , 0.0033333333333333335, , 357.542583
8452540.exe, 0.06966666666666668, , 0.0033333333333333335, , 356.357599
8452540.exe, 0.06983333333333334, , 0.0033333333333333335, , 357.610474
8452540.exe, 0.07016666666666667, , 0.0033333333333333335, , 357.936597
8535938.exe, 0.06183333333333333, , 0.0025, , 306.905355
8535938.exe, 0.06183333333333333, , 0.0025, , 306.843514
8535938.exe, 0.06216666666666667, , 0.0025, , 305.189308
8535938.exe, 0.06183333333333333, , 0.0025, , 306.267611
8535938.exe, 0.06199999999999999, , 0.0025, , 306.888175
8535938.exe, 0.06233333333333333, , 0.0025, , 307.906906
8535938.exe, 0.06183333333333333, , 0.0025, , 307.415868
8535938.exe, 0.06166666666666667, , 0.0025, , 306.875157
8535938.exe, 0.06166666666666667, , 0.0025, , 305.975561
8535938.exe, 0.06166666666666667, , 0.0025, , 305.835926
8565107.exe, 0.14666666666666667, , 0.004666666666666667, , 708.330747
8565107.exe, 0.15516666666666667, , 0.004666666666666667, , 708.91374
8565107.exe, 0.14650000000000002, , 0.004666666666666667, , 702.909463
8565107.exe, 0.14616666666666667, , 0.004666666666666667, , 705.088997
8565107.exe, 0.14683333333333334, , 0.004666666666666667, , 705.04296
8565107.exe, 0.14716666666666667, , 0.004666666666666667, , 706.163704
8565107.exe, 0.14683333333333334, , 0.004666666666666667, , 704.379493
8565107.exe, 0.14583333333333334, , 0.004666666666666667, , 705.133207
8565107.exe, 0.1451666666666667, , 0.004666666666666667, , 704.323137
8565107.exe, 0.1451666666666667, , 0.004666666666666667, , 707.032526
8626944.exe, 0.05666666666666667, , 0.0016666666666666668, , 275.900502
8626944.exe, 0.05600000000000001, , 0.0016666666666666668, , 274.053954
8626944.exe, 0.05633333333333333, , 0.0016666666666666668, , 274.788465
8626944.exe, 0.056499999999999995, , 0.0016666666666666668, , 274.846925
8626944.exe, 0.056499999999999995, , 0.0016666666666666668, , 274.960093
8626944.exe, 0.05633333333333333, , 0.0016666666666666668, , 276.343838
8626944.exe, 0.05616666666666666, , 0.0016666666666666668, , 273.868445
8626944.exe, 0.05616666666666667, , 0.0016666666666666668, , 274.497738
8626944.exe, 0.05616666666666667, , 0.0016666666666666668, , 274.149374
8626944.exe, 0.05616666666666666, , 0.0018333333333333335, , 274.540649
8637113.exe, 0.06966666666666667, , 0.0030000000000000005, , 348.310932
8637113.exe, 0.07, , 0.0030000000000000005, , 346.836883
8637113.exe, 0.06983333333333334, , 0.0030000000000000005, , 348.460973
8637113.exe, 0.07016666666666667, , 0.0030000000000000005, , 349.359611
8637113.exe, 0.07, , 0.0030000000000000005, , 348.276759
8637113.exe, 0.06933333333333333, , 0.0030000000000000005, , 344.421342
8637113.exe, 0.07016666666666667, , 0.0030000000000000005, , 347.84224
8637113.exe, 0.06983333333333334, , 0.0030000000000000005, , 346.611132
8637113.exe, 0.06983333333333334, , 0.0030000000000000005, , 347.635607
8637113.exe, 0.06916666666666665, , 0.0030000000000000005, , 347.441623
900157.exe, 0.18266666666666667, , 0.006333333333333333, , 991.924869
900157.exe, 0.18216666666666667, , 0.006333333333333333, , 989.564935
900157.exe, 0.18149999999999997, , 0.006333333333333333, , 989.078471
900157.exe, 0.18216666666666667, , 0.006333333333333333, , 989.603359
900157.exe, 0.18483333333333332, , 0.006333333333333333, , 1013.993948
900157.exe, 0.18, , 0.006333333333333333, , 990.974693
900157.exe, 0.18133333333333335, , 0.006333333333333333, , 988.722111
900157.exe, 0.18216666666666667, , 0.006333333333333333, , 993.471016
900157.exe, 0.182, , 0.006333333333333333, , 989.420251
900157.exe, 0.18083333333333335, , 0.006333333333333333, , 988.276381
972261.exe, 0.09366666666666666, , 0.003666666666666667, , 454.480803
972261.exe, 0.09366666666666669, , 0.003666666666666667, , 455.535035
972261.exe, 0.09283333333333334, , 0.003666666666666667, , 455.476732
972261.exe, 0.09233333333333334, , 0.003333333333333334, , 452.560799
972261.exe, 0.0935, , 0.0035000000000000005, , 455.044687
972261.exe, 0.09083333333333334, , 0.0035000000000000005, , 477.052664
972261.exe, 0.09383333333333334, , 0.0035000000000000005, , 456.151374
972261.exe, 0.09366666666666666, , 0.0035000000000000005, , 454.70289
972261.exe, 0.09416666666666668, , 0.0033333333333333335, , 453.866654
972261.exe, 0.09383333333333334, , 0.003666666666666667, , 453.284624
