1051839.exe, 0.058499999999999996, , 0.0025, , 322.584922
1051839.exe, 0.05816666666666667, , 0.0018333333333333335, , 284.421438
1051839.exe, 0.05783333333333333, , 0.0018333333333333335, , 283.459783
1051839.exe, 0.05816666666666667, , 0.002, , 285.708613
1051839.exe, 0.05716666666666667, , 0.002, , 286.723027
1051839.exe, 0.05866666666666666, , 0.002, , 286.00268
1051839.exe, 0.05783333333333333, , 0.0018333333333333335, , 287.823629
1051839.exe, 0.05783333333333333, , 0.002, , 288.059657
1051839.exe, 0.057499999999999996, , 0.002, , 286.690373
1051839.exe, 0.057499999999999996, , 0.0016666666666666668, , 286.360878
1252905.exe, 0.06649999999999999, , 0.003166666666666667, , 340.831683
1252905.exe, 0.06633333333333333, , 0.003166666666666667, , 339.996507
1252905.exe, 0.066, , 0.003166666666666667, , 341.861145
1252905.exe, 0.066, , 0.003166666666666667, , 340.900527
1252905.exe, 0.0665, , 0.003166666666666667, , 339.610961
1252905.exe, 0.06583333333333333, , 0.003166666666666667, , 338.912023
1252905.exe, 0.066, , 0.003166666666666667, , 339.761706
1252905.exe, 0.06616666666666667, , 0.003166666666666667, , 339.737565
1252905.exe, 0.06649999999999999, , 0.003166666666666667, , 341.316787
1252905.exe, 0.066, , 0.003166666666666667, , 339.097043
1764918.exe, 0.06283333333333332, , 0.0025, , 328.329494
1764918.exe, 0.06383333333333334, , 0.0025, , 323.507358
1764918.exe, 0.063, , 0.0025, , 322.802012
1764918.exe, 0.0635, , 0.0025, , 323.889856
1764918.exe, 0.06733333333333334, , 0.0025, , 324.770415
1764918.exe, 0.064, , 0.0025, , 324.519547
1764918.exe, 0.06333333333333332, , 0.0025, , 322.011939
1764918.exe, 0.06383333333333334, , 0.0025, , 327.689697
1764918.exe, 0.06366666666666666, , 0.0025, , 325.033407
1764918.exe, 0.06383333333333334, , 0.0025, , 325.582737
2418910.exe, 0.061500000000000006, , 0.0025, , 305.121243
2418910.exe, 0.061500000000000006, , 0.0025, , 304.987471
2418910.exe, 0.06183333333333333, , 0.0025, , 306.769693
2418910.exe, 0.06083333333333332, , 0.0025, , 305.143931
2418910.exe, 0.061000000000000006, , 0.0025, , 305.24782
2418910.exe, 0.061500000000000006, , 0.0025, , 306.652607
2418910.exe, 0.06066666666666667, , 0.0025, , 304.640424
2418910.exe, 0.062166666666666676, , 0.0025, , 308.369856
2418910.exe, 0.06133333333333333, , 0.0025, , 309.100258
2418910.exe, 0.06083333333333333, , 0.0025, , 305.354603
286469.exe, 0.06166666666666667, , 0.0023333333333333335, , 309.92421
286469.exe, 0.06133333333333334, , 0.0023333333333333335, , 309.947159
286469.exe, 0.06166666666666667, , 0.0025, , 310.251574
286469.exe, 0.06133333333333334, , 0.0025, , 310.524665
286469.exe, 0.06116666666666667, , 0.0023333333333333335, , 310.613062
286469.exe, 0.060999999999999985, , 0.0025, , 311.575618
286469.exe, 0.06116666666666667, , 0.0025, , 310.393342
286469.exe, 0.061000000000000006, , 0.0023333333333333335, , 309.057456
286469.exe, 0.06099999999999999, , 0.0023333333333333335, , 310.52784
286469.exe, 0.061500000000000006, , 0.0023333333333333335, , 311.174096
3097002.exe, 0.06549999999999999, , 0.003166666666666667, , 332.823839
3097002.exe, 0.06533333333333333, , 0.003166666666666667, , 331.661416
3097002.exe, 0.065, , 0.003166666666666667, , 329.807808
3097002.exe, 0.06549999999999999, , 0.003166666666666667, , 331.711938
3097002.exe, 0.065, , 0.003166666666666667, , 332.347145
3097002.exe, 0.06533333333333334, , 0.003166666666666667, , 331.516734
3097002.exe, 0.06549999999999999, , 0.003166666666666667, , 331.380078
3097002.exe, 0.06466666666666666, , 0.003166666666666667, , 330.11844
3097002.exe, 0.0625, , 0.003166666666666667, , 355.95067
3097002.exe, 0.06549999999999999, , 0.003166666666666667, , 331.600055
384742.exe, 0.06533333333333333, , 0.0025, , 321.909373
384742.exe, 0.0655, , 0.0025, , 322.634926
384742.exe, 0.06483333333333334, , 0.0025, , 321.808328
384742.exe, 0.06566666666666668, , 0.0025, , 321.928998
384742.exe, 0.06566666666666666, , 0.0025, , 322.621455
384742.exe, 0.06533333333333333, , 0.0025, , 322.009498
384742.exe, 0.065, , 0.0025, , 322.994009
384742.exe, 0.06416666666666668, , 0.0025, , 319.867855
384742.exe, 0.0645, , 0.0025, , 321.400152
384742.exe, 0.06466666666666666, , 0.0025, , 321.500142
4119306.exe, 0.059000000000000004, , 0.0023333333333333335, , 290.440712
4119306.exe, 0.058499999999999996, , 0.0021666666666666666, , 289.733506
4119306.exe, 0.058333333333333334, , 0.0023333333333333335, , 290.546112
4119306.exe, 0.05783333333333333, , 0.0023333333333333335, , 289.607781
4119306.exe, 0.05783333333333333, , 0.0023333333333333335, , 289.278128
4119306.exe, 0.058499999999999996, , 0.0023333333333333335, , 289.216078
4119306.exe, 0.05816666666666667, , 0.0023333333333333335, , 289.783822
4119306.exe, 0.058, , 0.0023333333333333335, , 289.335345
4119306.exe, 0.058499999999999996, , 0.0023333333333333335, , 292.087204
4119306.exe, 0.058833333333333335, , 0.0023333333333333335, , 289.575173
4982865.exe, 0.06683333333333333, , 0.003166666666666667, , 344.547731
4982865.exe, 0.0665, , 0.003166666666666667, , 342.057476
4982865.exe, 0.066, , 0.003166666666666667, , 341.990836
4982865.exe, 0.06633333333333333, , 0.003166666666666667, , 343.235576
4982865.exe, 0.06649999999999999, , 0.003166666666666667, , 343.859342
4982865.exe, 0.06583333333333334, , 0.003166666666666667, , 342.191344
4982865.exe, 0.06583333333333333, , 0.003166666666666667, , 341.671075
4982865.exe, 0.06316666666666666, , 0.003166666666666667, , 362.607259
4982865.exe, 0.0655, , 0.003166666666666667, , 339.797883
4982865.exe, 0.066, , 0.003166666666666667, , 342.008014
5251261.exe, 0.059166666666666666, , 0.0023333333333333335, , 294.832275
5251261.exe, 0.05983333333333333, , 0.0023333333333333335, , 296.540786
5251261.exe, 0.05866666666666667, , 0.0023333333333333335, , 293.435132
5251261.exe, 0.058833333333333335, , 0.0023333333333333335, , 294.923312
5251261.exe, 0.058833333333333335, , 0.0023333333333333335, , 295.489251
5251261.exe, 0.058833333333333335, , 0.0023333333333333335, , 294.436569
5251261.exe, 0.05866666666666666, , 0.0023333333333333335, , 294.01213
5251261.exe, 0.058499999999999996, , 0.0023333333333333335, , 293.158359
5251261.exe, 0.058333333333333334, , 0.0023333333333333335, , 291.759849
5251261.exe, 0.058333333333333334, , 0.0023333333333333335, , 292.681544
5546172.exe, 0.061333333333333344, , 0.0025, , 311.196861
5546172.exe, 0.06183333333333333, , 0.0025, , 312.755206
5546172.exe, 0.06183333333333333, , 0.0025, , 311.407991
5546172.exe, 0.06216666666666666, , 0.0025, , 311.21235
5546172.exe, 0.062000000000000006, , 0.0025, , 311.450656
5546172.exe, 0.06216666666666666, , 0.0025, , 311.031597
5546172.exe, 0.06216666666666666, , 0.0025, , 310.967826
5546172.exe, 0.06199999999999999, , 0.0025, , 310.498701
5546172.exe, 0.061166666666666675, , 0.0025, , 309.680464
5546172.exe, 0.06149999999999999, , 0.0025, , 311.391996
5717238.exe, 0.059500000000000004, , 0.0023333333333333335, , 299.453033
5717238.exe, 0.060166666666666674, , 0.0023333333333333335, , 300.700848
5717238.exe, 0.059166666666666666, , 0.0023333333333333335, , 299.142685
5717238.exe, 0.059166666666666666, , 0.0023333333333333335, , 300.142643
5717238.exe, 0.05999999999999999, , 0.0023333333333333335, , 309.861688
5717238.exe, 0.059666666666666666, , 0.0023333333333333335, , 299.717238
5717238.exe, 0.05983333333333333, , 0.0023333333333333335, , 300.063474
5717238.exe, 0.05783333333333333, , 0.0023333333333333335, , 318.90962
5717238.exe, 0.05999999999999999, , 0.0023333333333333335, , 300.658903
5717238.exe, 0.059500000000000004, , 0.0023333333333333335, , 299.698463
5804700.exe, 0.05999999999999999, , 0.0023333333333333335, , 300.797838
5804700.exe, 0.059666666666666666, , 0.0023333333333333335, , 298.808412
5804700.exe, 0.060333333333333336, , 0.0023333333333333335, , 299.079533
5804700.exe, 0.0605, , 0.0023333333333333335, , 299.369364
5804700.exe, 0.0605, , 0.0023333333333333335, , 299.868675
5804700.exe, 0.05999999999999999, , 0.0023333333333333335, , 300.146441
5804700.exe, 0.060166666666666674, , 0.0023333333333333335, , 300.003735
5804700.exe, 0.05983333333333333, , 0.0023333333333333335, , 299.294663
5804700.exe, 0.060166666666666674, , 0.0023333333333333335, , 300.338662
5804700.exe, 0.06016666666666667, , 0.0025, , 300.764899
6399800.exe, 0.1205, , 0.003166666666666667, , 576.028739
6399800.exe, 0.11983333333333333, , 0.003166666666666667, , 573.660595
6399800.exe, 0.1195, , 0.003166666666666667, , 574.142311
6399800.exe, 0.12016666666666669, , 0.003166666666666667, , 573.335581
6399800.exe, 0.12033333333333333, , 0.003166666666666667, , 574.143139
6399800.exe, 0.12033333333333333, , 0.003166666666666667, , 572.96493
6399800.exe, 0.12050000000000001, , 0.003166666666666667, , 576.057831
6399800.exe, 0.12066666666666666, , 0.003166666666666667, , 574.052008
6399800.exe, 0.12016666666666666, , 0.003166666666666667, , 573.984051
6399800.exe, 0.11999999999999998, , 0.003166666666666667, , 575.515934
6676911.exe, 0.05866666666666667, , 0.0023333333333333335, , 297.049456
6676911.exe, 0.059333333333333335, , 0.0023333333333333335, , 297.436014
6676911.exe, 0.0585, , 0.0023333333333333335, , 294.655699
6676911.exe, 0.057, , 0.0025, , 321.501755
6676911.exe, 0.059666666666666666, , 0.0023333333333333335, , 297.886983
6676911.exe, 0.059000000000000004, , 0.0023333333333333335, , 297.514416
6676911.exe, 0.058833333333333335, , 0.0023333333333333335, , 296.764995
6676911.exe, 0.059500000000000004, , 0.0023333333333333335, , 296.927024
6676911.exe, 0.06133333333333334, , 0.0023333333333333335, , 299.792936
6676911.exe, 0.059333333333333335, , 0.0023333333333333335, , 297.54421
6962765.exe, 0.05900000000000001, , 0.0023333333333333335, , 294.152314
6962765.exe, 0.059000000000000004, , 0.0023333333333333335, , 294.70089
6962765.exe, 0.05933333333333334, , 0.0023333333333333335, , 293.286667
6962765.exe, 0.05983333333333333, , 0.0023333333333333335, , 298.504785
6962765.exe, 0.05983333333333333, , 0.0023333333333333335, , 296.625826
6962765.exe, 0.05933333333333333, , 0.0023333333333333335, , 295.662155
6962765.exe, 0.05983333333333333, , 0.0023333333333333335, , 295.920428
6962765.exe, 0.059000000000000004, , 0.0023333333333333335, , 294.171753
6962765.exe, 0.059166666666666666, , 0.0023333333333333335, , 295.201806
6962765.exe, 0.059666666666666666, , 0.0023333333333333335, , 296.328722
778856.exe, 0.05999999999999999, , 0.0025, , 301.717537
778856.exe, 0.0595, , 0.0025, , 299.185886
778856.exe, 0.059500000000000004, , 0.0025, , 297.520155
778856.exe, 0.059333333333333335, , 0.0025, , 299.005632
778856.exe, 0.06016666666666667, , 0.0025, , 300.78764
778856.exe, 0.06016666666666667, , 0.0025, , 301.702305
778856.exe, 0.05983333333333333, , 0.0025, , 299.971303
778856.exe, 0.06016666666666667, , 0.0025, , 301.35834
778856.exe, 0.059333333333333335, , 0.0025, , 299.693306
778856.exe, 0.06000000000000001, , 0.0025, , 300.75705
7873464.exe, 0.12883333333333333, , 0.004166666666666667, , 625.075128
7873464.exe, 0.128, , 0.004, , 618.151841
7873464.exe, 0.12816666666666665, , 0.004166666666666667, , 619.493283
7873464.exe, 0.12816666666666665, , 0.003833333333333334, , 617.111202
7873464.exe, 0.12983333333333333, , 0.004166666666666667, , 620.520741
7873464.exe, 0.12966666666666668, , 0.004, , 618.742105
7873464.exe, 0.1285, , 0.004166666666666667, , 618.597611
7873464.exe, 0.12816666666666668, , 0.004, , 619.714228
7873464.exe, 0.12816666666666668, , 0.004166666666666667, , 618.05859
7873464.exe, 0.12766666666666668, , 0.004, , 621.429615
8420004.exe, 0.1215, , 0.003166666666666667, , 579.954197
8420004.exe, 0.12166666666666666, , 0.003166666666666667, , 579.960539
8420004.exe, 0.12233333333333334, , 0.003166666666666667, , 576.238774
8420004.exe, 0.12116666666666666, , 0.003166666666666667, , 574.905564
8420004.exe, 0.12066666666666667, , 0.003166666666666667, , 579.5292
8420004.exe, 0.12116666666666667, , 0.003166666666666667, , 578.222711
8420004.exe, 0.1215, , 0.003166666666666667, , 575.410231
8420004.exe, 0.12133333333333333, , 0.003166666666666667, , 576.507103
8420004.exe, 0.12200000000000001, , 0.003166666666666667, , 577.839587
8420004.exe, 0.1215, , 0.003166666666666667, , 574.60792
885892.exe, 0.0715, , 0.0033333333333333335, , 365.935618
885892.exe, 0.07166666666666667, , 0.0033333333333333335, , 363.64171
885892.exe, 0.07116666666666666, , 0.0033333333333333335, , 366.269984
885892.exe, 0.07, , 0.0033333333333333335, , 364.120181
885892.exe, 0.07083333333333333, , 0.0033333333333333335, , 364.360178
885892.exe, 0.071, , 0.0033333333333333335, , 364.795055
885892.exe, 0.07133333333333333, , 0.0033333333333333335, , 364.540877
885892.exe, 0.07033333333333333, , 0.0033333333333333335, , 363.345225
885892.exe, 0.0715, , 0.0033333333333333335, , 365.042328
885892.exe, 0.07116666666666666, , 0.0033333333333333335, , 365.256187
