1735981.exe, 0.12216666666666667, , 0.004166666666666667, , 658.992464
1735981.exe, 0.1245, , 0.0036666666666666666, , 589.3574
1735981.exe, 0.12466666666666668, , 0.0033333333333333335, , 587.257966
1735981.exe, 0.12416666666666668, , 0.0033333333333333335, , 590.419004
1735981.exe, 0.12166666666666667, , 0.0033333333333333335, , 595.656443
1735981.exe, 0.12466666666666668, , 0.0035000000000000005, , 592.276838
1735981.exe, 0.12433333333333334, , 0.0033333333333333335, , 589.680732
1735981.exe, 0.12400000000000001, , 0.0035, , 589.020952
1735981.exe, 0.1245, , 0.0033333333333333335, , 589.080551
1735981.exe, 0.12533333333333332, , 0.0035000000000000005, , 591.76906
2408959.exe, 0.11616666666666667, , 0.002833333333333333, , 541.538934
2408959.exe, 0.11533333333333333, , 0.002833333333333333, , 538.606938
2408959.exe, 0.114, , 0.002833333333333333, , 532.574418
2408959.exe, 0.11433333333333336, , 0.0028333333333333335, , 533.1103
2408959.exe, 0.11549999999999999, , 0.0028333333333333335, , 531.973825
2408959.exe, 0.11266666666666668, , 0.0026666666666666666, , 529.501925
2408959.exe, 0.11366666666666667, , 0.002833333333333333, , 531.091251
2408959.exe, 0.1135, , 0.002833333333333333, , 531.319079
2408959.exe, 0.11350000000000002, , 0.0026666666666666666, , 530.060484
2408959.exe, 0.11250000000000002, , 0.002833333333333333, , 530.78267
