1055487.exe, 0.11200000000000002, , 0.0033333333333333335, , 575.800853
1055487.exe, 0.11266666666666666, , 0.0026666666666666666, , 536.690192
1055487.exe, 0.11266666666666668, , 0.002833333333333333, , 536.077043
1055487.exe, 0.113, , 0.0026666666666666666, , 534.638681
1055487.exe, 0.11166666666666666, , 0.0026666666666666666, , 535.189131
1055487.exe, 0.11233333333333334, , 0.0026666666666666666, , 534.915239
1055487.exe, 0.1125, , 0.002833333333333333, , 535.190431
1055487.exe, 0.11283333333333334, , 0.0026666666666666666, , 536.396507
1055487.exe, 0.11433333333333334, , 0.002833333333333333, , 543.387752
1055487.exe, 0.11333333333333334, , 0.0026666666666666666, , 533.400755
