2267323.exe, 0.3701666666666667, , 0.009333333333333334, , 1747.541453
2267323.exe, 0.3656666666666667, , 0.008166666666666666, , 1691.704212
2267323.exe, 0.3651666666666667, , 0.008166666666666666, , 1693.003566
2267323.exe, 0.3631666666666667, , 0.008166666666666666, , 1694.661364
2267323.exe, 0.36650000000000005, , 0.008333333333333333, , 1698.985147
2267323.exe, 0.36300000000000004, , 0.0085, , 1697.150875
2267323.exe, 0.36633333333333334, , 0.008333333333333333, , 1704.310257
2267323.exe, 0.36183333333333334, , 0.008333333333333333, , 1701.919773
2267323.exe, 0.3611666666666667, , 0.008166666666666666, , 1691.882238
2267323.exe, 0.36183333333333334, , 0.008333333333333333, , 1700.683219
3323785.exe, 0.3576666666666667, , 0.008166666666666666, , 1687.094544
3323785.exe, 0.3576666666666667, , 0.008333333333333333, , 1688.460601
3323785.exe, 0.35433333333333333, , 0.008333333333333333, , 1701.029698
3323785.exe, 0.3565000000000001, , 0.008333333333333333, , 1692.794919
3323785.exe, 0.3550000000000001, , 0.008333333333333333, , 1709.654485
3323785.exe, 0.3575, , 0.008166666666666666, , 1690.183477
3323785.exe, 0.35800000000000004, , 0.008166666666666666, , 1690.371947
3323785.exe, 0.3568333333333333, , 0.008166666666666666, , 1688.294453
3323785.exe, 0.3549999999999999, , 0.008166666666666666, , 1687.498241
3323785.exe, 0.35766666666666663, , 0.008166666666666666, , 1687.28033
3587345.exe, 0.14966666666666667, , 0.004833333333333334, , 745.609796
3587345.exe, 0.1496666666666667, , 0.004833333333333334, , 743.865136
3587345.exe, 0.15083333333333335, , 0.004833333333333334, , 745.491143
3587345.exe, 0.14950000000000005, , 0.004833333333333334, , 746.69286
3587345.exe, 0.15066666666666664, , 0.004833333333333334, , 744.412887
3587345.exe, 0.14916666666666664, , 0.004833333333333334, , 745.531268
3587345.exe, 0.15, , 0.004833333333333334, , 747.381693
3587345.exe, 0.15116666666666667, , 0.004833333333333334, , 746.495151
3587345.exe, 0.1501666666666667, , 0.004833333333333334, , 745.862366
3587345.exe, 0.15066666666666667, , 0.004833333333333334, , 745.12714
3827594.exe, 0.3551666666666667, , 0.0085, , 1679.049241
3827594.exe, 0.35500000000000004, , 0.008333333333333333, , 1672.810393
3827594.exe, 0.35600000000000004, , 0.008333333333333333, , 1678.598365
3827594.exe, 0.3561666666666667, , 0.008333333333333333, , 1680.164224
3827594.exe, 0.35516666666666663, , 0.0085, , 1676.2782
3827594.exe, 0.353, , 0.008166666666666666, , 1669.589674
3827594.exe, 0.3568333333333334, , 0.008333333333333333, , 1676.548191
3827594.exe, 0.3568333333333334, , 0.0085, , 1682.786469
3827594.exe, 0.35533333333333333, , 0.008333333333333333, , 1682.727756
3827594.exe, 0.3558333333333334, , 0.008333333333333333, , 1673.758503
4646477.exe, 0.1476666666666667, , 0.004833333333333334, , 733.445623
4646477.exe, 0.1475, , 0.004833333333333334, , 735.39082
4646477.exe, 0.14583333333333334, , 0.004833333333333334, , 731.134953
4646477.exe, 0.14583333333333334, , 0.004833333333333334, , 733.006327
4646477.exe, 0.14566666666666667, , 0.004833333333333334, , 734.709361
4646477.exe, 0.14666666666666667, , 0.004833333333333334, , 734.970021
4646477.exe, 0.14650000000000002, , 0.004833333333333334, , 732.349542
4646477.exe, 0.14966666666666664, , 0.004999999999999999, , 737.552969
4646477.exe, 0.14650000000000002, , 0.004833333333333334, , 733.778088
4646477.exe, 0.14666666666666667, , 0.004833333333333334, , 736.782735
4656918.exe, 0.14833333333333332, , 0.004333333333333333, , 726.943572
4656918.exe, 0.1475, , 0.004333333333333333, , 729.295819
4656918.exe, 0.14633333333333332, , 0.003999999999999999, , 723.429778
4656918.exe, 0.1465, , 0.004166666666666667, , 728.120136
4656918.exe, 0.14633333333333332, , 0.003833333333333333, , 723.343153
4656918.exe, 0.14733333333333334, , 0.004, , 721.967635
4656918.exe, 0.14783333333333332, , 0.004166666666666667, , 722.408173
4656918.exe, 0.14883333333333335, , 0.004166666666666667, , 721.766751
4656918.exe, 0.149, , 0.004166666666666667, , 721.112931
4656918.exe, 0.1475, , 0.004166666666666667, , 723.333629
4870731.exe, 0.14833333333333334, , 0.004833333333333334, , 743.041635
4870731.exe, 0.148, , 0.004833333333333334, , 739.27257
4870731.exe, 0.14833333333333334, , 0.004833333333333334, , 740.47783
4870731.exe, 0.14950000000000002, , 0.004833333333333334, , 742.160058
4870731.exe, 0.14816666666666667, , 0.004833333333333334, , 743.154493
4870731.exe, 0.14866666666666667, , 0.004833333333333334, , 740.113096
4870731.exe, 0.14933333333333335, , 0.004833333333333334, , 741.735821
4870731.exe, 0.14950000000000002, , 0.004833333333333334, , 742.267995
4870731.exe, 0.14900000000000002, , 0.004833333333333334, , 741.570639
4870731.exe, 0.14716666666666667, , 0.004833333333333334, , 740.14617
4990217.exe, 0.3655, , 0.009, , 1755.562702
4990217.exe, 0.3648333333333333, , 0.008833333333333334, , 1751.288122
4990217.exe, 0.36383333333333334, , 0.009333333333333332, , 1761.565764
4990217.exe, 0.3681666666666666, , 0.009166666666666665, , 1751.499073
4990217.exe, 0.3678333333333333, , 0.009333333333333332, , 1759.800084
4990217.exe, 0.36666666666666664, , 0.008833333333333334, , 1747.391141
4990217.exe, 0.3671666666666667, , 0.008833333333333334, , 1754.5707
4990217.exe, 0.3665, , 0.008833333333333334, , 1749.592202
4990217.exe, 0.3685, , 0.009166666666666665, , 1762.440676
4990217.exe, 0.3685, , 0.009166666666666665, , 1763.517987
5120159.exe, 0.3566666666666667, , 0.0085, , 1682.512808
5120159.exe, 0.35366666666666663, , 0.008333333333333333, , 1670.053134
5120159.exe, 0.3538333333333333, , 0.0085, , 1674.448745
5120159.exe, 0.35666666666666663, , 0.0085, , 1685.114717
5120159.exe, 0.35666666666666663, , 0.008333333333333333, , 1675.145712
5120159.exe, 0.35550000000000004, , 0.0085, , 1678.468084
5120159.exe, 0.3563333333333334, , 0.008333333333333333, , 1675.163969
5120159.exe, 0.3563333333333334, , 0.008333333333333333, , 1676.061519
5120159.exe, 0.35583333333333333, , 0.008333333333333333, , 1676.710737
5120159.exe, 0.3565, , 0.0085, , 1674.6117
5768294.exe, 0.146, , 0.004833333333333334, , 731.431023
5768294.exe, 0.14533333333333331, , 0.004833333333333334, , 729.079757
5768294.exe, 0.14533333333333331, , 0.004833333333333334, , 728.444538
5768294.exe, 0.14566666666666667, , 0.004833333333333334, , 729.826323
5768294.exe, 0.14483333333333331, , 0.004833333333333334, , 729.483773
5768294.exe, 0.145, , 0.004833333333333334, , 729.286364
5768294.exe, 0.14583333333333334, , 0.004833333333333334, , 731.925909
5768294.exe, 0.14683333333333334, , 0.004833333333333334, , 732.612532
5768294.exe, 0.14616666666666667, , 0.004833333333333334, , 731.123818
5768294.exe, 0.1455, , 0.004833333333333334, , 730.309871
6207480.exe, 0.14716666666666667, , 0.004833333333333334, , 727.944847
6207480.exe, 0.14683333333333334, , 0.004833333333333334, , 727.365343
6207480.exe, 0.14633333333333334, , 0.004833333333333334, , 728.910424
6207480.exe, 0.14583333333333334, , 0.004833333333333334, , 728.08613
6207480.exe, 0.14583333333333337, , 0.004833333333333334, , 727.455652
6207480.exe, 0.145, , 0.004833333333333334, , 727.073607
6207480.exe, 0.14650000000000002, , 0.004833333333333334, , 729.75941
6207480.exe, 0.14666666666666667, , 0.004833333333333334, , 729.182408
6207480.exe, 0.1476666666666667, , 0.004833333333333334, , 728.870329
6207480.exe, 0.14583333333333334, , 0.004833333333333334, , 727.647434
6345129.exe, 0.35416666666666663, , 0.0085, , 1691.032985
6345129.exe, 0.35616666666666663, , 0.008333333333333333, , 1678.546556
6345129.exe, 0.354, , 0.0085, , 1671.970569
6345129.exe, 0.35233333333333333, , 0.008333333333333333, , 1674.443235
6345129.exe, 0.3551666666666667, , 0.008833333333333334, , 1682.941887
6345129.exe, 0.3578333333333334, , 0.008666666666666666, , 1678.466632
6345129.exe, 0.356, , 0.008333333333333333, , 1674.685999
6345129.exe, 0.3583333333333334, , 0.008333333333333333, , 1682.890315
6345129.exe, 0.3683333333333333, , 0.008833333333333334, , 1694.883152
6345129.exe, 0.36183333333333334, , 0.008833333333333334, , 1680.214364
6761058.exe, 0.39116666666666666, , 0.012833333333333334, , 1737.192451
6761058.exe, 0.3949999999999999, , 0.01583333333333333, , 1787.970975
6761058.exe, 0.39083333333333325, , 0.0145, , 1763.096208
6761058.exe, 0.3788333333333333, , 0.013, , 1735.514964
6761058.exe, 0.36783333333333335, , 0.011000000000000003, , 1731.526864
6761058.exe, 0.36483333333333334, , 0.009666666666666664, , 1696.639265
6761058.exe, 0.35516666666666663, , 0.008166666666666666, , 1671.255347
6761058.exe, 0.35366666666666663, , 0.008166666666666666, , 1671.155173
6761058.exe, 0.3538333333333333, , 0.008333333333333333, , 1672.151289
6761058.exe, 0.354, , 0.0085, , 1690.218801
6947711.exe, 0.145, , 0.004833333333333334, , 733.034586
6947711.exe, 0.14683333333333332, , 0.004833333333333334, , 735.198431
6947711.exe, 0.14666666666666667, , 0.004833333333333334, , 732.174689
6947711.exe, 0.14533333333333331, , 0.004833333333333334, , 744.550028
6947711.exe, 0.14716666666666664, , 0.004833333333333334, , 731.024127
6947711.exe, 0.14633333333333334, , 0.004833333333333334, , 731.232882
6947711.exe, 0.14683333333333332, , 0.004833333333333334, , 732.397216
6947711.exe, 0.14666666666666664, , 0.004833333333333334, , 733.856776
6947711.exe, 0.1465, , 0.004833333333333334, , 732.118733
6947711.exe, 0.14683333333333334, , 0.004833333333333334, , 732.434649
6963176.exe, 0.14800000000000002, , 0.004833333333333334, , 741.796763
6963176.exe, 0.1471666666666667, , 0.004833333333333334, , 738.984246
6963176.exe, 0.14783333333333334, , 0.004833333333333334, , 735.383737
6963176.exe, 0.15466666666666665, , 0.004833333333333334, , 740.591292
6963176.exe, 0.14699999999999996, , 0.004833333333333334, , 734.376119
6963176.exe, 0.146, , 0.004833333333333334, , 734.9187
6963176.exe, 0.14666666666666664, , 0.004833333333333334, , 735.689623
6963176.exe, 0.1476666666666667, , 0.004833333333333334, , 736.326497
6963176.exe, 0.14666666666666664, , 0.004833333333333334, , 736.56964
6963176.exe, 0.1465, , 0.004833333333333334, , 737.025331
7254933.exe, 0.35483333333333333, , 0.008333333333333333, , 1675.637296
7254933.exe, 0.35383333333333333, , 0.008166666666666666, , 1674.929774
7254933.exe, 0.35483333333333333, , 0.008166666666666666, , 1679.848014
7254933.exe, 0.35316666666666663, , 0.008333333333333333, , 1678.919674
7254933.exe, 0.35733333333333334, , 0.008333333333333333, , 1680.169611
7254933.exe, 0.35183333333333333, , 0.008333333333333333, , 1674.511361
7254933.exe, 0.35750000000000004, , 0.008166666666666666, , 1684.876557
7254933.exe, 0.35516666666666663, , 0.008166666666666666, , 1679.167469
7254933.exe, 0.35450000000000004, , 0.008166666666666666, , 1675.799801
7254933.exe, 0.35183333333333333, , 0.008166666666666666, , 1674.829877
7256574.exe, 0.36016666666666663, , 0.008333333333333333, , 1715.236118
7256574.exe, 0.36016666666666663, , 0.0085, , 1711.749451
7256574.exe, 0.36350000000000005, , 0.0085, , 1714.960823
7256574.exe, 0.36116666666666664, , 0.0085, , 1719.59665
7256574.exe, 0.3606666666666667, , 0.008666666666666666, , 1712.214489
7256574.exe, 0.3628333333333333, , 0.008333333333333333, , 1710.278445
7256574.exe, 0.36416666666666675, , 0.008666666666666666, , 1712.169509
7256574.exe, 0.36300000000000004, , 0.0085, , 1717.073469
7256574.exe, 0.3611666666666667, , 0.008666666666666666, , 1709.781861
7256574.exe, 0.3606666666666667, , 0.008666666666666666, , 1711.900381
