1135633.exe, 0.17750000000000002, , 0.005833333333333333, , 967.791157
1135633.exe, 0.17350000000000002, , 0.005333333333333332, , 876.929848
1135633.exe, 0.17183333333333334, , 0.005166666666666666, , 875.457263
1135633.exe, 0.1705, , 0.005166666666666666, , 864.488229
1135633.exe, 0.17066666666666666, , 0.005333333333333332, , 875.529583
1135633.exe, 0.1721666666666667, , 0.005333333333333332, , 881.869049
1135633.exe, 0.1716666666666667, , 0.005333333333333332, , 872.970483
1135633.exe, 0.16916666666666666, , 0.005333333333333332, , 893.167345
1135633.exe, 0.17133333333333337, , 0.005166666666666666, , 878.291782
1135633.exe, 0.1698333333333333, , 0.005166666666666666, , 875.067049
1247568.exe, 0.34099999999999997, , 0.008166666666666666, , 1634.568995
1247568.exe, 0.3438333333333334, , 0.008166666666666666, , 1616.308133
1247568.exe, 0.3413333333333334, , 0.008166666666666666, , 1615.470023
1247568.exe, 0.3428333333333333, , 0.008166666666666666, , 1617.241613
1247568.exe, 0.3428333333333333, , 0.007999999999999998, , 1615.189294
1247568.exe, 0.3416666666666667, , 0.008166666666666666, , 1618.722962
1247568.exe, 0.343, , 0.008166666666666666, , 1619.770479
1247568.exe, 0.3416666666666667, , 0.008166666666666666, , 1619.447047
1247568.exe, 0.341, , 0.008166666666666666, , 1615.912561
1247568.exe, 0.3423333333333333, , 0.008166666666666666, , 1616.028323
1265407.exe, 0.14283333333333334, , 0.004666666666666667, , 727.005132
1265407.exe, 0.1436666666666667, , 0.004833333333333334, , 725.40584
1265407.exe, 0.14400000000000002, , 0.004833333333333334, , 724.604767
1265407.exe, 0.1445, , 0.004833333333333334, , 725.787031
1265407.exe, 0.14466666666666667, , 0.004833333333333334, , 725.987159
1265407.exe, 0.1445, , 0.004833333333333334, , 724.071779
1265407.exe, 0.1438333333333333, , 0.004833333333333334, , 725.029183
1265407.exe, 0.14433333333333334, , 0.004833333333333334, , 726.807234
1265407.exe, 0.1448333333333333, , 0.004666666666666667, , 724.617546
1265407.exe, 0.14400000000000002, , 0.004833333333333334, , 724.373026
1290299.exe, 0.16999999999999998, , 0.005166666666666666, , 874.221354
1290299.exe, 0.16950000000000004, , 0.005166666666666666, , 878.148364
1290299.exe, 0.16650000000000004, , 0.005333333333333332, , 897.608088
1290299.exe, 0.169, , 0.005333333333333332, , 874.056198
1290299.exe, 0.1706666666666667, , 0.005166666666666666, , 871.494184
1290299.exe, 0.1716666666666667, , 0.005166666666666666, , 880.126275
1290299.exe, 0.17200000000000001, , 0.005166666666666666, , 883.67708
1290299.exe, 0.1715, , 0.0055, , 876.360492
1290299.exe, 0.17166666666666666, , 0.005333333333333332, , 883.629483
1290299.exe, 0.1696666666666667, , 0.005166666666666666, , 868.625572
1291495.exe, 0.071, , 0.0029999999999999996, , 383.644458
1291495.exe, 0.07100000000000001, , 0.0029999999999999996, , 386.403699
1291495.exe, 0.07183333333333335, , 0.0029999999999999996, , 385.591305
1291495.exe, 0.0725, , 0.0029999999999999996, , 382.442216
1291495.exe, 0.07, , 0.0029999999999999996, , 386.977558
1291495.exe, 0.07150000000000002, , 0.0029999999999999996, , 383.766179
1291495.exe, 0.07166666666666667, , 0.0029999999999999996, , 386.957785
1291495.exe, 0.07216666666666667, , 0.0029999999999999996, , 387.648235
1291495.exe, 0.07166666666666667, , 0.0029999999999999996, , 385.275311
1291495.exe, 0.07183333333333335, , 0.0029999999999999996, , 386.897414
1316604.exe, 0.1475, , 0.004833333333333334, , 743.803649
1316604.exe, 0.14699999999999996, , 0.004833333333333334, , 739.557679
1316604.exe, 0.14733333333333334, , 0.004833333333333334, , 740.516731
1316604.exe, 0.14683333333333334, , 0.004833333333333334, , 739.750147
1316604.exe, 0.14683333333333334, , 0.004833333333333334, , 738.682517
1316604.exe, 0.14483333333333331, , 0.004833333333333334, , 754.774231
1316604.exe, 0.14716666666666667, , 0.004833333333333334, , 739.098522
1316604.exe, 0.1478333333333333, , 0.004833333333333334, , 740.695468
1316604.exe, 0.14633333333333332, , 0.004833333333333334, , 739.534575
1316604.exe, 0.1465, , 0.004833333333333334, , 738.780737
1376560.exe, 0.1455, , 0.004833333333333334, , 730.13099
1376560.exe, 0.14533333333333331, , 0.004833333333333334, , 728.578767
1376560.exe, 0.14666666666666667, , 0.004833333333333334, , 732.491983
1376560.exe, 0.14666666666666664, , 0.004833333333333334, , 729.919656
1376560.exe, 0.14699999999999996, , 0.004833333333333334, , 730.936277
1376560.exe, 0.14849999999999997, , 0.004833333333333334, , 735.513145
1376560.exe, 0.14583333333333334, , 0.004833333333333334, , 730.230289
1376560.exe, 0.14483333333333331, , 0.004833333333333334, , 729.44314
1376560.exe, 0.1451666666666667, , 0.004833333333333334, , 727.60759
1376560.exe, 0.14550000000000002, , 0.004833333333333334, , 730.295541
1407254.exe, 0.14833333333333334, , 0.004833333333333334, , 748.049459
1407254.exe, 0.14833333333333332, , 0.004833333333333334, , 748.765018
1407254.exe, 0.14883333333333335, , 0.004833333333333334, , 748.578496
1407254.exe, 0.14850000000000002, , 0.004833333333333334, , 749.575653
1407254.exe, 0.14883333333333335, , 0.004833333333333334, , 748.336285
1407254.exe, 0.147, , 0.004999999999999999, , 765.354978
1407254.exe, 0.14900000000000002, , 0.004833333333333334, , 747.167753
1407254.exe, 0.14866666666666667, , 0.004833333333333334, , 749.993757
1407254.exe, 0.14900000000000002, , 0.004833333333333334, , 747.950922
1407254.exe, 0.14983333333333337, , 0.004833333333333334, , 750.938638
1442933.exe, 0.14683333333333334, , 0.004833333333333334, , 736.754797
1442933.exe, 0.14583333333333334, , 0.004833333333333334, , 735.388338
1442933.exe, 0.146, , 0.004833333333333334, , 735.852279
1442933.exe, 0.14650000000000002, , 0.004999999999999999, , 737.781856
1442933.exe, 0.14533333333333331, , 0.004833333333333334, , 736.228478
1442933.exe, 0.14583333333333331, , 0.004833333333333334, , 735.650104
1442933.exe, 0.14666666666666667, , 0.004833333333333334, , 737.064426
1442933.exe, 0.14633333333333332, , 0.004833333333333334, , 735.054916
1442933.exe, 0.14666666666666664, , 0.004833333333333334, , 734.402036
1442933.exe, 0.1465, , 0.004833333333333334, , 735.246602
1477356.exe, 0.149, , 0.004833333333333334, , 748.809388
1477356.exe, 0.14900000000000002, , 0.004833333333333334, , 745.874691
1477356.exe, 0.14933333333333335, , 0.004833333333333334, , 747.200932
1477356.exe, 0.15000000000000002, , 0.004833333333333334, , 747.881458
1477356.exe, 0.151, , 0.004833333333333334, , 747.142675
1477356.exe, 0.15050000000000002, , 0.004833333333333334, , 749.553022
1477356.exe, 0.15033333333333332, , 0.004833333333333334, , 748.04781
1477356.exe, 0.15050000000000002, , 0.004833333333333334, , 748.2979
1477356.exe, 0.15, , 0.004833333333333334, , 748.26514
1477356.exe, 0.14983333333333335, , 0.004833333333333334, , 748.621181
1510302.exe, 0.14783333333333332, , 0.004833333333333334, , 741.683077
1510302.exe, 0.14683333333333334, , 0.004833333333333334, , 739.763485
1510302.exe, 0.14816666666666667, , 0.004833333333333334, , 740.882744
1510302.exe, 0.1485, , 0.004833333333333334, , 740.693224
1510302.exe, 0.1473333333333333, , 0.004833333333333334, , 740.14798
1510302.exe, 0.1475, , 0.004833333333333334, , 739.500526
1510302.exe, 0.14800000000000002, , 0.004833333333333334, , 739.619295
1510302.exe, 0.148, , 0.004833333333333334, , 742.1167
1510302.exe, 0.14766666666666667, , 0.004833333333333334, , 741.753808
1510302.exe, 0.1475, , 0.004833333333333334, , 739.852357
1545872.exe, 0.1471666666666667, , 0.004833333333333334, , 752.235268
1545872.exe, 0.1476666666666667, , 0.004833333333333334, , 746.636825
1545872.exe, 0.1475, , 0.004833333333333334, , 746.342114
1545872.exe, 0.14716666666666667, , 0.004833333333333334, , 746.999573
1545872.exe, 0.14833333333333337, , 0.004833333333333334, , 746.473025
1545872.exe, 0.1476666666666667, , 0.004833333333333334, , 746.91657
1545872.exe, 0.14733333333333334, , 0.004833333333333334, , 746.240147
1545872.exe, 0.14700000000000005, , 0.004833333333333334, , 746.517387
1545872.exe, 0.14716666666666667, , 0.004833333333333334, , 748.302813
1545872.exe, 0.1485, , 0.004833333333333334, , 748.473677
1655898.exe, 0.1465, , 0.004999999999999999, , 741.134137
1655898.exe, 0.14733333333333334, , 0.004999999999999999, , 739.26245
1655898.exe, 0.14816666666666667, , 0.004999999999999999, , 740.221537
1655898.exe, 0.14766666666666667, , 0.004833333333333334, , 738.48571
1655898.exe, 0.14683333333333332, , 0.004999999999999999, , 740.043036
1655898.exe, 0.14716666666666664, , 0.004999999999999999, , 739.03854
1655898.exe, 0.14716666666666667, , 0.004999999999999999, , 740.620662
1655898.exe, 0.14666666666666664, , 0.004999999999999999, , 741.117783
1655898.exe, 0.14666666666666664, , 0.004833333333333334, , 742.321207
1655898.exe, 0.14649999999999996, , 0.004999999999999999, , 739.535242
1832846.exe, 0.14, , 0.0038333333333333336, , 698.312589
1832846.exe, 0.1376666666666667, , 0.003833333333333333, , 693.222813
1832846.exe, 0.13883333333333334, , 0.0036666666666666666, , 693.406074
1832846.exe, 0.13983333333333334, , 0.003833333333333333, , 693.71091
1832846.exe, 0.13949999999999999, , 0.0036666666666666666, , 693.072072
1832846.exe, 0.13966666666666666, , 0.003833333333333333, , 695.602958
1832846.exe, 0.13916666666666666, , 0.003666666666666666, , 696.692773
1832846.exe, 0.14, , 0.003833333333333333, , 701.693983
1832846.exe, 0.1395, , 0.0038333333333333336, , 697.526247
1832846.exe, 0.13883333333333334, , 0.003833333333333333, , 700.41556
1867433.exe, 0.15716666666666662, , 0.004999999999999999, , 785.63752
1867433.exe, 0.1575, , 0.004833333333333334, , 784.535095
1867433.exe, 0.15733333333333333, , 0.004833333333333334, , 785.314446
1867433.exe, 0.15716666666666665, , 0.004999999999999999, , 781.452509
1867433.exe, 0.15616666666666668, , 0.004833333333333334, , 782.524078
1867433.exe, 0.15616666666666665, , 0.004999999999999999, , 784.851431
1867433.exe, 0.15649999999999997, , 0.004833333333333334, , 784.179204
1867433.exe, 0.15666666666666668, , 0.004833333333333334, , 780.757728
1867433.exe, 0.15766666666666665, , 0.004833333333333334, , 781.455511
1867433.exe, 0.157, , 0.004999999999999999, , 782.38849
2004531.exe, 0.358, , 0.008166666666666666, , 1674.952082
2004531.exe, 0.3568333333333334, , 0.008166666666666666, , 1669.861022
2004531.exe, 0.3575, , 0.008166666666666666, , 1674.386267
2004531.exe, 0.3618333333333333, , 0.0085, , 1679.107804
2004531.exe, 0.35916666666666675, , 0.008166666666666666, , 1673.761817
2004531.exe, 0.35816666666666663, , 0.008166666666666666, , 1672.808661
2004531.exe, 0.36033333333333334, , 0.008166666666666666, , 1675.700218
2004531.exe, 0.36850000000000005, , 0.008666666666666666, , 1682.046208
2004531.exe, 0.36399999999999993, , 0.008333333333333333, , 1679.070801
2004531.exe, 0.3656666666666667, , 0.008333333333333333, , 1673.844774
2059675.exe, 0.5399999999999999, , 0.02433333333333333, , 2537.895342
2059675.exe, 0.5221666666666668, , 0.021666666666666664, , 2496.896462
2059675.exe, 0.503, , 0.018500000000000003, , 2451.547776
2059675.exe, 0.48250000000000004, , 0.015500000000000002, , 2395.165852
2059675.exe, 0.47633333333333333, , 0.015000000000000001, , 2387.738179
2059675.exe, 0.4736666666666667, , 0.015166666666666667, , 2379.92176
2059675.exe, 0.4753333333333333, , 0.015000000000000001, , 2390.33587
2059675.exe, 0.4731666666666666, , 0.015166666666666667, , 2388.78741
2059675.exe, 0.4746666666666667, , 0.015166666666666667, , 2389.247548
2059675.exe, 0.47300000000000003, , 0.015000000000000001, , 2379.477475
2126568.exe, 0.14800000000000002, , 0.004833333333333334, , 741.724171
2126568.exe, 0.1465, , 0.004833333333333334, , 738.136776
2126568.exe, 0.14616666666666667, , 0.004833333333333334, , 736.943401
2126568.exe, 0.14600000000000002, , 0.004833333333333334, , 738.99493
2126568.exe, 0.14683333333333334, , 0.004833333333333334, , 737.545564
2126568.exe, 0.145, , 0.004999999999999999, , 753.004145
2126568.exe, 0.14816666666666664, , 0.004833333333333334, , 741.534417
2126568.exe, 0.14783333333333334, , 0.004833333333333334, , 738.650321
2126568.exe, 0.14583333333333334, , 0.004833333333333334, , 739.025757
2126568.exe, 0.14683333333333334, , 0.004833333333333334, , 738.687629
2147790.exe, 0.14683333333333334, , 0.004833333333333334, , 770.322838
2147790.exe, 0.14766666666666667, , 0.004833333333333334, , 744.752852
2147790.exe, 0.14833333333333334, , 0.004833333333333334, , 746.187115
2147790.exe, 0.14766666666666667, , 0.004666666666666667, , 743.113834
2147790.exe, 0.14816666666666667, , 0.004833333333333334, , 744.363755
2147790.exe, 0.1475, , 0.004833333333333334, , 744.925817
2147790.exe, 0.1555, , 0.004666666666666667, , 746.835307
2147790.exe, 0.14800000000000002, , 0.004666666666666667, , 744.876461
2147790.exe, 0.14683333333333332, , 0.004666666666666667, , 743.986903
2147790.exe, 0.1476666666666667, , 0.004833333333333334, , 744.292976
2384511.exe, 0.151, , 0.004999999999999999, , 761.5167
2384511.exe, 0.15150000000000002, , 0.004833333333333334, , 761.750309
2384511.exe, 0.15083333333333335, , 0.004999999999999999, , 761.175933
2384511.exe, 0.15, , 0.004833333333333334, , 762.05089
2384511.exe, 0.14966666666666667, , 0.004833333333333334, , 761.56971
2384511.exe, 0.151, , 0.004999999999999999, , 760.930927
2384511.exe, 0.15116666666666667, , 0.004833333333333334, , 762.362441
2384511.exe, 0.15200000000000002, , 0.004999999999999999, , 762.923143
2384511.exe, 0.15133333333333338, , 0.004999999999999999, , 762.704059
2384511.exe, 0.1511666666666667, , 0.004833333333333334, , 759.909984
2531093.exe, 0.16649999999999998, , 0.005166666666666666, , 857.726773
2531093.exe, 0.16583333333333333, , 0.005166666666666666, , 853.510705
2531093.exe, 0.16533333333333333, , 0.005166666666666666, , 852.945425
2531093.exe, 0.1655, , 0.005166666666666666, , 861.179157
2531093.exe, 0.16433333333333333, , 0.005166666666666666, , 860.571226
2531093.exe, 0.16566666666666668, , 0.005166666666666666, , 856.740073
2531093.exe, 0.1645, , 0.005166666666666666, , 846.926086
2531093.exe, 0.17433333333333334, , 0.005166666666666666, , 860.727341
2531093.exe, 0.16616666666666666, , 0.005166666666666666, , 854.417641
2531093.exe, 0.167, , 0.005166666666666666, , 851.215589
2589093.exe, 0.1465, , 0.004833333333333334, , 732.978243
2589093.exe, 0.14683333333333334, , 0.004833333333333334, , 732.76989
2589093.exe, 0.1455, , 0.004833333333333334, , 731.724788
2589093.exe, 0.14583333333333334, , 0.004666666666666667, , 733.971468
2589093.exe, 0.146, , 0.004833333333333334, , 734.955121
2589093.exe, 0.14633333333333332, , 0.004666666666666667, , 735.315521
2589093.exe, 0.14666666666666667, , 0.004833333333333334, , 733.758086
2589093.exe, 0.14616666666666667, , 0.004833333333333334, , 732.853676
2589093.exe, 0.14633333333333332, , 0.004833333333333334, , 731.599507
2589093.exe, 0.14533333333333331, , 0.004833333333333334, , 731.908908
2678777.exe, 0.36033333333333334, , 0.008666666666666666, , 1681.324518
2678777.exe, 0.356, , 0.008333333333333333, , 1679.575597
2678777.exe, 0.35400000000000004, , 0.008333333333333333, , 1679.339846
2678777.exe, 0.35066666666666674, , 0.008333333333333333, , 1672.976636
2678777.exe, 0.35233333333333333, , 0.0085, , 1673.824905
2678777.exe, 0.3538333333333333, , 0.008333333333333333, , 1675.585274
2678777.exe, 0.35533333333333333, , 0.0085, , 1684.821491
2678777.exe, 0.35500000000000004, , 0.008666666666666666, , 1696.866593
2678777.exe, 0.35316666666666663, , 0.0085, , 1674.426824
2678777.exe, 0.3525, , 0.008333333333333333, , 1676.155661
2772441.exe, 0.15116666666666667, , 0.004833333333333334, , 756.967074
2772441.exe, 0.14883333333333335, , 0.004833333333333334, , 757.062973
2772441.exe, 0.14883333333333332, , 0.004833333333333334, , 756.104156
2772441.exe, 0.15033333333333335, , 0.004833333333333334, , 755.813399
2772441.exe, 0.15816666666666668, , 0.004833333333333334, , 760.681884
2772441.exe, 0.15033333333333335, , 0.004833333333333334, , 757.736786
2772441.exe, 0.14933333333333337, , 0.004833333333333334, , 758.726705
2772441.exe, 0.15033333333333332, , 0.004833333333333334, , 762.123282
2772441.exe, 0.14933333333333335, , 0.004833333333333334, , 756.179657
2772441.exe, 0.15033333333333335, , 0.005166666666666666, , 783.706026
2959375.exe, 0.16516666666666663, , 0.004999999999999999, , 851.689848
2959375.exe, 0.1665, , 0.005166666666666666, , 848.83269
2959375.exe, 0.16933333333333334, , 0.005333333333333334, , 859.694287
2959375.exe, 0.1685, , 0.005166666666666666, , 852.10183
2959375.exe, 0.1686666666666667, , 0.005166666666666666, , 858.86144
2959375.exe, 0.16849999999999998, , 0.005333333333333334, , 859.180787
2959375.exe, 0.16849999999999998, , 0.005166666666666666, , 854.512562
2959375.exe, 0.16783333333333333, , 0.005166666666666666, , 858.27521
2959375.exe, 0.16816666666666666, , 0.005166666666666666, , 865.730377
2959375.exe, 0.16683333333333336, , 0.004999999999999999, , 856.527765
2962679.exe, 0.16033333333333333, , 0.004833333333333334, , 808.849878
2962679.exe, 0.1593333333333333, , 0.004833333333333334, , 807.030883
2962679.exe, 0.15933333333333335, , 0.004833333333333334, , 808.576252
2962679.exe, 0.16049999999999998, , 0.004833333333333334, , 806.969531
2962679.exe, 0.17, , 0.004833333333333334, , 813.847496
2962679.exe, 0.16116666666666665, , 0.004833333333333334, , 807.139043
2962679.exe, 0.15933333333333335, , 0.004833333333333334, , 808.462503
2962679.exe, 0.16049999999999998, , 0.004833333333333334, , 806.126892
2962679.exe, 0.16049999999999998, , 0.004833333333333334, , 807.724384
2962679.exe, 0.16183333333333336, , 0.004833333333333334, , 808.404699
3053665.exe, 0.14766666666666667, , 0.004833333333333334, , 737.062461
3053665.exe, 0.14800000000000002, , 0.004833333333333334, , 738.623129
3053665.exe, 0.148, , 0.004833333333333334, , 739.488234
3053665.exe, 0.14733333333333334, , 0.004833333333333334, , 737.804473
3053665.exe, 0.14766666666666667, , 0.004833333333333334, , 738.172953
3053665.exe, 0.14816666666666664, , 0.004833333333333334, , 739.345742
3053665.exe, 0.14783333333333332, , 0.004833333333333334, , 741.508159
3053665.exe, 0.14800000000000002, , 0.004833333333333334, , 738.758028
3053665.exe, 0.1475, , 0.004833333333333334, , 738.326434
3053665.exe, 0.15166666666666667, , 0.004833333333333334, , 741.267593
3072746.exe, 0.14266666666666666, , 0.004833333333333334, , 744.323677
3072746.exe, 0.1445, , 0.004833333333333334, , 721.942843
3072746.exe, 0.1443333333333333, , 0.004833333333333334, , 719.630953
3072746.exe, 0.1445, , 0.004833333333333334, , 721.842918
3072746.exe, 0.14483333333333334, , 0.004666666666666667, , 721.423322
3072746.exe, 0.146, , 0.004833333333333334, , 723.692864
3072746.exe, 0.14566666666666667, , 0.004833333333333334, , 722.429631
3072746.exe, 0.14550000000000002, , 0.004666666666666667, , 723.412867
3072746.exe, 0.144, , 0.004833333333333334, , 720.658225
3072746.exe, 0.14483333333333331, , 0.004833333333333334, , 721.595654
312198.exe, 0.37216666666666665, , 0.009500000000000001, , 1757.193028
312198.exe, 0.3721666666666667, , 0.009500000000000001, , 1756.129434
312198.exe, 0.37266666666666665, , 0.009500000000000001, , 1761.957354
312198.exe, 0.3723333333333333, , 0.009500000000000001, , 1766.833296
312198.exe, 0.36966666666666664, , 0.009666666666666664, , 1751.532309
312198.exe, 0.38083333333333325, , 0.009500000000000001, , 1759.92378
312198.exe, 0.37033333333333335, , 0.009500000000000001, , 1751.423284
312198.exe, 0.37233333333333335, , 0.009666666666666664, , 1756.821777
312198.exe, 0.3721666666666667, , 0.009500000000000001, , 1754.466354
312198.exe, 0.37166666666666665, , 0.009666666666666664, , 1754.186179
3138756.exe, 0.14633333333333332, , 0.004833333333333334, , 730.837089
3138756.exe, 0.14633333333333332, , 0.004666666666666667, , 729.894151
3138756.exe, 0.14716666666666667, , 0.004833333333333334, , 730.79893
3138756.exe, 0.1463333333333333, , 0.004833333333333334, , 731.240751
3138756.exe, 0.14583333333333334, , 0.004833333333333334, , 729.300426
3138756.exe, 0.14616666666666667, , 0.004833333333333334, , 729.157044
3138756.exe, 0.14416666666666667, , 0.004833333333333334, , 741.740385
3138756.exe, 0.147, , 0.004833333333333334, , 730.818738
3138756.exe, 0.1465, , 0.004833333333333334, , 729.289645
3138756.exe, 0.14633333333333332, , 0.004833333333333334, , 729.024363
3291340.exe, 0.44299999999999995, , 0.014166666666666666, , 2149.1046
3291340.exe, 0.44966666666666666, , 0.014166666666666666, , 2142.100772
3291340.exe, 0.4405, , 0.014166666666666666, , 2142.599209
3291340.exe, 0.43850000000000006, , 0.014, , 2136.477451
3291340.exe, 0.44216666666666665, , 0.014166666666666666, , 2145.314103
3291340.exe, 0.4408333333333333, , 0.014333333333333333, , 2141.598857
3291340.exe, 0.4361666666666667, , 0.014166666666666666, , 2137.611408
3291340.exe, 0.4473333333333333, , 0.014166666666666666, , 2142.352662
3291340.exe, 0.4405, , 0.014166666666666666, , 2137.081733
3291340.exe, 0.44416666666666677, , 0.014333333333333333, , 2157.385913
3296532.exe, 0.1476666666666667, , 0.004666666666666667, , 738.492988
3296532.exe, 0.14766666666666667, , 0.004833333333333334, , 738.887679
3296532.exe, 0.14800000000000002, , 0.004833333333333334, , 736.843485
3296532.exe, 0.1486666666666667, , 0.004833333333333334, , 741.001166
3296532.exe, 0.14666666666666664, , 0.004833333333333334, , 737.747438
3296532.exe, 0.1476666666666667, , 0.004833333333333334, , 737.734253
3296532.exe, 0.14433333333333334, , 0.004833333333333334, , 757.361378
3296532.exe, 0.147, , 0.004833333333333334, , 739.850347
3296532.exe, 0.14633333333333332, , 0.004833333333333334, , 738.014936
3296532.exe, 0.14699999999999996, , 0.004833333333333334, , 739.98916
3334452.exe, 0.22899999999999998, , 0.007500000000000001, , 1216.736423
3334452.exe, 0.23233333333333336, , 0.007833333333333335, , 1231.726724
3334452.exe, 0.229, , 0.007333333333333333, , 1219.610889
3334452.exe, 0.2375, , 0.007999999999999998, , 1231.402193
3334452.exe, 0.22800000000000004, , 0.007666666666666667, , 1224.22321
3334452.exe, 0.22900000000000004, , 0.007500000000000001, , 1221.111804
3334452.exe, 0.23183333333333334, , 0.007833333333333333, , 1230.975841
3334452.exe, 0.23433333333333334, , 0.007666666666666667, , 1228.239021
3334452.exe, 0.23099999999999998, , 0.007666666666666667, , 1231.653264
3334452.exe, 0.2311666666666667, , 0.007500000000000001, , 1224.219552
3337165.exe, 0.21600000000000005, , 0.008833333333333334, , 1109.921729
3337165.exe, 0.21416666666666667, , 0.008833333333333334, , 1103.926263
3337165.exe, 0.21333333333333335, , 0.008833333333333334, , 1104.083518
3337165.exe, 0.21466666666666667, , 0.008833333333333334, , 1103.986265
3337165.exe, 0.21466666666666667, , 0.008833333333333334, , 1103.496302
3337165.exe, 0.21316666666666667, , 0.008833333333333334, , 1103.91499
3337165.exe, 0.21283333333333332, , 0.008833333333333334, , 1102.233828
3337165.exe, 0.21483333333333332, , 0.008833333333333334, , 1104.071931
3337165.exe, 0.21399999999999997, , 0.008833333333333334, , 1103.293525
3337165.exe, 0.21333333333333337, , 0.008833333333333334, , 1102.993593
3396045.exe, 0.14633333333333332, , 0.004833333333333334, , 742.518386
3396045.exe, 0.14650000000000002, , 0.004833333333333334, , 742.906608
3396045.exe, 0.14516666666666664, , 0.004833333333333334, , 740.306021
3396045.exe, 0.14516666666666664, , 0.004833333333333334, , 744.306181
3396045.exe, 0.14583333333333334, , 0.004833333333333334, , 742.227911
3396045.exe, 0.14516666666666664, , 0.004833333333333334, , 742.595534
3396045.exe, 0.14516666666666664, , 0.004833333333333334, , 746.634889
3396045.exe, 0.14733333333333334, , 0.004833333333333334, , 746.1539
3396045.exe, 0.14583333333333334, , 0.004833333333333334, , 741.05792
3396045.exe, 0.14583333333333334, , 0.004833333333333334, , 741.480001
3645229.exe, 0.14583333333333331, , 0.004833333333333334, , 735.902538
3645229.exe, 0.14416666666666664, , 0.004833333333333334, , 735.966633
3645229.exe, 0.14616666666666667, , 0.004833333333333334, , 736.058935
3645229.exe, 0.149, , 0.004833333333333334, , 738.612432
3645229.exe, 0.14533333333333331, , 0.004833333333333334, , 736.53453
3645229.exe, 0.146, , 0.004833333333333334, , 737.550414
3645229.exe, 0.146, , 0.004833333333333334, , 737.377238
3645229.exe, 0.14616666666666667, , 0.004833333333333334, , 736.750077
3645229.exe, 0.14483333333333331, , 0.004833333333333334, , 737.375751
3645229.exe, 0.14516666666666664, , 0.004833333333333334, , 735.627848
3677702.exe, 0.15116666666666667, , 0.004833333333333334, , 756.01381
3677702.exe, 0.15183333333333335, , 0.004666666666666666, , 756.262663
3677702.exe, 0.15066666666666664, , 0.004666666666666666, , 756.840726
3677702.exe, 0.152, , 0.004833333333333334, , 756.099065
3677702.exe, 0.15050000000000002, , 0.004666666666666666, , 757.239586
3677702.exe, 0.1515, , 0.004833333333333334, , 757.412905
3677702.exe, 0.15066666666666664, , 0.004833333333333334, , 755.210329
3677702.exe, 0.1505, , 0.004666666666666666, , 754.468269
3677702.exe, 0.151, , 0.004666666666666666, , 756.475549
3677702.exe, 0.1526666666666667, , 0.004833333333333334, , 756.115874
3683001.exe, 0.22383333333333336, , 0.009500000000000001, , 1151.345644
3683001.exe, 0.22299999999999998, , 0.009166666666666667, , 1149.60915
3683001.exe, 0.22449999999999998, , 0.009500000000000001, , 1153.924263
3683001.exe, 0.23283333333333334, , 0.009333333333333334, , 1155.548616
3683001.exe, 0.22583333333333336, , 0.009500000000000001, , 1150.867756
3683001.exe, 0.2255, , 0.009500000000000001, , 1152.939596
3683001.exe, 0.22416666666666668, , 0.009500000000000001, , 1152.593463
3683001.exe, 0.22133333333333335, , 0.009500000000000001, , 1151.362861
3683001.exe, 0.22083333333333333, , 0.009500000000000001, , 1151.75088
3683001.exe, 0.2215, , 0.009333333333333334, , 1152.467257
3687300.exe, 0.14733333333333334, , 0.004833333333333334, , 748.403729
3687300.exe, 0.1461666666666667, , 0.004833333333333334, , 745.654565
3687300.exe, 0.15433333333333332, , 0.004833333333333334, , 760.255872
3687300.exe, 0.1621666666666667, , 0.004999999999999999, , 754.990959
3687300.exe, 0.14766666666666667, , 0.004833333333333334, , 747.309068
3687300.exe, 0.14816666666666664, , 0.004833333333333334, , 750.600956
3687300.exe, 0.14683333333333332, , 0.004833333333333334, , 745.710932
3687300.exe, 0.14816666666666664, , 0.004833333333333334, , 746.210943
3687300.exe, 0.1491666666666667, , 0.004833333333333334, , 751.603186
3687300.exe, 0.147, , 0.004833333333333334, , 746.525587
3752974.exe, 0.13916666666666666, , 0.003833333333333333, , 696.208584
3752974.exe, 0.1381666666666667, , 0.0036666666666666666, , 695.53675
3752974.exe, 0.14616666666666667, , 0.003833333333333333, , 700.156972
3752974.exe, 0.13866666666666666, , 0.0036666666666666666, , 695.814133
3752974.exe, 0.13883333333333334, , 0.0036666666666666666, , 696.583278
3752974.exe, 0.13833333333333334, , 0.0036666666666666666, , 697.206723
3752974.exe, 0.13849999999999998, , 0.0035, , 695.615156
3752974.exe, 0.13949999999999999, , 0.0036666666666666666, , 697.339376
3752974.exe, 0.13899999999999998, , 0.0036666666666666666, , 695.716323
3752974.exe, 0.13933333333333334, , 0.0036666666666666666, , 696.685479
3826344.exe, 0.14550000000000002, , 0.004833333333333334, , 737.044277
3826344.exe, 0.14583333333333334, , 0.004833333333333334, , 735.049506
3826344.exe, 0.146, , 0.004833333333333334, , 736.542481
3826344.exe, 0.146, , 0.004833333333333334, , 734.459949
3826344.exe, 0.1455, , 0.004833333333333334, , 733.687292
3826344.exe, 0.14566666666666667, , 0.004833333333333334, , 736.935467
3826344.exe, 0.14533333333333331, , 0.004833333333333334, , 734.846996
3826344.exe, 0.14849999999999997, , 0.004999999999999999, , 737.099588
3826344.exe, 0.14583333333333334, , 0.004833333333333334, , 734.938977
3826344.exe, 0.14716666666666667, , 0.004833333333333334, , 735.075114
