1359491.exe, 0.25666666666666665, , 0.0055, , 1263.989108
1359491.exe, 0.2515, , 0.0051666666666666675, , 1233.103788
1359491.exe, 0.25133333333333335, , 0.0051666666666666675, , 1233.379662
1359491.exe, 0.2506666666666667, , 0.0051666666666666675, , 1232.995065
1359491.exe, 0.25083333333333335, , 0.0051666666666666675, , 1233.645582
1359491.exe, 0.24933333333333335, , 0.0051666666666666675, , 1231.792544
1359491.exe, 0.25083333333333335, , 0.0051666666666666675, , 1231.75928
1359491.exe, 0.24983333333333338, , 0.0051666666666666675, , 1229.440521
1359491.exe, 0.24983333333333332, , 0.0051666666666666675, , 1230.372291
1359491.exe, 0.249, , 0.0051666666666666675, , 1249.724921
1820307.exe, 0.31483333333333335, , 0.006666666666666667, , 1668.249832
1820307.exe, 0.3131666666666666, , 0.006666666666666667, , 1666.315674
1820307.exe, 0.31383333333333335, , 0.006666666666666667, , 1670.499675
1820307.exe, 0.31483333333333335, , 0.006666666666666667, , 1666.440875
1820307.exe, 0.31533333333333335, , 0.006833333333333334, , 1667.446106
1820307.exe, 0.3143333333333333, , 0.006666666666666667, , 1666.832761
1820307.exe, 0.3145, , 0.006666666666666667, , 1669.579355
1820307.exe, 0.3125, , 0.006666666666666667, , 1662.601319
1820307.exe, 0.316, , 0.006833333333333333, , 1665.266123
1820307.exe, 0.31716666666666665, , 0.006666666666666667, , 1666.184579
2021894.exe, 0.265, , 0.006166666666666666, , 1358.692676
2021894.exe, 0.2625, , 0.006166666666666666, , 1351.965039
2021894.exe, 0.2656666666666666, , 0.006166666666666666, , 1362.207563
2021894.exe, 0.2658333333333333, , 0.006166666666666666, , 1356.618146
2021894.exe, 0.2653333333333333, , 0.006166666666666666, , 1359.506488
2021894.exe, 0.264, , 0.006166666666666666, , 1355.386786
2021894.exe, 0.26216666666666666, , 0.006166666666666666, , 1360.095303
2021894.exe, 0.26416666666666666, , 0.006166666666666666, , 1362.03474
2021894.exe, 0.26499999999999996, , 0.006166666666666666, , 1355.883294
2021894.exe, 0.2656666666666666, , 0.006166666666666666, , 1362.252444
2799712.exe, 0.38466666666666666, , 0.0085, , 1917.37763
2799712.exe, 0.38616666666666666, , 0.008666666666666666, , 1917.955451
2799712.exe, 0.3855, , 0.0085, , 1917.738536
2799712.exe, 0.3863333333333333, , 0.0085, , 1918.558713
2799712.exe, 0.38649999999999995, , 0.0085, , 1919.265169
2799712.exe, 0.3863333333333333, , 0.0085, , 1918.392526
2799712.exe, 0.38683333333333336, , 0.008666666666666666, , 1921.577227
2799712.exe, 0.3871666666666666, , 0.0085, , 1925.346098
2799712.exe, 0.38466666666666666, , 0.0085, , 1916.802206
2799712.exe, 0.385, , 0.0085, , 1923.208734
3051090.exe, 0.6381666666666667, , 0.0135, , 3180.68907
3051090.exe, 0.6381666666666668, , 0.013666666666666666, , 3183.543585
3051090.exe, 0.6373333333333332, , 0.013666666666666666, , 3182.148949
3051090.exe, 0.6401666666666668, , 0.013833333333333333, , 3184.134952
3051090.exe, 0.6376666666666667, , 0.013833333333333333, , 3183.014931
3051090.exe, 0.6373333333333334, , 0.013500000000000002, , 3182.7173
3051090.exe, 0.6373333333333334, , 0.013666666666666666, , 3183.049136
3051090.exe, 0.6396666666666666, , 0.013666666666666666, , 3183.237364
3051090.exe, 0.6375, , 0.014, , 3184.710755
3051090.exe, 0.6346666666666666, , 0.0135, , 3180.50054
3371941.exe, 0.42383333333333334, , 0.009333333333333334, , 2065.177094
3371941.exe, 0.4226666666666667, , 0.009333333333333334, , 2064.673941
3371941.exe, 0.4195, , 0.009333333333333334, , 2075.929932
3371941.exe, 0.424, , 0.009500000000000001, , 2066.045064
3371941.exe, 0.426, , 0.009166666666666667, , 2065.335078
3371941.exe, 0.42433333333333334, , 0.009500000000000001, , 2061.184735
3371941.exe, 0.42499999999999993, , 0.009000000000000001, , 2065.459135
3371941.exe, 0.42416666666666664, , 0.009666666666666667, , 2068.98231
3371941.exe, 0.42133333333333334, , 0.009500000000000001, , 2064.694985
3371941.exe, 0.4245, , 0.009500000000000001, , 2067.192748
3536231.exe, 0.5723333333333334, , 0.012333333333333333, , 2926.702154
3536231.exe, 0.5706666666666667, , 0.012333333333333333, , 2932.688308
3536231.exe, 0.5683333333333332, , 0.012333333333333333, , 2925.216586
3536231.exe, 0.5686666666666668, , 0.012333333333333333, , 2925.884176
3536231.exe, 0.5693333333333334, , 0.012333333333333333, , 2928.096546
3536231.exe, 0.5681666666666667, , 0.012333333333333333, , 2926.820056
3536231.exe, 0.5675000000000001, , 0.012333333333333333, , 2925.874389
3536231.exe, 0.5716666666666667, , 0.012333333333333333, , 2928.773974
3536231.exe, 0.5738333333333333, , 0.012333333333333333, , 2923.787084
3536231.exe, 0.5723333333333332, , 0.0125, , 2921.394261
3598512.exe, 0.25849999999999995, , 0.0055, , 1265.109151
3598512.exe, 0.25949999999999995, , 0.0055, , 1264.161632
3598512.exe, 0.25866666666666666, , 0.005333333333333332, , 1261.733009
3598512.exe, 0.25983333333333336, , 0.005333333333333332, , 1264.563047
3598512.exe, 0.25900000000000006, , 0.005333333333333332, , 1262.411047
3598512.exe, 0.2601666666666667, , 0.0055, , 1266.390544
3598512.exe, 0.26083333333333336, , 0.0055, , 1266.572725
3598512.exe, 0.26216666666666666, , 0.0055, , 1266.625054
3598512.exe, 0.2608333333333333, , 0.0055, , 1264.624806
3598512.exe, 0.25966666666666666, , 0.0055, , 1261.387577
3823863.exe, 0.4313333333333334, , 0.009333333333333332, , 2038.335253
3823863.exe, 0.43466666666666665, , 0.009000000000000001, , 2039.391561
3823863.exe, 0.454, , 0.014166666666666666, , 2102.548981
3823863.exe, 0.4613333333333334, , 0.016166666666666666, , 2126.962131
3823863.exe, 0.45016666666666666, , 0.013999999999999997, , 2098.208789
3823863.exe, 0.43633333333333346, , 0.011666666666666665, , 2068.221351
3823863.exe, 0.4285, , 0.010333333333333333, , 2049.827282
3823863.exe, 0.4148333333333333, , 0.008833333333333334, , 2031.032477
3823863.exe, 0.4173333333333334, , 0.008833333333333334, , 2032.221363
3823863.exe, 0.4188333333333334, , 0.008833333333333334, , 2032.665877
4174493.exe, 0.2843333333333333, , 0.0065, , 1407.907413
4174493.exe, 0.28633333333333333, , 0.0065, , 1407.558393
4174493.exe, 0.28500000000000003, , 0.0065, , 1406.159636
4174493.exe, 0.28350000000000003, , 0.0065, , 1407.209435
4174493.exe, 0.28500000000000003, , 0.0065, , 1406.571791
4174493.exe, 0.28500000000000003, , 0.0065, , 1407.608544
4174493.exe, 0.28450000000000003, , 0.0065, , 1407.530888
4174493.exe, 0.2836666666666667, , 0.0065, , 1407.915203
4174493.exe, 0.2846666666666666, , 0.0065, , 1407.267295
4174493.exe, 0.29266666666666663, , 0.0065, , 1409.775577
4573853.exe, 0.47000000000000003, , 0.010500000000000002, , 2420.654625
4573853.exe, 0.47200000000000003, , 0.010500000000000002, , 2420.520251
4573853.exe, 0.46749999999999997, , 0.010500000000000002, , 2419.501217
4573853.exe, 0.467, , 0.010500000000000002, , 2419.019389
4573853.exe, 0.4668333333333333, , 0.010500000000000002, , 2416.501047
4573853.exe, 0.47, , 0.010500000000000002, , 2419.541727
4573853.exe, 0.4673333333333334, , 0.010500000000000002, , 2417.221595
4573853.exe, 0.4653333333333333, , 0.010500000000000002, , 2418.033719
4573853.exe, 0.46900000000000003, , 0.010500000000000002, , 2418.067311
4573853.exe, 0.46983333333333327, , 0.010500000000000002, , 2417.676144
5530660.exe, 0.22183333333333335, , 0.004833333333333334, , 1019.974524
5530660.exe, 0.22066666666666668, , 0.004833333333333334, , 1021.83551
5530660.exe, 0.22183333333333335, , 0.004833333333333334, , 1019.416968
5530660.exe, 0.22066666666666665, , 0.004833333333333334, , 1019.401464
5530660.exe, 0.22133333333333333, , 0.004833333333333334, , 1020.195326
5530660.exe, 0.22150000000000006, , 0.004833333333333334, , 1019.978805
5530660.exe, 0.2215, , 0.004833333333333334, , 1020.223544
5530660.exe, 0.22316666666666668, , 0.004833333333333334, , 1020.951476
5530660.exe, 0.22300000000000003, , 0.004833333333333334, , 1020.332572
5530660.exe, 0.22216666666666668, , 0.004833333333333334, , 1019.142967
