1097695.exe, 0.3633333333333333, , 0.008, , 1846.080004
1097695.exe, 0.3629999999999999, , 0.008, , 1829.077965
1097695.exe, 0.3606666666666667, , 0.008, , 1818.09306
1097695.exe, 0.3636666666666667, , 0.008, , 1817.950749
1097695.exe, 0.36549999999999994, , 0.008, , 1819.163781
1097695.exe, 0.3656666666666667, , 0.008, , 1815.993897
1097695.exe, 0.3629999999999999, , 0.008, , 1818.572878
1097695.exe, 0.36099999999999993, , 0.008, , 1817.254349
1097695.exe, 0.3625, , 0.008, , 1817.779321
1097695.exe, 0.35833333333333334, , 0.008, , 1815.464402
1316078.exe, 0.23349999999999999, , 0.004833333333333334, , 1055.251433
1316078.exe, 0.23450000000000001, , 0.004833333333333334, , 1055.445925
1316078.exe, 0.23149999999999998, , 0.004833333333333334, , 1072.577842
1316078.exe, 0.23366666666666666, , 0.004833333333333334, , 1053.257372
1316078.exe, 0.23316666666666663, , 0.004833333333333334, , 1054.272531
1316078.exe, 0.23316666666666663, , 0.004833333333333334, , 1056.157612
1316078.exe, 0.23266666666666666, , 0.004833333333333334, , 1056.00637
1316078.exe, 0.23266666666666666, , 0.004833333333333334, , 1053.702174
1316078.exe, 0.23349999999999996, , 0.004833333333333334, , 1054.659871
1316078.exe, 0.23316666666666663, , 0.004833333333333334, , 1053.322466
1375143.exe, 0.508, , 0.011166666666666665, , 2574.151519
1375143.exe, 0.5061666666666667, , 0.011166666666666665, , 2573.945908
1375143.exe, 0.5065000000000001, , 0.011166666666666665, , 2576.202263
1375143.exe, 0.5098333333333334, , 0.011166666666666665, , 2574.693714
1375143.exe, 0.5108333333333334, , 0.011, , 2575.792308
1375143.exe, 0.5111666666666665, , 0.011166666666666665, , 2576.373373
1375143.exe, 0.5116666666666666, , 0.011, , 2570.94958
1375143.exe, 0.5125, , 0.011, , 2578.727827
1375143.exe, 0.514, , 0.011333333333333332, , 2578.138116
1375143.exe, 0.5115000000000001, , 0.011, , 2578.601472
1403565.exe, 0.23533333333333334, , 0.004833333333333334, , 1067.980243
1403565.exe, 0.23600000000000002, , 0.004833333333333334, , 1068.494097
1403565.exe, 0.23650000000000002, , 0.004833333333333334, , 1068.269404
1403565.exe, 0.23666666666666664, , 0.004833333333333334, , 1066.354457
1403565.exe, 0.23733333333333334, , 0.004833333333333334, , 1067.249809
1403565.exe, 0.23733333333333334, , 0.004833333333333334, , 1068.936081
1403565.exe, 0.23616666666666664, , 0.004833333333333334, , 1067.90099
1403565.exe, 0.23733333333333334, , 0.004833333333333334, , 1077.696669
1403565.exe, 0.239, , 0.004833333333333334, , 1069.159683
1403565.exe, 0.23933333333333331, , 0.004833333333333334, , 1068.706798
1511347.exe, 0.36716666666666664, , 0.007833333333333333, , 1804.241122
1511347.exe, 0.36733333333333335, , 0.007833333333333333, , 1802.71178
1511347.exe, 0.36733333333333335, , 0.007833333333333333, , 1804.673546
1511347.exe, 0.369, , 0.007833333333333333, , 1802.671479
1511347.exe, 0.37000000000000005, , 0.007833333333333333, , 1805.556364
1511347.exe, 0.36866666666666664, , 0.007833333333333333, , 1803.993157
1511347.exe, 0.36816666666666664, , 0.007833333333333333, , 1806.703055
1511347.exe, 0.3693333333333333, , 0.007833333333333333, , 1802.705263
1511347.exe, 0.3701666666666667, , 0.007833333333333333, , 1806.090089
1511347.exe, 0.36933333333333335, , 0.007833333333333333, , 1812.279903
1663963.exe, 0.22900000000000004, , 0.004833333333333334, , 1027.570804
1663963.exe, 0.22966666666666666, , 0.004833333333333334, , 1026.474355
1663963.exe, 0.23083333333333333, , 0.004833333333333334, , 1025.86429
1663963.exe, 0.23, , 0.004833333333333334, , 1025.480059
1663963.exe, 0.22966666666666666, , 0.004833333333333334, , 1025.493345
1663963.exe, 0.22899999999999998, , 0.004833333333333334, , 1023.498475
1663963.exe, 0.23066666666666666, , 0.004833333333333334, , 1025.816799
1663963.exe, 0.23083333333333333, , 0.004833333333333334, , 1027.340799
1663963.exe, 0.23099999999999996, , 0.004833333333333334, , 1025.705443
1663963.exe, 0.22883333333333333, , 0.004833333333333334, , 1022.6792
1765531.exe, 0.2305, , 0.004833333333333334, , 1065.449269
1765531.exe, 0.23283333333333328, , 0.004833333333333334, , 1065.764349
1765531.exe, 0.23299999999999996, , 0.004833333333333334, , 1065.614741
1765531.exe, 0.23199999999999996, , 0.004833333333333334, , 1064.48036
1765531.exe, 0.23216666666666663, , 0.004833333333333334, , 1064.782017
1765531.exe, 0.2333333333333333, , 0.004833333333333334, , 1065.438072
1765531.exe, 0.23349999999999999, , 0.004833333333333334, , 1065.153574
1765531.exe, 0.23166666666666663, , 0.004833333333333334, , 1064.583603
1765531.exe, 0.23149999999999998, , 0.004833333333333334, , 1065.769204
1765531.exe, 0.2328333333333333, , 0.004833333333333334, , 1065.086277
1863351.exe, 0.22466666666666668, , 0.004833333333333334, , 1012.068883
1863351.exe, 0.22583333333333336, , 0.004833333333333334, , 1011.680204
1863351.exe, 0.2255, , 0.004833333333333334, , 1012.128587
1863351.exe, 0.225, , 0.004833333333333334, , 1011.530201
1863351.exe, 0.22433333333333336, , 0.004833333333333334, , 1011.885367
1863351.exe, 0.22516666666666668, , 0.004833333333333334, , 1012.196138
1863351.exe, 0.22583333333333336, , 0.004833333333333334, , 1012.734453
1863351.exe, 0.2265, , 0.004833333333333334, , 1013.006969
1863351.exe, 0.2261666666666667, , 0.004833333333333334, , 1013.857623
1863351.exe, 0.22566666666666668, , 0.004833333333333334, , 1012.633003
1908480.exe, 0.37499999999999994, , 0.008, , 1591.107486
1908480.exe, 0.3745, , 0.007833333333333333, , 1586.60306
1908480.exe, 0.37366666666666665, , 0.007333333333333332, , 1583.597559
1908480.exe, 0.3746666666666666, , 0.007666666666666666, , 1587.172915
1908480.exe, 0.37533333333333324, , 0.008166666666666666, , 1589.765937
1908480.exe, 0.3743333333333333, , 0.007499999999999999, , 1584.825594
1908480.exe, 0.375, , 0.008, , 1587.796248
1908480.exe, 0.37416666666666665, , 0.007499999999999999, , 1585.789179
1908480.exe, 0.3733333333333333, , 0.007833333333333333, , 1589.124884
1908480.exe, 0.3751666666666667, , 0.0085, , 1595.490635
2377312.exe, 0.4078333333333333, , 0.008, , 1870.941185
2377312.exe, 0.4075, , 0.007833333333333333, , 1873.400417
2377312.exe, 0.406, , 0.008, , 1875.059016
2377312.exe, 0.4043333333333333, , 0.008, , 1871.077382
2377312.exe, 0.4061666666666667, , 0.008, , 1873.313148
2377312.exe, 0.40266666666666673, , 0.007833333333333333, , 1884.579745
2377312.exe, 0.4048333333333333, , 0.008, , 1869.225259
2377312.exe, 0.40516666666666673, , 0.008, , 1872.696218
2377312.exe, 0.4086666666666667, , 0.007833333333333333, , 1873.145234
2377312.exe, 0.40700000000000003, , 0.008, , 1871.441718
2470367.exe, 0.35533333333333333, , 0.008000000000000002, , 1889.993433
2470367.exe, 0.3556666666666667, , 0.008000000000000002, , 1886.279539
2470367.exe, 0.36683333333333334, , 0.008333333333333333, , 1891.149145
2470367.exe, 0.3603333333333334, , 0.008166666666666668, , 1889.708662
2470367.exe, 0.3855, , 0.010333333333333335, , 1912.97357
2470367.exe, 0.3998333333333333, , 0.015000000000000003, , 1956.869053
2470367.exe, 0.38933333333333325, , 0.013500000000000002, , 1939.475371
2470367.exe, 0.37933333333333336, , 0.012000000000000002, , 1921.74879
2470367.exe, 0.37383333333333335, , 0.010333333333333335, , 1908.7061
2470367.exe, 0.3605, , 0.008333333333333333, , 1896.010392
248468.exe, 0.34450000000000003, , 0.007499999999999999, , 1755.976018
248468.exe, 0.3461666666666666, , 0.007333333333333332, , 1747.297712
248468.exe, 0.3465, , 0.007333333333333332, , 1750.278477
248468.exe, 0.3451666666666667, , 0.007333333333333332, , 1746.808216
248468.exe, 0.345, , 0.007499999999999999, , 1746.917785
248468.exe, 0.3461666666666667, , 0.007333333333333332, , 1749.319706
248468.exe, 0.3431666666666667, , 0.007333333333333332, , 1747.360068
248468.exe, 0.34400000000000003, , 0.007333333333333332, , 1751.262874
248468.exe, 0.3458333333333333, , 0.007333333333333332, , 1745.528959
248468.exe, 0.34733333333333327, , 0.007333333333333332, , 1744.993406
248562.exe, 0.44566666666666666, , 0.009000000000000001, , 2163.819467
248562.exe, 0.445, , 0.009000000000000001, , 2164.361611
248562.exe, 0.45383333333333337, , 0.009166666666666667, , 2168.206214
248562.exe, 0.4473333333333333, , 0.009166666666666667, , 2165.519141
248562.exe, 0.44566666666666666, , 0.009000000000000001, , 2166.422656
248562.exe, 0.4448333333333333, , 0.009000000000000001, , 2164.753758
248562.exe, 0.4418333333333333, , 0.009000000000000001, , 2162.672461
248562.exe, 0.44283333333333336, , 0.009000000000000001, , 2163.160706
248562.exe, 0.4435, , 0.009000000000000001, , 2164.664372
248562.exe, 0.4426666666666667, , 0.009166666666666667, , 2161.987298
250468.exe, 0.22466666666666668, , 0.004833333333333334, , 1025.303793
250468.exe, 0.22316666666666668, , 0.004833333333333334, , 1021.699838
250468.exe, 0.22516666666666665, , 0.004833333333333334, , 1022.202577
250468.exe, 0.2311666666666667, , 0.004833333333333334, , 1025.46685
250468.exe, 0.22266666666666665, , 0.004833333333333334, , 1024.209898
250468.exe, 0.223, , 0.004833333333333334, , 1022.871198
250468.exe, 0.22166666666666668, , 0.004833333333333334, , 1021.444525
250468.exe, 0.22349999999999998, , 0.004833333333333334, , 1022.887238
250468.exe, 0.22299999999999998, , 0.004833333333333334, , 1021.793718
250468.exe, 0.2233333333333333, , 0.004833333333333334, , 1023.276458
2552614.exe, 0.21583333333333335, , 0.004833333333333334, , 996.447738
2552614.exe, 0.21616666666666667, , 0.004833333333333334, , 997.143261
2552614.exe, 0.21716666666666667, , 0.004833333333333334, , 997.747759
2552614.exe, 0.21666666666666667, , 0.004833333333333334, , 995.663458
2552614.exe, 0.2165, , 0.004833333333333334, , 995.487975
2552614.exe, 0.21533333333333335, , 0.004833333333333334, , 995.737196
2552614.exe, 0.21600000000000003, , 0.004833333333333334, , 995.997747
2552614.exe, 0.21583333333333335, , 0.004833333333333334, , 994.912067
2552614.exe, 0.21633333333333335, , 0.004833333333333334, , 995.111561
2552614.exe, 0.21666666666666667, , 0.004833333333333334, , 997.739356
2681777.exe, 0.22233333333333333, , 0.004833333333333334, , 1016.283326
2681777.exe, 0.22083333333333335, , 0.004833333333333334, , 1013.226665
2681777.exe, 0.2215, , 0.004833333333333334, , 1013.898491
2681777.exe, 0.22133333333333333, , 0.004833333333333334, , 1013.104508
2681777.exe, 0.22166666666666662, , 0.004833333333333334, , 1014.627045
2681777.exe, 0.221, , 0.004833333333333334, , 1012.950392
2681777.exe, 0.22083333333333333, , 0.004833333333333334, , 1013.668213
2681777.exe, 0.22083333333333327, , 0.004833333333333334, , 1013.685826
2681777.exe, 0.2206666666666667, , 0.004833333333333334, , 1013.879909
2681777.exe, 0.22066666666666665, , 0.004833333333333334, , 1013.338346
2757092.exe, 0.45716666666666667, , 0.009333333333333334, , 2223.53619
2757092.exe, 0.4481666666666666, , 0.009333333333333334, , 2217.074152
2757092.exe, 0.4485, , 0.009166666666666667, , 2215.584309
2757092.exe, 0.45099999999999996, , 0.009500000000000001, , 2216.702406
2757092.exe, 0.45083333333333336, , 0.009166666666666667, , 2216.566903
2757092.exe, 0.44966666666666666, , 0.009166666666666667, , 2220.407299
2757092.exe, 0.4503333333333333, , 0.009333333333333334, , 2221.479866
2757092.exe, 0.449, , 0.009166666666666667, , 2217.413724
2757092.exe, 0.44899999999999995, , 0.009166666666666667, , 2217.085654
2757092.exe, 0.455, , 0.009333333333333334, , 2216.430786
2796766.exe, 0.22416666666666665, , 0.004833333333333334, , 1013.879768
2796766.exe, 0.22333333333333336, , 0.004833333333333334, , 1015.423192
2796766.exe, 0.22383333333333333, , 0.004833333333333334, , 1016.81429
2796766.exe, 0.22449999999999998, , 0.004833333333333334, , 1014.392412
2796766.exe, 0.22416666666666665, , 0.004833333333333334, , 1014.622103
2796766.exe, 0.22333333333333336, , 0.004833333333333334, , 1014.503457
2796766.exe, 0.22483333333333336, , 0.004833333333333334, , 1016.152176
2796766.exe, 0.22516666666666663, , 0.004833333333333334, , 1014.294346
2796766.exe, 0.22583333333333336, , 0.004833333333333334, , 1016.512445
2796766.exe, 0.22383333333333333, , 0.004833333333333334, , 1014.980017
2982528.exe, 0.3526666666666667, , 0.008166666666666666, , 1785.481297
2982528.exe, 0.3481666666666667, , 0.008166666666666666, , 1782.805145
2982528.exe, 0.3495, , 0.008166666666666666, , 1782.750832
2982528.exe, 0.3485, , 0.008166666666666666, , 1782.531396
2982528.exe, 0.34883333333333333, , 0.008166666666666666, , 1783.076825
2982528.exe, 0.34833333333333333, , 0.008166666666666666, , 1781.808977
2982528.exe, 0.34550000000000003, , 0.008166666666666666, , 1783.040449
2982528.exe, 0.34783333333333327, , 0.008166666666666666, , 1785.04424
2982528.exe, 0.3476666666666666, , 0.008166666666666666, , 1783.069796
2982528.exe, 0.3481666666666667, , 0.008166666666666666, , 1782.642292
3162850.exe, 0.2618333333333333, , 0.005333333333333332, , 1288.586096
3162850.exe, 0.2625, , 0.005333333333333332, , 1292.586117
3162850.exe, 0.2675, , 0.005333333333333332, , 1292.162011
3162850.exe, 0.26216666666666666, , 0.005333333333333332, , 1289.226846
3162850.exe, 0.26166666666666666, , 0.005333333333333332, , 1287.801693
3162850.exe, 0.26166666666666666, , 0.005333333333333332, , 1288.363587
3162850.exe, 0.26283333333333336, , 0.005333333333333332, , 1286.965312
3162850.exe, 0.26199999999999996, , 0.005333333333333332, , 1287.048776
3162850.exe, 0.2623333333333333, , 0.005333333333333332, , 1288.013731
3162850.exe, 0.26249999999999996, , 0.005333333333333332, , 1286.691393
3564636.exe, 0.23516666666666666, , 0.004833333333333334, , 1063.913372
3564636.exe, 0.23366666666666663, , 0.004833333333333334, , 1063.482111
3564636.exe, 0.23266666666666666, , 0.004833333333333334, , 1063.111203
3564636.exe, 0.23399999999999996, , 0.004833333333333334, , 1063.137218
3564636.exe, 0.23316666666666663, , 0.004833333333333334, , 1062.920589
3564636.exe, 0.23349999999999993, , 0.004833333333333334, , 1062.955985
3564636.exe, 0.2343333333333333, , 0.004833333333333334, , 1062.770779
3564636.exe, 0.23366666666666663, , 0.004833333333333334, , 1063.617245
3564636.exe, 0.23916666666666664, , 0.004833333333333334, , 1067.817063
3564636.exe, 0.2341666666666666, , 0.004833333333333334, , 1063.806278
3574537.exe, 0.4071666666666666, , 0.008833333333333334, , 2002.586635
3574537.exe, 0.4076666666666666, , 0.008833333333333334, , 1999.795745
3574537.exe, 0.4096666666666666, , 0.008833333333333334, , 2000.18306
3574537.exe, 0.4083333333333333, , 0.008833333333333334, , 1998.522688
3574537.exe, 0.4110000000000001, , 0.008833333333333334, , 2001.282819
3574537.exe, 0.414, , 0.008833333333333334, , 2001.799581
3574537.exe, 0.4096666666666667, , 0.008833333333333334, , 2001.616156
3574537.exe, 0.4096666666666666, , 0.008833333333333334, , 2003.074526
3574537.exe, 0.4111666666666666, , 0.008833333333333334, , 2002.272624
3574537.exe, 0.41066666666666674, , 0.008833333333333334, , 2002.120913
3634806.exe, 0.2886666666666667, , 0.0065, , 1403.903893
3634806.exe, 0.28866666666666674, , 0.0065, , 1405.322006
3634806.exe, 0.2886666666666667, , 0.0065, , 1405.394537
3634806.exe, 0.2891666666666667, , 0.0065, , 1405.155991
3634806.exe, 0.2888333333333334, , 0.0065, , 1404.725733
3634806.exe, 0.2888333333333334, , 0.0065, , 1402.354579
3634806.exe, 0.287, , 0.0065, , 1403.219051
3634806.exe, 0.2866666666666667, , 0.0065, , 1404.236461
3634806.exe, 0.29433333333333334, , 0.0065, , 1406.127376
3634806.exe, 0.287, , 0.0065, , 1403.365117
3648026.exe, 0.23683333333333334, , 0.004833333333333334, , 1064.250881
3648026.exe, 0.23566666666666664, , 0.004833333333333334, , 1061.007539
3648026.exe, 0.23600000000000002, , 0.004833333333333334, , 1061.121372
3648026.exe, 0.2363333333333333, , 0.004833333333333334, , 1061.285106
3648026.exe, 0.2361666666666667, , 0.004833333333333334, , 1060.493934
3648026.exe, 0.23549999999999996, , 0.004833333333333334, , 1060.947329
3648026.exe, 0.2348333333333333, , 0.004833333333333334, , 1060.491125
3648026.exe, 0.2361666666666667, , 0.004833333333333334, , 1061.713829
3648026.exe, 0.23633333333333334, , 0.004833333333333334, , 1061.040521
3648026.exe, 0.24083333333333334, , 0.004833333333333334, , 1061.940153
3660670.exe, 0.3195, , 0.0065, , 1595.435924
3660670.exe, 0.3195, , 0.0065, , 1595.871989
3660670.exe, 0.32116666666666666, , 0.0065, , 1593.891843
3660670.exe, 0.3296666666666666, , 0.0065, , 1598.796904
3660670.exe, 0.32199999999999995, , 0.0065, , 1595.764404
3660670.exe, 0.3193333333333333, , 0.0065, , 1594.599464
3660670.exe, 0.32016666666666665, , 0.0065, , 1596.773821
3660670.exe, 0.3221666666666666, , 0.0065, , 1594.287555
3660670.exe, 0.32083333333333336, , 0.0065, , 1599.117063
3660670.exe, 0.3203333333333333, , 0.0065, , 1595.756403
367930.exe, 0.34633333333333327, , 0.007833333333333333, , 1714.681929
367930.exe, 0.35183333333333333, , 0.007833333333333333, , 1720.920103
367930.exe, 0.34633333333333327, , 0.007833333333333333, , 1715.679817
367930.exe, 0.34633333333333327, , 0.007833333333333333, , 1714.36075
367930.exe, 0.3473333333333334, , 0.007833333333333333, , 1716.064739
367930.exe, 0.3466666666666667, , 0.007833333333333333, , 1715.917806
367930.exe, 0.34483333333333327, , 0.007833333333333333, , 1716.139435
367930.exe, 0.34433333333333327, , 0.007833333333333333, , 1716.112341
367930.exe, 0.3458333333333333, , 0.007833333333333333, , 1714.602407
367930.exe, 0.34450000000000003, , 0.007833333333333333, , 1714.465359
3770539.exe, 0.4463333333333333, , 0.009166666666666667, , 2203.007153
3770539.exe, 0.4443333333333334, , 0.009000000000000001, , 2195.408155
3770539.exe, 0.4555, , 0.009166666666666667, , 2202.84349
3770539.exe, 0.4486666666666666, , 0.009000000000000001, , 2196.360038
3770539.exe, 0.44933333333333336, , 0.009166666666666667, , 2198.962318
3770539.exe, 0.44899999999999995, , 0.009000000000000001, , 2199.057574
3770539.exe, 0.4478333333333333, , 0.009000000000000001, , 2201.704881
3770539.exe, 0.44783333333333336, , 0.009000000000000001, , 2195.376165
3770539.exe, 0.448, , 0.009000000000000001, , 2195.702828
3770539.exe, 0.4493333333333333, , 0.009000000000000001, , 2194.662351
3801417.exe, 0.45150000000000007, , 0.009000000000000001, , 2127.010261
3801417.exe, 0.45716666666666667, , 0.009000000000000001, , 2134.046687
3801417.exe, 0.4668333333333333, , 0.009000000000000001, , 2135.502232
3801417.exe, 0.4475, , 0.009000000000000001, , 2126.009199
3801417.exe, 0.45083333333333336, , 0.009000000000000001, , 2129.000507
3801417.exe, 0.44816666666666666, , 0.009000000000000001, , 2136.238475
3801417.exe, 0.4518333333333333, , 0.009000000000000001, , 2124.317999
3801417.exe, 0.44950000000000007, , 0.009000000000000001, , 2125.250463
3801417.exe, 0.45583333333333337, , 0.009166666666666667, , 2129.180341
3801417.exe, 0.4486666666666667, , 0.009000000000000001, , 2124.097001
387622.exe, 0.3485, , 0.007833333333333333, , 1737.167176
387622.exe, 0.34750000000000003, , 0.007833333333333333, , 1735.503222
387622.exe, 0.3458333333333333, , 0.007833333333333333, , 1732.90592
387622.exe, 0.3446666666666667, , 0.007833333333333333, , 1732.491311
387622.exe, 0.3445, , 0.007833333333333333, , 1733.94689
387622.exe, 0.3458333333333333, , 0.007833333333333333, , 1733.48166
387622.exe, 0.3456666666666667, , 0.007833333333333333, , 1732.811589
387622.exe, 0.34783333333333327, , 0.007833333333333333, , 1733.242232
387622.exe, 0.34733333333333327, , 0.007833333333333333, , 1731.733674
387622.exe, 0.35483333333333333, , 0.007833333333333333, , 1736.816766
3886650.exe, 0.43016666666666664, , 0.009666666666666667, , 2150.221282
3886650.exe, 0.4318333333333333, , 0.009666666666666667, , 2153.591533
3886650.exe, 0.4328333333333333, , 0.009666666666666667, , 2150.506587
3886650.exe, 0.4306666666666667, , 0.009666666666666667, , 2151.217727
3886650.exe, 0.4305, , 0.009666666666666667, , 2152.812871
3886650.exe, 0.43100000000000005, , 0.009666666666666667, , 2151.60793
3886650.exe, 0.43066666666666664, , 0.009666666666666667, , 2148.926767
3886650.exe, 0.43000000000000005, , 0.009666666666666667, , 2150.155909
3886650.exe, 0.4395, , 0.009666666666666667, , 2155.674837
3886650.exe, 0.43016666666666664, , 0.009666666666666667, , 2150.075851
