1054386.exe, 0.041999999999999996, , 0.002, , 255.734752
1054386.exe, 0.04266666666666667, , 0.0018333333333333333, , 217.673357
1054386.exe, 0.04283333333333333, , 0.0016666666666666668, , 217.717719
1054386.exe, 0.043166666666666666, , 0.0018333333333333333, , 218.298271
1054386.exe, 0.042499999999999996, , 0.0016666666666666668, , 218.04178
1054386.exe, 0.04266666666666667, , 0.0018333333333333333, , 218.654903
1054386.exe, 0.043000000000000003, , 0.0018333333333333333, , 218.257318
1054386.exe, 0.043166666666666666, , 0.0018333333333333333, , 218.498699
1054386.exe, 0.043166666666666666, , 0.0018333333333333333, , 218.864661
1054386.exe, 0.04266666666666667, , 0.0018333333333333333, , 219.228176
