1578979.exe, 0.1805, , 0.004333333333333333, , 925.587015
1578979.exe, 0.18016666666666667, , 0.004166666666666667, , 898.631733
1578979.exe, 0.1825, , 0.004166666666666667, , 903.139254
1578979.exe, 0.18033333333333335, , 0.004166666666666667, , 895.561421
1578979.exe, 0.17916666666666667, , 0.004166666666666667, , 891.466307
1578979.exe, 0.17933333333333332, , 0.004166666666666667, , 896.944517
1578979.exe, 0.17933333333333337, , 0.004166666666666667, , 893.178606
1578979.exe, 0.17933333333333337, , 0.004166666666666667, , 896.586748
1578979.exe, 0.1795, , 0.004166666666666667, , 895.168289
1578979.exe, 0.1781666666666667, , 0.004166666666666667, , 894.209372
2521075.exe, 0.0485, , 0.0013333333333333333, , 241.3286
2521075.exe, 0.048666666666666664, , 0.0013333333333333333, , 242.253714
2521075.exe, 0.048666666666666664, , 0.0013333333333333333, , 241.656442
2521075.exe, 0.0485, , 0.0013333333333333333, , 240.862826
2521075.exe, 0.047499999999999994, , 0.0013333333333333333, , 240.170621
2521075.exe, 0.04833333333333333, , 0.0013333333333333333, , 241.573432
2521075.exe, 0.05033333333333333, , 0.0013333333333333333, , 242.164823
2521075.exe, 0.04833333333333333, , 0.0013333333333333333, , 241.399744
2521075.exe, 0.048, , 0.0013333333333333333, , 241.114808
2521075.exe, 0.04816666666666666, , 0.0013333333333333333, , 240.759622
2653834.exe, 0.054000000000000006, , 0.0018333333333333335, , 272.744577
2653834.exe, 0.05383333333333333, , 0.0018333333333333335, , 270.624654
2653834.exe, 0.0535, , 0.0018333333333333335, , 271.066594
2653834.exe, 0.05416666666666667, , 0.0018333333333333335, , 272.509322
2653834.exe, 0.05366666666666666, , 0.0018333333333333335, , 271.325642
2653834.exe, 0.05433333333333333, , 0.0018333333333333335, , 272.75083
2653834.exe, 0.054000000000000006, , 0.0018333333333333335, , 270.670741
2653834.exe, 0.05366666666666666, , 0.0018333333333333335, , 270.840052
2653834.exe, 0.05483333333333333, , 0.0018333333333333335, , 278.503081
2653834.exe, 0.05433333333333333, , 0.0018333333333333335, , 271.030583
2665250.exe, 0.04066666666666667, , 0.0011666666666666668, , 243.770689
2665250.exe, 0.04333333333333333, , 0.0011666666666666668, , 218.050624
2665250.exe, 0.042499999999999996, , 0.0011666666666666668, , 218.528813
2665250.exe, 0.043166666666666666, , 0.0011666666666666668, , 217.676693
2665250.exe, 0.043500000000000004, , 0.0011666666666666668, , 218.087365
2665250.exe, 0.043333333333333335, , 0.0011666666666666668, , 218.889825
2665250.exe, 0.043000000000000003, , 0.0011666666666666668, , 220.53057
2665250.exe, 0.043166666666666666, , 0.0011666666666666668, , 217.725383
2665250.exe, 0.043000000000000003, , 0.0011666666666666668, , 217.239419
2665250.exe, 0.043333333333333335, , 0.0011666666666666668, , 217.717808
2701337.exe, 0.034499999999999996, , 0.001, , 176.192461
2701337.exe, 0.034666666666666665, , 0.0011666666666666668, , 175.736153
2701337.exe, 0.034499999999999996, , 0.001, , 175.26385
2701337.exe, 0.035333333333333335, , 0.0011666666666666668, , 175.952625
2701337.exe, 0.034833333333333334, , 0.001, , 175.506966
2701337.exe, 0.034833333333333334, , 0.0011666666666666668, , 176.230571
2701337.exe, 0.034833333333333334, , 0.0011666666666666668, , 175.495146
2701337.exe, 0.034666666666666665, , 0.001, , 175.418649
2701337.exe, 0.034666666666666665, , 0.001, , 175.96791
2701337.exe, 0.034833333333333334, , 0.001, , 175.680364
3456840.exe, 0.07216666666666667, , 0.0028333333333333335, , 359.291896
3456840.exe, 0.07216666666666667, , 0.0028333333333333335, , 362.108448
3456840.exe, 0.07183333333333335, , 0.0026666666666666666, , 358.838453
3456840.exe, 0.07116666666666666, , 0.0028333333333333335, , 359.435978
3456840.exe, 0.07216666666666667, , 0.0028333333333333335, , 361.068344
3456840.exe, 0.07216666666666667, , 0.0028333333333333335, , 360.93715
3456840.exe, 0.07200000000000001, , 0.0028333333333333335, , 360.313048
3456840.exe, 0.07133333333333333, , 0.0026666666666666666, , 357.248247
3456840.exe, 0.07183333333333335, , 0.0028333333333333335, , 358.960608
3456840.exe, 0.0715, , 0.0026666666666666666, , 358.674521
3551847.exe, 0.05600000000000001, , 0.0015, , 283.485393
3551847.exe, 0.057, , 0.0015, , 282.683532
3551847.exe, 0.057166666666666664, , 0.0015, , 281.615351
3551847.exe, 0.05666666666666667, , 0.0015, , 282.831791
3551847.exe, 0.05683333333333333, , 0.0015, , 282.117838
3551847.exe, 0.057166666666666664, , 0.0015, , 282.216244
3551847.exe, 0.05666666666666667, , 0.0015, , 282.416926
3551847.exe, 0.05633333333333333, , 0.0015, , 282.123754
3551847.exe, 0.056666666666666664, , 0.0015, , 281.749166
3551847.exe, 0.05616666666666667, , 0.0015, , 281.398307
3795140.exe, 0.08099999999999999, , 0.002, , 405.155431
3795140.exe, 0.08016666666666668, , 0.002, , 400.796208
3795140.exe, 0.08000000000000002, , 0.002, , 400.365109
3795140.exe, 0.07966666666666665, , 0.002, , 401.032529
3795140.exe, 0.08016666666666668, , 0.002, , 400.437505
3795140.exe, 0.08066666666666666, , 0.002, , 404.822492
3795140.exe, 0.0805, , 0.002, , 402.322357
3795140.exe, 0.08016666666666668, , 0.002, , 401.216313
3795140.exe, 0.08016666666666668, , 0.002, , 403.50056
3795140.exe, 0.081, , 0.002, , 408.340491
3930860.exe, 0.041666666666666664, , 0.0011666666666666668, , 212.534453
3930860.exe, 0.042, , 0.0011666666666666668, , 211.639965
3930860.exe, 0.04183333333333333, , 0.0011666666666666668, , 211.258563
3930860.exe, 0.04183333333333333, , 0.0011666666666666668, , 211.767577
3930860.exe, 0.042, , 0.0011666666666666668, , 212.178374
3930860.exe, 0.042333333333333334, , 0.0011666666666666668, , 211.972127
3930860.exe, 0.04216666666666667, , 0.0011666666666666668, , 212.425668
3930860.exe, 0.042499999999999996, , 0.0011666666666666668, , 212.744288
3930860.exe, 0.042333333333333334, , 0.0011666666666666668, , 211.991447
3930860.exe, 0.04183333333333333, , 0.0011666666666666668, , 211.998295
4210829.exe, 0.071, , 0.0023333333333333335, , 360.344248
4210829.exe, 0.071, , 0.0023333333333333335, , 359.353471
4210829.exe, 0.07066666666666667, , 0.0023333333333333335, , 359.130344
4210829.exe, 0.071, , 0.0023333333333333335, , 359.41467
4210829.exe, 0.07083333333333333, , 0.0023333333333333335, , 359.766322
4210829.exe, 0.071, , 0.0023333333333333335, , 359.987911
4210829.exe, 0.07133333333333333, , 0.0023333333333333335, , 360.304483
4210829.exe, 0.07133333333333333, , 0.0023333333333333335, , 359.35053
4210829.exe, 0.07083333333333333, , 0.0023333333333333335, , 360.709885
4210829.exe, 0.07083333333333333, , 0.0023333333333333335, , 358.835218
4238522.exe, 0.08866666666666667, , 0.0023333333333333335, , 481.355956
4238522.exe, 0.0895, , 0.0023333333333333335, , 483.093285
4238522.exe, 0.09000000000000001, , 0.0023333333333333335, , 483.549695
4238522.exe, 0.0895, , 0.0023333333333333335, , 482.809824
4238522.exe, 0.08983333333333335, , 0.0023333333333333335, , 483.537347
4238522.exe, 0.08916666666666666, , 0.0023333333333333335, , 482.775683
4238522.exe, 0.08866666666666667, , 0.0023333333333333335, , 483.741219
4238522.exe, 0.08833333333333335, , 0.0023333333333333335, , 481.609473
4238522.exe, 0.08850000000000001, , 0.0023333333333333335, , 482.49954
4238522.exe, 0.08933333333333332, , 0.0023333333333333335, , 482.133248
4371445.exe, 0.1595, , 0.004, , 808.652114
4371445.exe, 0.15816666666666668, , 0.004, , 798.527783
4371445.exe, 0.15866666666666665, , 0.004, , 800.461985
4371445.exe, 0.16183333333333336, , 0.004166666666666667, , 817.511702
4371445.exe, 0.15899999999999997, , 0.004, , 800.820049
4371445.exe, 0.15866666666666665, , 0.004, , 803.520795
4371445.exe, 0.158, , 0.004, , 799.883557
4371445.exe, 0.1595, , 0.004, , 807.023234
4371445.exe, 0.1585, , 0.004, , 804.571027
4371445.exe, 0.16349999999999998, , 0.004166666666666667, , 818.522889
