1536382.exe, 0.059166666666666666, , 0.0021666666666666666, , 325.994472
1536382.exe, 0.060000000000000005, , 0.0018333333333333335, , 290.105437
1536382.exe, 0.060333333333333336, , 0.0018333333333333335, , 290.760154
1536382.exe, 0.05983333333333333, , 0.0018333333333333335, , 291.036918
1536382.exe, 0.060000000000000005, , 0.0018333333333333335, , 291.348048
1536382.exe, 0.060000000000000005, , 0.0018333333333333335, , 291.205014
1536382.exe, 0.060333333333333336, , 0.0018333333333333335, , 290.46416
1536382.exe, 0.060333333333333336, , 0.0018333333333333335, , 292.581731
1536382.exe, 0.05983333333333333, , 0.0018333333333333335, , 291.22402
1536382.exe, 0.05983333333333333, , 0.0018333333333333335, , 290.709833
1605758.exe, 0.058666666666666666, , 0.0018333333333333335, , 290.661191
1605758.exe, 0.058499999999999996, , 0.0018333333333333335, , 289.003531
1605758.exe, 0.059166666666666666, , 0.0018333333333333335, , 290.04827
1605758.exe, 0.058666666666666666, , 0.0018333333333333335, , 292.019837
1605758.exe, 0.05816666666666667, , 0.0018333333333333335, , 289.055608
1605758.exe, 0.058666666666666666, , 0.0018333333333333335, , 291.584447
1605758.exe, 0.059000000000000004, , 0.0018333333333333335, , 292.688204
1605758.exe, 0.05816666666666667, , 0.0018333333333333335, , 290.861334
1605758.exe, 0.05783333333333333, , 0.0018333333333333335, , 289.254889
1605758.exe, 0.058666666666666666, , 0.0018333333333333335, , 292.610237
1627487.exe, 0.1335, , 0.0036666666666666666, , 655.06957
1627487.exe, 0.13399999999999998, , 0.0036666666666666666, , 655.608623
1627487.exe, 0.13466666666666666, , 0.0035, , 652.872678
1627487.exe, 0.13833333333333334, , 0.0035, , 653.040226
1627487.exe, 0.13383333333333336, , 0.0035, , 650.508228
1627487.exe, 0.133, , 0.0035, , 647.971304
1627487.exe, 0.13433333333333333, , 0.0036666666666666666, , 653.482163
1627487.exe, 0.13566666666666669, , 0.0035, , 660.066284
1627487.exe, 0.13516666666666666, , 0.0035, , 658.802796
1627487.exe, 0.13333333333333333, , 0.0036666666666666666, , 650.825835
1734547.exe, 0.16199999999999998, , 0.004, , 811.55316
1734547.exe, 0.1608333333333333, , 0.004, , 802.4669
1734547.exe, 0.16183333333333336, , 0.004, , 801.323286
1734547.exe, 0.16116666666666665, , 0.004, , 805.785339
1734547.exe, 0.16433333333333333, , 0.004, , 817.017606
1734547.exe, 0.16333333333333336, , 0.004166666666666667, , 816.726662
1734547.exe, 0.16283333333333333, , 0.004166666666666667, , 817.895654
1734547.exe, 0.16366666666666668, , 0.004166666666666667, , 818.122726
1734547.exe, 0.16066666666666668, , 0.004, , 799.650735
1734547.exe, 0.16166666666666665, , 0.004, , 802.373973
2002873.exe, 0.16133333333333333, , 0.004, , 797.088729
2002873.exe, 0.16283333333333333, , 0.004, , 808.02304
2002873.exe, 0.16266666666666665, , 0.004, , 803.62593
2002873.exe, 0.16333333333333336, , 0.004, , 809.445325
2002873.exe, 0.1623333333333333, , 0.004, , 803.493958
2002873.exe, 0.1615, , 0.004, , 798.22604
2002873.exe, 0.1625, , 0.004, , 808.438643
2002873.exe, 0.16083333333333333, , 0.004, , 796.80164
2002873.exe, 0.16433333333333333, , 0.004166666666666667, , 807.485407
2002873.exe, 0.16316666666666665, , 0.004, , 802.069237
2049538.exe, 0.06733333333333333, , 0.002, , 332.150526
2049538.exe, 0.06699999999999999, , 0.002, , 329.563176
2049538.exe, 0.06749999999999999, , 0.002, , 329.059977
2049538.exe, 0.06733333333333331, , 0.002, , 329.381819
2049538.exe, 0.06716666666666665, , 0.002, , 329.191134
2049538.exe, 0.06749999999999999, , 0.002, , 329.224822
2049538.exe, 0.06766666666666667, , 0.002, , 329.839504
2049538.exe, 0.068, , 0.002, , 329.582955
2049538.exe, 0.06766666666666668, , 0.002, , 330.131111
2049538.exe, 0.06733333333333331, , 0.002, , 329.200435
2134592.exe, 0.044333333333333336, , 0.0013333333333333333, , 226.487775
2134592.exe, 0.046, , 0.0013333333333333333, , 225.242486
2134592.exe, 0.04516666666666667, , 0.0013333333333333333, , 222.826235
2134592.exe, 0.04533333333333333, , 0.0013333333333333333, , 222.396215
2134592.exe, 0.04516666666666667, , 0.0013333333333333333, , 222.893791
2134592.exe, 0.04516666666666667, , 0.0013333333333333333, , 221.447947
2134592.exe, 0.04566666666666667, , 0.0013333333333333333, , 222.76749
2134592.exe, 0.04483333333333333, , 0.0013333333333333333, , 221.664607
2134592.exe, 0.04583333333333333, , 0.0013333333333333333, , 223.998621
2134592.exe, 0.0445, , 0.0013333333333333333, , 221.467539
2365914.exe, 0.04700000000000001, , 0.0013333333333333333, , 228.583245
2365914.exe, 0.04733333333333333, , 0.0013333333333333333, , 228.328634
2365914.exe, 0.04833333333333334, , 0.0013333333333333333, , 233.060446
2365914.exe, 0.048, , 0.0013333333333333333, , 228.509377
2365914.exe, 0.04700000000000001, , 0.0013333333333333333, , 227.847299
2365914.exe, 0.04733333333333333, , 0.0013333333333333333, , 228.211843
2365914.exe, 0.04716666666666667, , 0.0013333333333333333, , 228.340637
2365914.exe, 0.04766666666666667, , 0.0013333333333333333, , 228.103062
2365914.exe, 0.0475, , 0.0013333333333333333, , 228.41473
2365914.exe, 0.048, , 0.0013333333333333333, , 230.411515
2505532.exe, 0.13299999999999998, , 0.003, , 667.356855
2505532.exe, 0.133, , 0.003, , 670.386723
2505532.exe, 0.1335, , 0.003, , 669.478927
2505532.exe, 0.13366666666666666, , 0.003, , 670.668904
2505532.exe, 0.13399999999999998, , 0.003, , 674.621125
2505532.exe, 0.13283333333333333, , 0.003, , 669.280667
2505532.exe, 0.13299999999999998, , 0.003, , 668.133918
2505532.exe, 0.13183333333333333, , 0.003, , 667.499025
2505532.exe, 0.13266666666666665, , 0.003, , 667.493751
2505532.exe, 0.1345, , 0.003, , 672.11668
2527896.exe, 0.07333333333333333, , 0.002, , 362.433809
2527896.exe, 0.0735, , 0.002, , 361.268874
2527896.exe, 0.0725, , 0.002, , 358.008682
2527896.exe, 0.07433333333333333, , 0.002, , 366.704927
2527896.exe, 0.075, , 0.002, , 369.748316
2527896.exe, 0.07383333333333333, , 0.002, , 363.967228
2527896.exe, 0.074, , 0.002, , 360.144957
2527896.exe, 0.07466666666666667, , 0.002, , 363.271119
2527896.exe, 0.07366666666666667, , 0.002, , 362.170747
2527896.exe, 0.0735, , 0.002, , 362.525018
2640086.exe, 0.049, , 0.0011666666666666668, , 244.095231
2640086.exe, 0.04933333333333333, , 0.0011666666666666668, , 244.075411
2640086.exe, 0.04916666666666667, , 0.0011666666666666668, , 243.424889
2640086.exe, 0.04933333333333333, , 0.0011666666666666668, , 243.545378
2640086.exe, 0.049666666666666665, , 0.0011666666666666668, , 243.471706
2640086.exe, 0.049833333333333334, , 0.0013333333333333333, , 244.415924
2640086.exe, 0.049499999999999995, , 0.0011666666666666668, , 243.338166
2640086.exe, 0.05, , 0.0013333333333333333, , 244.107482
2640086.exe, 0.050166666666666665, , 0.0013333333333333333, , 244.892038
2640086.exe, 0.049499999999999995, , 0.0013333333333333333, , 243.725579
3014683.exe, 0.052500000000000005, , 0.0015, , 255.403487
3014683.exe, 0.053166666666666675, , 0.0015, , 256.992759
3014683.exe, 0.052500000000000005, , 0.0013333333333333333, , 255.466894
3014683.exe, 0.052333333333333336, , 0.0015, , 255.026418
3014683.exe, 0.05216666666666667, , 0.0013333333333333333, , 255.267263
3014683.exe, 0.051833333333333335, , 0.0015, , 254.842212
3014683.exe, 0.05283333333333333, , 0.0015, , 257.018832
3014683.exe, 0.052000000000000005, , 0.0015, , 255.48705
3014683.exe, 0.052000000000000005, , 0.0015, , 255.607996
3014683.exe, 0.05216666666666667, , 0.0013333333333333333, , 255.710342
3018918.exe, 0.07366666666666667, , 0.0026666666666666666, , 364.390862
3018918.exe, 0.0735, , 0.0028333333333333335, , 363.847251
3018918.exe, 0.073, , 0.0026666666666666666, , 363.179308
3018918.exe, 0.07316666666666667, , 0.0026666666666666666, , 363.11732
3018918.exe, 0.07383333333333333, , 0.0026666666666666666, , 364.357637
3018918.exe, 0.07433333333333333, , 0.0028333333333333335, , 364.833802
3018918.exe, 0.07333333333333333, , 0.0026666666666666666, , 363.450578
3018918.exe, 0.074, , 0.0028333333333333335, , 364.637277
3018918.exe, 0.074, , 0.0028333333333333335, , 364.148354
3018918.exe, 0.0735, , 0.0026666666666666666, , 363.701289
3047601.exe, 0.0555, , 0.0016666666666666668, , 265.238964
3047601.exe, 0.05283333333333333, , 0.0016666666666666668, , 260.747395
3047601.exe, 0.05283333333333333, , 0.0016666666666666668, , 260.935781
3047601.exe, 0.053, , 0.0016666666666666668, , 261.673331
3047601.exe, 0.053, , 0.0016666666666666668, , 261.261226
3047601.exe, 0.05266666666666667, , 0.0016666666666666668, , 260.933296
3047601.exe, 0.053, , 0.0016666666666666668, , 261.512322
3047601.exe, 0.05266666666666667, , 0.0016666666666666668, , 261.546246
3047601.exe, 0.053, , 0.0016666666666666668, , 261.059667
3047601.exe, 0.05283333333333333, , 0.0016666666666666668, , 260.94213
