1489349.exe, 0.025666666666666667, , 0.0008333333333333334, , 187.012459
1489349.exe, 0.027000000000000003, , 0.0006666666666666666, , 156.814677
1489349.exe, 0.027333333333333334, , 0.0006666666666666666, , 156.375889
1489349.exe, 0.02716666666666667, , 0.0006666666666666666, , 155.356488
1489349.exe, 0.028000000000000004, , 0.0006666666666666666, , 155.745268
1489349.exe, 0.027833333333333335, , 0.0006666666666666666, , 155.545534
1489349.exe, 0.027500000000000004, , 0.0006666666666666666, , 155.2516
1489349.exe, 0.027333333333333334, , 0.0006666666666666666, , 155.296316
1489349.exe, 0.02716666666666667, , 0.0006666666666666666, , 155.498822
1489349.exe, 0.027333333333333334, , 0.0006666666666666666, , 155.779886
1599310.exe, 0.024, , 0.0006666666666666666, , 139.205408
1599310.exe, 0.024, , 0.0006666666666666666, , 138.33311
1599310.exe, 0.024166666666666666, , 0.0006666666666666666, , 138.961065
1599310.exe, 0.024333333333333332, , 0.0006666666666666666, , 138.539849
1599310.exe, 0.024, , 0.0006666666666666666, , 138.718315
1599310.exe, 0.023666666666666666, , 0.0006666666666666666, , 138.447603
1599310.exe, 0.023833333333333335, , 0.0006666666666666666, , 138.299569
1599310.exe, 0.023833333333333335, , 0.0006666666666666666, , 138.640085
1599310.exe, 0.02416666666666667, , 0.0006666666666666666, , 138.625712
1599310.exe, 0.024, , 0.0006666666666666666, , 138.307267
1643497.exe, 0.049, , 0.001, , 240.938728
1643497.exe, 0.049499999999999995, , 0.001, , 238.964224
1643497.exe, 0.04883333333333333, , 0.001, , 238.554849
1643497.exe, 0.04900000000000001, , 0.001, , 238.538789
1643497.exe, 0.04900000000000001, , 0.001, , 239.688129
1643497.exe, 0.04833333333333334, , 0.001, , 239.337761
1643497.exe, 0.048666666666666664, , 0.001, , 238.785047
1643497.exe, 0.04883333333333333, , 0.001, , 238.658765
1643497.exe, 0.0485, , 0.001, , 238.854266
1643497.exe, 0.04816666666666667, , 0.001, , 238.60481
2350693.exe, 0.035666666666666666, , 0.0008333333333333334, , 190.662415
2350693.exe, 0.0355, , 0.0008333333333333334, , 190.410529
2350693.exe, 0.035666666666666666, , 0.0008333333333333334, , 190.728355
2350693.exe, 0.035166666666666666, , 0.0008333333333333334, , 190.30035
2350693.exe, 0.0355, , 0.0008333333333333334, , 190.584679
2350693.exe, 0.035833333333333335, , 0.0008333333333333334, , 190.602726
2350693.exe, 0.035166666666666666, , 0.0008333333333333334, , 190.82452
2350693.exe, 0.036000000000000004, , 0.0008333333333333334, , 190.924728
2350693.exe, 0.035666666666666666, , 0.0008333333333333334, , 190.874875
2350693.exe, 0.035333333333333335, , 0.0008333333333333334, , 190.774109
2490708.exe, 0.043500000000000004, , 0.001, , 258.4234
2490708.exe, 0.043333333333333335, , 0.001, , 258.555005
2490708.exe, 0.043000000000000003, , 0.001, , 258.591151
2490708.exe, 0.043000000000000003, , 0.001, , 258.436948
2490708.exe, 0.043333333333333335, , 0.001, , 258.69013
2490708.exe, 0.043666666666666666, , 0.001, , 258.401457
2490708.exe, 0.044000000000000004, , 0.001, , 258.697133
2490708.exe, 0.04383333333333333, , 0.001, , 258.755692
2490708.exe, 0.044166666666666674, , 0.001, , 259.023182
2490708.exe, 0.043666666666666666, , 0.001, , 258.509499
2827190.exe, 0.025166666666666667, , 0.0006666666666666666, , 143.536019
2827190.exe, 0.024833333333333332, , 0.0006666666666666666, , 144.156165
2827190.exe, 0.025, , 0.0006666666666666666, , 143.659816
2827190.exe, 0.025, , 0.0006666666666666666, , 143.728598
2827190.exe, 0.025166666666666667, , 0.0006666666666666666, , 143.771138
2827190.exe, 0.025, , 0.0006666666666666666, , 143.685387
2827190.exe, 0.0245, , 0.0006666666666666666, , 146.018468
2827190.exe, 0.024333333333333332, , 0.0006666666666666666, , 146.877455
2827190.exe, 0.024833333333333332, , 0.0006666666666666666, , 144.35085
2827190.exe, 0.024666666666666667, , 0.0006666666666666666, , 144.678933
3316605.exe, 0.042666666666666665, , 0.001, , 248.155228
3316605.exe, 0.04283333333333334, , 0.001, , 249.414548
3316605.exe, 0.043000000000000003, , 0.001, , 248.145484
3316605.exe, 0.043666666666666666, , 0.001, , 248.315219
3316605.exe, 0.0435, , 0.001, , 248.394103
3316605.exe, 0.043333333333333335, , 0.001, , 248.289523
3316605.exe, 0.043333333333333335, , 0.001, , 249.618325
3316605.exe, 0.043166666666666666, , 0.001, , 249.371576
3316605.exe, 0.044000000000000004, , 0.001, , 248.449979
3316605.exe, 0.04383333333333333, , 0.001, , 249.796087
3933685.exe, 0.002833333333333333, , 0.0, , 15.136486
3933685.exe, 0.0025000000000000005, , 0.0, , 15.553009
3933685.exe, 0.0026666666666666666, , 0.0, , 15.569798
3933685.exe, 0.0026666666666666666, , 0.0, , 15.537266
3933685.exe, 0.0025000000000000005, , 0.0, , 15.549973
3933685.exe, 0.0026666666666666666, , 0.0, , 15.18813
3933685.exe, 0.0026666666666666666, , 0.0, , 15.766827
3933685.exe, 0.0025, , 0.0, , 16.445461
3933685.exe, 0.0023333333333333335, , 0.0, , 16.463934
3933685.exe, 0.0023333333333333335, , 0.0, , 16.520895
4253487.exe, 0.030166666666666668, , 0.0008333333333333334, , 165.970005
4253487.exe, 0.029500000000000002, , 0.0006666666666666666, , 166.067908
4253487.exe, 0.029833333333333333, , 0.0008333333333333334, , 165.263447
4253487.exe, 0.029999999999999995, , 0.0006666666666666666, , 165.267544
4253487.exe, 0.03033333333333333, , 0.0006666666666666666, , 166.017556
4253487.exe, 0.030166666666666668, , 0.0006666666666666666, , 164.32416
4253487.exe, 0.03033333333333333, , 0.0006666666666666666, , 164.263638
4253487.exe, 0.03033333333333333, , 0.0008333333333333334, , 165.27226
4253487.exe, 0.029999999999999995, , 0.0006666666666666666, , 165.406461
4253487.exe, 0.029999999999999995, , 0.0006666666666666666, , 164.86495
4537272.exe, 0.029666666666666668, , 0.0006666666666666666, , 163.843599
4537272.exe, 0.029666666666666668, , 0.0006666666666666666, , 163.78216
4537272.exe, 0.028833333333333332, , 0.0008333333333333334, , 166.472486
4537272.exe, 0.029666666666666668, , 0.0008333333333333334, , 164.238324
4537272.exe, 0.030000000000000002, , 0.0006666666666666666, , 164.09932
4537272.exe, 0.029833333333333333, , 0.0006666666666666666, , 163.84604
4537272.exe, 0.029333333333333333, , 0.0006666666666666666, , 163.515741
4537272.exe, 0.029333333333333333, , 0.0006666666666666666, , 163.775478
4537272.exe, 0.029333333333333333, , 0.0006666666666666666, , 163.579501
4537272.exe, 0.029333333333333333, , 0.0006666666666666666, , 166.309821
4977530.exe, 0.0445, , 0.0011666666666666668, , 264.328779
4977530.exe, 0.043500000000000004, , 0.001, , 263.404685
4977530.exe, 0.044000000000000004, , 0.001, , 263.783535
4977530.exe, 0.04383333333333333, , 0.001, , 263.397948
4977530.exe, 0.044000000000000004, , 0.001, , 262.797011
4977530.exe, 0.04383333333333333, , 0.001, , 263.745643
4977530.exe, 0.044000000000000004, , 0.001, , 263.215467
4977530.exe, 0.044000000000000004, , 0.001, , 263.044472
4977530.exe, 0.043666666666666666, , 0.001, , 263.305025
4977530.exe, 0.043666666666666666, , 0.001, , 263.071803
5312206.exe, 0.0485, , 0.0011666666666666668, , 283.256053
5312206.exe, 0.0485, , 0.0011666666666666668, , 283.272828
5312206.exe, 0.048833333333333326, , 0.0011666666666666668, , 283.480707
5312206.exe, 0.048666666666666664, , 0.0011666666666666668, , 282.630708
5312206.exe, 0.04833333333333333, , 0.0011666666666666668, , 282.59151
5312206.exe, 0.049, , 0.0011666666666666668, , 283.029304
5312206.exe, 0.048, , 0.0011666666666666668, , 282.603476
5312206.exe, 0.04833333333333333, , 0.0011666666666666668, , 282.686335
5312206.exe, 0.0485, , 0.0011666666666666668, , 282.749636
5312206.exe, 0.048833333333333326, , 0.0011666666666666668, , 282.763057
