1519241.exe, 0.051666666666666666, , 0.0013333333333333333, , 328.102072
1519241.exe, 0.05283333333333333, , 0.0013333333333333333, , 304.843292
1519241.exe, 0.053000000000000005, , 0.0013333333333333333, , 304.09773
1519241.exe, 0.05316666666666667, , 0.0013333333333333333, , 304.381007
1519241.exe, 0.05316666666666667, , 0.0011666666666666668, , 304.102639
1519241.exe, 0.053, , 0.0013333333333333333, , 304.726979
1519241.exe, 0.053000000000000005, , 0.0013333333333333333, , 304.137585
1519241.exe, 0.05316666666666667, , 0.0013333333333333333, , 304.215201
1519241.exe, 0.053, , 0.0013333333333333333, , 304.378444
1519241.exe, 0.0525, , 0.0013333333333333333, , 304.097514
1520788.exe, 0.04466666666666667, , 0.001, , 266.897079
1520788.exe, 0.04466666666666667, , 0.001, , 266.803677
1520788.exe, 0.04483333333333334, , 0.001, , 267.200501
1520788.exe, 0.044333333333333336, , 0.001, , 267.254522
1520788.exe, 0.04466666666666667, , 0.001, , 266.823748
1520788.exe, 0.044166666666666674, , 0.001, , 266.864514
1520788.exe, 0.0445, , 0.0011666666666666668, , 267.008141
1520788.exe, 0.04466666666666667, , 0.001, , 266.82267
1520788.exe, 0.04483333333333334, , 0.001, , 266.908868
1520788.exe, 0.04516666666666667, , 0.0011666666666666668, , 267.10313
1606221.exe, 0.054000000000000006, , 0.0013333333333333333, , 303.267919
1606221.exe, 0.05366666666666667, , 0.0013333333333333333, , 303.474097
1606221.exe, 0.05333333333333334, , 0.0013333333333333333, , 303.223914
1606221.exe, 0.05333333333333334, , 0.0013333333333333333, , 303.417771
1606221.exe, 0.0535, , 0.0013333333333333333, , 303.370798
1606221.exe, 0.053166666666666675, , 0.0013333333333333333, , 303.33839
1606221.exe, 0.0535, , 0.0013333333333333333, , 303.831544
1606221.exe, 0.05333333333333334, , 0.0013333333333333333, , 303.2484
1606221.exe, 0.05333333333333334, , 0.0013333333333333333, , 303.333846
1606221.exe, 0.053166666666666675, , 0.0013333333333333333, , 303.38783
1648142.exe, 0.021666666666666667, , 0.0005, , 113.935949
1648142.exe, 0.021666666666666667, , 0.0005, , 116.286793
1648142.exe, 0.022333333333333334, , 0.0005, , 115.376636
1648142.exe, 0.022833333333333334, , 0.0005, , 124.728997
1648142.exe, 0.026000000000000002, , 0.0005, , 139.162931
1648142.exe, 0.023833333333333335, , 0.0005, , 127.135207
1648142.exe, 0.023333333333333334, , 0.0005, , 122.968262
1648142.exe, 0.02316666666666667, , 0.0005, , 120.854217
1648142.exe, 0.022833333333333334, , 0.0005, , 115.809088
1648142.exe, 0.021333333333333333, , 0.0005, , 116.133094
1691152.exe, 0.05449999999999999, , 0.0016666666666666668, , 339.089191
1691152.exe, 0.05483333333333333, , 0.0016666666666666668, , 339.033563
1691152.exe, 0.05433333333333333, , 0.0016666666666666668, , 338.914091
1691152.exe, 0.05466666666666666, , 0.0016666666666666668, , 339.298171
1691152.exe, 0.05416666666666667, , 0.0016666666666666668, , 339.045661
1691152.exe, 0.05416666666666667, , 0.0016666666666666668, , 339.013491
1691152.exe, 0.05433333333333333, , 0.0016666666666666668, , 339.123875
1691152.exe, 0.05449999999999999, , 0.0016666666666666668, , 338.839341
1691152.exe, 0.05433333333333333, , 0.0016666666666666668, , 339.089621
1691152.exe, 0.05433333333333333, , 0.0016666666666666668, , 339.259756
1710633.exe, 0.0175, , 0.0005, , 99.609768
1710633.exe, 0.017666666666666667, , 0.0005, , 99.885438
1710633.exe, 0.017333333333333333, , 0.0005, , 100.435398
1710633.exe, 0.017333333333333333, , 0.0005, , 99.508405
1710633.exe, 0.0175, , 0.0005, , 99.747816
1710633.exe, 0.0175, , 0.0005, , 100.025956
1710633.exe, 0.017333333333333333, , 0.0005, , 99.818596
1710633.exe, 0.017333333333333333, , 0.0005, , 99.761591
1710633.exe, 0.017333333333333333, , 0.0005, , 99.819959
1710633.exe, 0.017333333333333333, , 0.0005, , 99.458489
1831963.exe, 0.043333333333333335, , 0.001, , 260.626749
1831963.exe, 0.043500000000000004, , 0.001, , 260.848452
1831963.exe, 0.043166666666666666, , 0.001, , 260.747126
1831963.exe, 0.043000000000000003, , 0.001, , 260.597788
1831963.exe, 0.04283333333333334, , 0.001, , 260.736747
1831963.exe, 0.041666666666666664, , 0.0011666666666666668, , 277.442132
1831963.exe, 0.043000000000000003, , 0.001, , 260.37759
1831963.exe, 0.043000000000000003, , 0.001, , 260.874083
1831963.exe, 0.043166666666666666, , 0.001, , 260.375541
1831963.exe, 0.043000000000000003, , 0.001, , 261.317273
1939404.exe, 0.10233333333333335, , 0.003833333333333333, , 496.351361
1939404.exe, 0.10183333333333335, , 0.003833333333333333, , 495.277396
1939404.exe, 0.10216666666666667, , 0.003833333333333333, , 495.672043
1939404.exe, 0.10233333333333335, , 0.003833333333333333, , 495.693356
1939404.exe, 0.1035, , 0.003833333333333333, , 498.969127
1939404.exe, 0.10283333333333333, , 0.003833333333333333, , 495.890181
1939404.exe, 0.10266666666666667, , 0.003833333333333333, , 497.723342
1939404.exe, 0.1035, , 0.003833333333333333, , 496.648981
1939404.exe, 0.10366666666666667, , 0.003833333333333333, , 495.993371
1939404.exe, 0.10400000000000001, , 0.003833333333333333, , 497.808371
2050326.exe, 0.025333333333333333, , 0.0006666666666666666, , 143.699105
2050326.exe, 0.024166666666666666, , 0.0006666666666666666, , 148.003636
2050326.exe, 0.025, , 0.0006666666666666666, , 143.758161
2050326.exe, 0.025166666666666667, , 0.0006666666666666666, , 143.547169
2050326.exe, 0.025166666666666667, , 0.0006666666666666666, , 143.696343
2050326.exe, 0.0245, , 0.0006666666666666666, , 146.110117
2050326.exe, 0.025, , 0.0006666666666666666, , 143.581448
2050326.exe, 0.024833333333333332, , 0.0006666666666666666, , 143.655165
2050326.exe, 0.025666666666666667, , 0.0006666666666666666, , 143.695701
2050326.exe, 0.025500000000000002, , 0.0006666666666666666, , 143.715603
2084584.exe, 0.045500000000000006, , 0.001, , 265.450997
2084584.exe, 0.04516666666666667, , 0.001, , 265.270548
2084584.exe, 0.04516666666666667, , 0.001, , 265.854786
2084584.exe, 0.04483333333333334, , 0.001, , 265.123813
2084584.exe, 0.0455, , 0.0011666666666666668, , 265.594849
2084584.exe, 0.04516666666666667, , 0.001, , 265.35844
2084584.exe, 0.045000000000000005, , 0.001, , 265.395863
2084584.exe, 0.04566666666666667, , 0.001, , 265.407436
2084584.exe, 0.04516666666666667, , 0.001, , 265.64781
2084584.exe, 0.04516666666666667, , 0.001, , 265.730327
2167115.exe, 0.028166666666666666, , 0.0006666666666666666, , 161.294053
2167115.exe, 0.028000000000000004, , 0.0006666666666666666, , 160.994618
2167115.exe, 0.02816666666666667, , 0.0006666666666666666, , 161.366679
2167115.exe, 0.028000000000000004, , 0.0006666666666666666, , 160.712976
2167115.exe, 0.028000000000000004, , 0.0006666666666666666, , 161.076306
2167115.exe, 0.028166666666666666, , 0.0006666666666666666, , 161.058456
2167115.exe, 0.02766666666666667, , 0.0006666666666666666, , 162.883835
2167115.exe, 0.027833333333333335, , 0.0006666666666666666, , 161.716825
2167115.exe, 0.027833333333333335, , 0.0006666666666666666, , 162.066525
2167115.exe, 0.028000000000000004, , 0.0006666666666666666, , 161.833242
2173464.exe, 0.03866666666666666, , 0.001, , 218.815924
2173464.exe, 0.039, , 0.001, , 221.08843
2173464.exe, 0.03866666666666666, , 0.001, , 218.134174
2173464.exe, 0.03866666666666666, , 0.001, , 218.094613
2173464.exe, 0.03883333333333334, , 0.001, , 218.5567
2173464.exe, 0.03883333333333334, , 0.001, , 218.632634
2173464.exe, 0.03866666666666667, , 0.001, , 218.394139
2173464.exe, 0.03883333333333334, , 0.001, , 219.950569
2173464.exe, 0.03866666666666666, , 0.001, , 219.828647
2173464.exe, 0.039, , 0.001, , 219.35395
2266185.exe, 0.029833333333333333, , 0.0008333333333333334, , 168.138661
2266185.exe, 0.029833333333333333, , 0.0008333333333333334, , 168.197431
2266185.exe, 0.029666666666666668, , 0.0008333333333333334, , 167.513828
2266185.exe, 0.030166666666666668, , 0.0008333333333333334, , 167.497287
2266185.exe, 0.029833333333333333, , 0.0008333333333333334, , 167.50365
2266185.exe, 0.029666666666666668, , 0.0006666666666666666, , 167.686822
2266185.exe, 0.029833333333333333, , 0.0008333333333333334, , 167.439567
2266185.exe, 0.029333333333333333, , 0.0008333333333333334, , 169.012628
2266185.exe, 0.029833333333333333, , 0.0008333333333333334, , 167.555652
2266185.exe, 0.029833333333333333, , 0.0008333333333333334, , 167.32822
2278847.exe, 0.017333333333333333, , 0.0006666666666666666, , 96.413767
2278847.exe, 0.017, , 0.0006666666666666666, , 97.634124
2278847.exe, 0.016833333333333332, , 0.0006666666666666666, , 96.990568
2278847.exe, 0.017333333333333333, , 0.0006666666666666666, , 96.374201
2278847.exe, 0.017166666666666667, , 0.0006666666666666666, , 96.049527
2278847.exe, 0.017333333333333333, , 0.0006666666666666666, , 96.33156
2278847.exe, 0.017166666666666667, , 0.0006666666666666666, , 96.076347
2278847.exe, 0.017, , 0.0006666666666666666, , 96.241398
2278847.exe, 0.017, , 0.0006666666666666666, , 96.079466
2278847.exe, 0.017, , 0.0006666666666666666, , 96.935086
2436721.exe, 0.04466666666666667, , 0.001, , 260.563837
2436721.exe, 0.04483333333333334, , 0.001, , 259.746115
2436721.exe, 0.04483333333333334, , 0.001, , 259.877296
2436721.exe, 0.0445, , 0.001, , 259.872287
2436721.exe, 0.0445, , 0.001, , 259.684251
2436721.exe, 0.044333333333333336, , 0.001, , 259.881238
2436721.exe, 0.044166666666666674, , 0.001, , 260.63451
2436721.exe, 0.04466666666666667, , 0.001, , 260.165657
2436721.exe, 0.0445, , 0.001, , 260.908587
2436721.exe, 0.044000000000000004, , 0.001, , 259.701724
